strain	category	AtMSQTsnp 2	AtMSQTsnp 4	AtMSQTsnp 8	AtMSQTsnp 9	AtMSQTsnp 10	AtMSQTsnp 11	AtMSQTsnp 12	AtMSQTsnp 14	AtMSQTsnp 15	AtMSQTsnp 18	AtMSQTsnp 21	AtMSQTsnp 22	AtMSQTsnp 27	AtMSQTsnp 29	AtMSQTsnp 30	AtMSQTsnp 31	AtMSQTsnp 33	AtMSQTsnp 38	AtMSQTsnp 40	AtMSQTsnp 41	AtMSQTsnp 47	AtMSQTsnp 48	AtMSQTsnp 49	AtMSQTsnp 53	AtMSQTsnp 54	AtMSQTsnp 57	AtMSQTsnp 58	AtMSQTsnp 60	AtMSQTsnp 61	AtMSQTsnp 62	AtMSQTsnp 63	AtMSQTsnp 65	AtMSQTsnp 67	AtMSQTsnp 69	AtMSQTsnp 73	AtMSQTsnp 76	AtMSQTsnp 85	AtMSQTsnp 87	AtMSQTsnp 88	AtMSQTsnp 90	AtMSQTsnp 91	AtMSQTsnp 92	AtMSQTsnp 97	AtMSQTsnp 100	AtMSQTsnp 101	AtMSQTsnp 104	AtMSQTsnp 108	AtMSQTsnp 114	AtMSQTsnp 118	AtMSQTsnp 123	AtMSQTsnp 126	AtMSQTsnp 128	AtMSQTsnp 129	AtMSQTsnp 130	AtMSQTsnp 132	AtMSQTsnp 138	AtMSQTsnp 140	AtMSQTsnp 142	AtMSQTsnp 143	AtMSQTsnp 145	AtMSQTsnp 146	AtMSQTsnp 155	AtMSQTsnp 156	AtMSQTsnp 159	AtMSQTsnp 164	AtMSQTsnp 169	AtMSQTsnp 170	AtMSQTsnp 173	AtMSQTsnp 174	AtMSQTsnp 177	AtMSQTsnp 184	AtMSQTsnp 186	AtMSQTsnp 187	AtMSQTsnp 188	AtMSQTsnp 189	AtMSQTsnp 191	AtMSQTsnp 194	AtMSQTsnp 197	AtMSQTsnp 198	AtMSQTsnp 203	AtMSQTsnp 205	AtMSQTsnp 214	AtMSQTsnp 220	AtMSQTsnp 222	AtMSQTsnp 223	AtMSQTsnp 231	AtMSQTsnp 232	AtMSQTsnp 235	AtMSQTsnp 237	AtMSQTsnp 242	AtMSQTsnp 244	AtMSQTsnp 249	AtMSQTsnp 254	AtMSQTsnp 260	AtMSQTsnp 263	AtMSQTsnp 266	AtMSQTsnp 267	AtMSQTsnp 274	AtMSQTsnp 278	AtMSQTsnp 279	AtMSQTsnp 281	AtMSQTsnp 282	AtMSQTsnp 285	AtMSQTsnp 286	AtMSQTsnp 288	AtMSQTsnp 292	AtMSQTsnp 294	AtMSQTsnp 300	AtMSQTsnp 304	AtMSQTsnp 306	AtMSQTsnp 307	AtMSQTsnp 310	AtMSQTsnp 312	AtMSQTsnp 315	AtMSQTsnp 321	AtMSQTsnp 323	AtMSQTsnp 325	AtMSQTsnp 327	AtMSQTsnp 331	AtMSQTsnp 334	AtMSQTsnp 343	AtMSQTsnp 350	AtMSQTsnp 351	AtMSQTsnp 355	AtMSQTsnp 358	AtMSQTsnp 359	AtMSQTsnp 360	AtMSQTsnp 361	AtMSQTsnp 368	AtMSQTsnp 370	AtMSQTsnp 372	AtMSQTsnp 373	AtMSQTsnp 378	AtMSQTsnp 379	AtMSQTsnp 388	AtMSQTsnp 390	AtMSQTsnp 392	AtMSQTsnp 394	AtMSQTsnp 395	AtMSQTsnp 397	AtMSQTsnp 398	AtMSQTsnp 399	AtMSQTsnp 404	AtMSQTsnp 406	AtMSQTsnp 408	AtMSQTsnp 409	AtMSQTsnp 410	AtMSQTsnp 412	AtMSQTsnp 415
DuckLkSP1	DuckLkSP1	3	2	1	3	1	2	1	1	2	2	4	1	1	4	2	3	1	2	4	2	2	4	4	1	4	3	1	2	3	2	1	3	4	2	4	1	4	3	4	1	3	2	3	1	4	1	1	3	1	1	3	3	2	4	2	1	4	1	4	3	3	4	2	1	3	2	3	3	1	4	1	4	2	1	1	4	1	4	4	2	1	4	3	3	1	1	0	2	3	1	1	1	3	3	1	4	4	4	2	3	1	2	4	3	2	1	2	4	4	1	3	4	4	3	4	4	1	3	3	3	4	0	3	1	3	1	3	2	1	1	2	3	3	3	3	3	4	1	1	3	1	1
DuckLkSP2	DuckLkSP2	3	2	1	3	1	2	1	1	2	2	4	1	1	4	2	3	1	2	4	2	2	4	4	1	4	3	1	2	3	2	1	3	4	2	4	1	4	3	4	1	3	2	3	1	4	1	1	3	1	1	3	3	2	4	2	1	4	1	4	3	3	4	2	1	3	2	3	3	1	4	1	4	2	1	1	4	1	4	4	2	1	4	3	3	1	1	0	2	3	1	1	1	3	3	1	4	4	4	2	3	1	2	4	3	2	1	2	4	4	1	3	4	4	3	4	4	1	3	3	3	4	4	3	1	3	1	3	2	1	1	2	3	3	3	3	3	4	1	1	3	1	1
DuckLkSP3	DuckLkSP3	3	2	1	3	1	2	1	1	2	2	4	1	1	4	2	3	1	2	4	2	2	4	4	1	4	3	1	2	3	2	1	3	4	2	4	1	4	3	4	1	3	2	3	1	4	1	1	3	1	1	3	3	2	4	2	1	4	1	4	3	3	4	2	1	3	2	3	3	1	4	1	4	2	1	1	4	1	4	4	2	1	4	3	3	1	1	0	2	3	1	1	1	3	3	1	4	4	4	2	3	1	2	4	3	2	1	2	4	4	1	3	4	4	3	4	4	1	3	3	3	4	4	3	1	3	1	3	2	1	1	2	3	3	3	3	3	4	1	1	3	1	1
DuckLkSP6	DuckLkSP6	3	2	1	3	1	2	1	1	2	2	4	1	1	4	2	3	1	2	4	2	2	4	4	1	4	3	1	2	3	2	1	3	4	2	4	1	4	3	4	1	3	2	3	1	4	1	1	3	1	1	3	3	2	4	2	1	4	1	4	3	3	4	2	1	3	2	3	3	1	4	1	4	2	1	1	4	1	4	4	2	1	4	3	3	1	1	0	2	3	1	1	1	3	3	1	4	4	4	2	3	1	2	4	3	2	1	2	4	4	1	3	4	4	3	4	4	1	3	3	3	4	0	3	1	3	1	3	2	1	1	2	3	3	3	3	3	4	1	1	3	1	1
DuckLkSP7	DuckLkSP7	3	2	1	3	1	2	1	1	2	2	4	1	1	4	2	3	1	2	4	2	2	4	4	1	4	3	1	2	3	2	1	3	4	2	4	1	4	3	4	1	3	2	3	1	4	1	1	3	1	1	3	3	2	4	2	1	4	1	4	3	3	4	2	1	3	2	3	3	1	4	1	4	2	1	1	4	1	4	4	2	1	4	3	3	1	1	0	2	3	1	1	1	3	3	1	4	4	4	2	3	1	2	4	3	2	1	2	4	4	1	3	4	4	3	4	4	1	3	3	3	4	0	3	1	3	1	3	2	1	1	2	3	3	3	3	3	4	1	1	3	1	1
DuckLkSP9	DuckLkSP9	3	2	1	3	1	2	1	1	2	2	4	1	1	4	2	3	1	2	4	2	2	4	4	1	4	3	1	2	3	2	1	3	4	2	4	1	4	3	4	1	3	2	3	1	4	1	1	3	1	1	3	3	2	4	2	1	4	1	4	3	3	4	2	1	3	2	3	3	1	4	1	4	2	1	1	4	1	4	4	2	1	4	3	3	1	1	0	2	3	1	1	1	3	3	1	4	4	4	2	3	1	2	4	3	2	1	2	4	4	1	3	4	4	3	4	4	1	3	3	3	4	0	3	1	3	1	3	2	1	1	2	3	3	3	3	3	4	1	1	3	1	1
DuckLkSP12	DuckLkSP12	3	2	1	3	1	2	1	1	2	2	4	1	1	4	2	3	1	2	4	2	2	4	4	1	4	3	1	2	3	2	1	3	4	2	4	1	4	3	4	1	3	2	3	1	4	1	1	3	1	1	3	3	2	4	2	1	4	1	4	3	3	4	2	1	3	2	3	3	1	4	1	4	2	1	1	4	1	4	4	2	1	4	3	3	1	1	0	2	3	1	1	1	3	3	1	4	4	4	2	3	1	2	4	3	2	1	2	4	4	1	3	4	4	3	4	4	1	3	3	3	4	0	3	1	3	1	3	2	1	1	2	3	3	3	3	3	4	1	1	3	1	1
DuckLkSP14	DuckLkSP14	3	2	1	3	1	2	1	1	2	2	4	1	1	4	2	3	1	2	4	2	2	4	4	1	4	3	1	2	3	2	1	3	4	2	4	1	4	3	4	1	3	2	3	1	4	1	1	3	1	1	3	3	2	4	2	1	4	1	4	3	3	4	2	1	3	2	3	3	1	4	1	4	2	1	1	4	1	4	4	2	1	4	3	3	1	1	0	2	3	1	1	1	3	3	1	4	4	4	2	3	1	2	4	3	2	1	2	4	4	1	3	4	4	3	4	4	1	3	3	3	4	0	3	1	3	1	3	2	1	1	2	3	3	3	3	3	4	1	1	3	1	1
DuckLkSP15	DuckLkSP15	3	2	1	3	1	2	1	1	2	2	4	1	1	4	2	3	1	2	4	2	2	4	4	1	4	3	1	2	3	2	1	3	4	2	4	1	4	3	4	1	3	2	3	1	4	1	1	3	1	1	3	3	2	4	2	1	4	1	4	3	3	4	2	1	3	2	3	3	1	4	1	4	2	1	1	4	1	4	4	2	1	4	3	3	1	1	0	2	3	1	1	1	3	3	1	4	4	4	2	3	1	2	4	3	2	1	2	4	4	1	3	4	4	3	4	4	1	3	3	3	4	4	3	1	3	1	3	2	1	1	2	3	3	3	3	3	4	1	1	3	1	1
DuckLkSP18	DuckLkSP18	3	2	1	3	1	2	1	1	2	2	4	1	1	4	2	3	1	2	4	2	2	4	4	1	4	3	1	2	3	2	1	3	4	2	4	1	4	3	4	1	3	2	3	1	4	1	1	3	1	1	3	3	2	4	2	1	4	1	4	3	3	4	2	1	3	2	3	3	1	4	1	4	2	1	1	4	1	4	4	2	1	4	3	3	1	1	0	2	3	1	1	1	3	3	1	4	4	4	2	3	1	2	4	3	2	1	2	4	4	1	3	4	4	3	4	4	1	3	3	3	4	4	3	1	3	1	3	2	1	1	2	3	3	3	3	3	4	1	1	3	1	1
DuckLkSP19	DuckLkSP19	3	2	1	3	1	2	1	1	2	2	4	1	1	4	2	3	1	2	4	2	2	4	4	1	4	3	1	2	3	2	1	3	4	2	4	1	4	3	4	1	3	2	3	1	4	1	1	3	1	1	3	3	2	4	2	1	4	1	4	3	3	4	2	1	3	2	3	3	1	4	1	4	2	1	1	4	1	4	4	2	1	4	3	3	1	1	0	2	3	1	1	1	3	3	1	4	4	4	2	3	1	2	4	3	2	1	2	4	4	1	3	4	4	3	4	4	1	3	3	3	4	4	3	1	3	1	3	2	1	1	2	3	3	3	3	3	4	1	1	3	1	1
DuckLkSP22	DuckLkSP22	3	2	1	3	1	2	1	1	2	2	4	1	1	4	2	3	1	2	4	2	2	4	4	1	4	3	1	2	3	2	1	3	4	2	4	1	4	3	4	1	3	2	3	1	4	1	1	3	1	1	3	0	2	4	2	1	4	1	4	3	3	4	2	1	3	2	3	3	1	4	1	4	2	1	1	4	1	4	4	2	1	4	3	3	1	1	0	2	3	1	1	1	3	3	1	4	4	4	2	3	1	2	0	3	2	1	2	4	4	1	3	4	4	3	4	4	1	3	3	3	4	0	3	1	3	1	3	2	1	1	2	3	3	3	3	3	4	1	1	3	1	1
DuckLkSP23	DuckLkSP23	3	2	1	3	1	2	1	1	2	2	4	1	1	4	2	3	1	2	4	2	2	4	4	1	4	3	1	2	3	2	1	3	4	2	4	1	4	3	4	1	3	2	3	1	4	1	1	3	1	1	3	3	2	4	2	1	4	1	4	3	3	4	2	1	3	2	3	3	1	4	1	4	2	1	1	4	1	4	4	2	1	4	3	3	1	1	0	2	3	1	1	1	3	3	1	4	4	4	2	3	1	2	4	3	2	1	2	4	4	1	3	4	4	3	4	4	1	3	3	3	4	4	3	1	3	1	3	2	1	1	2	3	3	3	3	3	4	1	1	3	1	1
DuckLkSP24	DuckLkSP24	3	2	1	3	1	2	1	1	2	2	4	1	1	4	2	3	1	2	4	2	2	4	4	1	4	3	1	2	3	2	1	3	4	2	4	1	4	3	4	1	3	2	3	1	4	1	1	3	1	1	3	3	2	4	2	1	4	1	4	3	3	4	2	1	3	0	3	3	1	4	1	4	2	1	1	4	1	4	4	2	1	4	3	3	1	1	0	2	3	1	1	1	3	3	1	4	4	4	2	3	1	2	4	3	2	1	2	4	4	1	3	4	4	3	4	4	1	3	3	3	4	0	3	1	3	1	3	2	1	1	2	3	3	3	3	3	4	1	1	3	1	1
DuckLkSP25	DuckLkSP25	3	2	1	3	1	2	1	1	2	2	4	1	1	4	2	3	1	2	4	2	2	4	4	1	4	3	1	2	3	2	1	3	4	2	4	1	4	3	4	1	3	2	3	1	4	1	1	3	1	1	3	3	2	4	2	1	4	1	4	3	3	4	2	1	3	2	3	3	1	4	1	4	2	1	1	4	1	4	4	2	1	4	3	3	1	1	0	2	3	1	1	1	3	3	1	4	4	4	2	3	1	2	4	3	2	1	2	4	4	1	3	4	4	3	4	4	1	3	3	3	4	4	3	1	3	1	3	2	1	1	2	3	3	3	3	3	4	1	1	3	1	1
DuckLkSP27	DuckLkSP27	3	2	1	3	1	2	1	1	2	2	4	1	1	4	2	3	1	2	4	2	2	4	4	1	4	3	1	2	3	2	1	3	4	2	4	1	4	3	4	1	3	2	3	1	4	1	1	3	1	1	3	3	2	4	2	1	4	1	4	3	3	4	2	1	3	2	3	3	1	4	1	4	2	1	1	4	1	4	4	2	1	4	3	3	1	1	0	2	3	1	1	1	3	3	1	4	4	4	2	3	1	2	4	3	2	1	2	4	4	1	3	4	4	3	4	4	1	3	3	3	4	4	3	1	3	1	3	2	1	1	2	3	3	3	3	3	4	1	1	3	1	1
DuckLkSP28	DuckLkSP28	3	2	1	3	1	2	1	1	2	2	4	1	1	4	2	3	1	2	4	2	2	4	4	1	4	3	1	2	3	2	1	3	4	2	4	1	4	3	4	1	3	2	3	1	4	1	1	3	1	1	3	3	2	4	2	1	4	1	4	3	3	4	2	1	3	2	3	3	1	4	1	4	2	1	1	4	1	4	4	2	1	4	3	3	1	1	0	2	3	1	1	1	3	3	1	4	4	4	2	3	1	2	4	3	2	1	2	4	4	1	3	4	4	3	4	4	1	3	3	3	4	4	3	1	3	1	3	2	1	1	2	3	3	3	3	3	4	1	1	3	1	1
DuckLkSP30	DuckLkSP30	3	2	1	3	1	2	1	1	2	2	4	1	1	4	2	3	1	2	4	2	2	4	4	1	4	3	1	2	3	2	1	3	4	2	4	1	4	3	4	1	3	2	3	1	4	1	1	3	1	1	3	3	2	4	2	1	4	1	4	3	3	4	2	1	3	2	3	3	1	4	1	4	2	1	1	4	1	4	4	2	1	4	3	3	1	1	4	2	3	1	1	1	3	3	1	4	4	4	2	3	1	2	4	3	2	1	2	4	4	1	3	4	4	3	4	4	1	3	3	3	4	4	3	1	3	1	3	2	1	1	2	3	3	3	3	3	4	1	1	3	1	1
DuckLkSP32	DuckLkSP32	3	2	1	3	1	2	1	1	2	2	4	1	1	4	2	3	1	2	4	2	2	4	4	1	4	3	1	2	3	2	1	3	4	2	4	1	4	3	4	1	3	2	3	1	4	1	1	3	1	1	3	3	2	4	2	1	4	1	4	3	3	4	2	1	3	2	3	3	1	4	1	4	2	1	1	4	1	4	4	2	1	4	3	3	1	1	0	2	3	1	1	1	3	3	1	4	4	4	2	3	1	2	4	3	2	1	2	4	4	1	3	4	4	3	4	4	1	3	3	3	4	4	3	1	3	1	3	2	1	1	2	3	3	3	3	3	4	1	1	3	1	1
DuckLkSP37	DuckLkSP37	3	2	1	3	1	2	1	1	2	2	4	1	1	4	2	3	1	2	4	2	2	4	4	1	4	3	1	2	3	2	1	3	4	2	4	1	4	3	4	1	3	2	3	1	4	1	1	3	1	1	3	3	2	4	2	1	4	1	4	3	3	4	2	1	3	2	3	3	1	4	1	4	2	1	1	4	1	4	4	2	1	4	3	3	1	1	0	2	3	1	1	1	3	3	1	4	4	4	2	3	1	2	4	3	2	1	2	4	4	1	3	4	4	3	4	4	1	3	3	3	4	0	3	1	3	1	3	2	1	1	2	3	3	3	3	3	4	1	1	3	1	1
DuckLkSP38	DuckLkSP38	3	2	1	3	1	2	1	1	2	2	4	1	1	4	2	3	1	2	4	2	2	4	4	1	4	3	1	2	3	2	1	3	4	2	4	1	4	3	4	1	3	2	3	1	4	1	1	3	1	1	3	3	2	4	2	1	4	1	4	3	3	4	2	1	3	2	3	3	1	4	1	4	2	1	1	4	1	4	4	2	1	4	3	3	1	1	0	2	3	1	1	1	3	3	1	4	4	4	2	3	1	2	4	3	2	1	2	4	4	1	3	4	4	3	4	4	1	3	3	3	4	4	3	1	3	1	3	2	1	1	2	3	3	3	3	3	4	1	1	3	1	1
DuckLkSP40	DuckLkSP40	3	2	1	3	1	2	1	1	2	2	4	1	1	4	2	3	1	2	4	2	2	4	4	1	4	3	1	2	3	2	1	3	4	2	4	1	4	3	4	1	3	2	3	1	4	1	1	3	1	1	3	3	2	4	2	1	4	1	4	3	3	4	2	1	3	2	3	3	1	4	1	4	2	1	1	4	1	4	4	2	1	4	3	3	1	1	0	2	3	1	1	1	3	3	1	4	4	4	2	3	1	2	4	3	2	1	2	4	4	1	3	4	4	3	4	4	1	3	3	3	4	4	3	1	3	1	3	2	1	1	2	3	3	3	3	3	4	1	1	3	1	1
DuckLkSP41	DuckLkSP41	3	2	1	3	1	2	1	1	2	2	4	1	1	4	2	3	1	2	4	2	2	4	4	1	4	3	1	2	3	2	1	3	4	2	4	1	4	3	4	1	3	2	3	1	4	1	1	3	1	1	3	3	2	4	2	1	4	1	4	3	3	4	2	1	3	2	3	3	1	4	1	4	2	1	1	4	1	4	4	2	1	4	3	3	1	1	0	2	3	1	1	1	3	3	1	4	4	4	2	3	1	2	4	3	2	1	2	4	4	1	3	4	4	3	4	4	1	3	3	3	4	0	3	1	3	1	3	2	1	1	2	3	3	3	3	3	4	1	1	3	1	1
DuckLkSP42	DuckLkSP42	3	2	1	3	1	2	1	1	2	2	4	1	1	4	2	3	1	2	4	2	2	4	4	1	4	3	1	2	3	2	1	3	4	2	4	1	4	3	4	1	3	2	3	1	4	1	1	3	1	1	3	3	2	4	2	1	4	1	4	3	3	4	2	1	3	2	3	3	1	4	1	4	2	1	1	4	1	4	4	2	1	4	3	3	1	1	0	2	3	1	1	1	3	3	1	4	4	4	2	3	1	2	4	3	2	1	2	4	4	1	3	4	4	3	4	4	1	3	3	3	4	4	3	0	3	1	3	2	1	1	2	3	3	3	3	3	4	1	1	3	1	1
DuckLkSP43	DuckLkSP43	3	2	1	3	1	2	1	1	2	2	4	1	1	4	2	3	1	2	4	2	2	4	4	1	4	3	1	2	3	2	1	3	4	2	4	1	4	3	4	1	3	2	3	1	4	1	1	3	1	1	3	3	2	4	2	1	4	1	4	3	3	4	2	1	3	2	3	3	1	4	1	4	2	1	1	4	1	4	4	2	1	4	3	3	1	1	0	2	3	1	1	1	3	3	1	4	4	4	2	3	1	2	4	3	2	1	2	4	4	1	3	4	4	3	4	4	1	3	3	3	4	4	3	1	3	1	3	2	1	1	2	3	3	3	3	3	4	1	1	3	1	1
DuckLkSP46	DuckLkSP46	3	2	1	3	1	2	1	1	2	2	4	1	1	4	2	3	1	2	4	2	2	4	4	1	4	3	1	2	3	2	1	3	4	2	4	1	4	3	4	1	3	2	3	1	4	1	1	3	1	1	3	3	2	4	2	1	4	1	4	3	3	4	2	1	3	2	3	3	1	4	1	4	2	1	1	4	1	4	4	2	1	4	3	3	1	1	0	2	3	1	1	1	3	3	1	4	4	4	2	3	1	2	4	3	2	1	2	4	4	1	3	4	4	3	4	4	1	3	3	3	4	4	3	1	3	1	3	2	1	1	2	3	3	3	3	3	4	1	1	3	1	1
DuckLkSP48	DuckLkSP48	3	2	1	3	1	2	1	1	2	2	4	1	1	4	2	3	1	2	4	2	2	4	4	1	4	3	1	2	3	2	1	3	4	2	4	1	4	3	4	1	3	2	3	1	4	1	1	3	1	1	3	3	2	4	2	1	4	1	4	3	3	4	2	1	3	2	3	3	1	4	1	4	2	1	1	4	1	4	4	2	1	4	3	3	1	1	0	2	3	1	1	1	3	3	1	4	4	4	2	3	1	2	4	3	2	1	2	4	4	1	3	4	4	3	4	4	1	3	3	3	4	4	3	1	3	1	3	2	1	1	2	3	3	3	3	3	4	1	1	3	1	1
DuckLkSP49	DuckLkSP49	3	2	1	3	1	2	1	1	2	2	4	1	1	4	2	3	1	2	4	2	2	4	4	1	4	3	1	2	3	2	1	3	4	2	4	1	4	3	4	1	3	2	3	1	4	1	1	3	1	1	3	3	2	4	2	1	4	1	4	3	3	4	2	1	3	2	3	3	1	4	1	4	2	1	1	4	1	4	4	2	1	4	3	3	1	1	0	2	3	1	1	1	3	3	1	4	4	4	2	3	1	2	4	3	2	1	2	4	4	1	3	4	4	3	4	4	1	3	3	3	4	4	3	1	3	1	3	2	1	1	2	3	3	3	3	3	4	1	1	3	1	1
DuckLkSP51	DuckLkSP51	3	2	1	3	1	2	1	1	2	2	4	1	1	4	2	3	1	2	4	2	2	4	4	1	4	3	1	2	3	2	1	3	4	2	4	1	4	3	4	1	3	2	3	1	4	1	1	3	1	1	3	3	2	4	2	1	4	1	4	3	3	4	2	1	3	2	3	3	1	4	1	4	2	1	1	4	1	4	4	2	1	4	3	3	1	1	0	2	3	1	1	1	3	3	1	4	4	4	2	3	1	2	4	3	2	1	2	4	4	1	3	4	4	3	4	4	1	3	3	3	4	0	3	1	3	1	3	2	1	1	2	3	3	3	3	3	4	1	1	3	1	1
DuckLkSP52	DuckLkSP52	3	2	1	3	1	2	1	1	2	2	4	1	1	4	2	3	1	2	4	2	2	4	4	1	4	3	1	2	3	2	1	3	4	2	4	1	4	3	4	1	3	2	3	1	4	1	1	3	1	1	3	3	2	4	2	1	4	1	4	3	3	4	2	1	3	2	0	3	1	4	1	4	2	1	1	4	1	4	4	2	1	4	3	3	1	1	0	2	3	1	1	1	3	3	1	4	4	4	2	3	1	2	0	3	2	1	2	4	4	1	3	4	4	3	4	4	1	3	3	3	4	0	3	1	3	1	3	2	1	1	2	3	3	3	3	3	4	1	1	3	1	1
DuckLkSP53	DuckLkSP53	3	2	1	3	1	2	1	1	2	2	4	1	1	4	2	3	1	2	4	2	2	4	4	1	4	3	1	2	3	2	1	3	4	2	4	1	4	3	4	1	3	2	3	1	4	1	1	3	1	1	3	3	2	4	2	1	4	1	4	3	3	4	2	1	3	2	3	3	1	4	1	4	2	1	1	4	1	4	4	2	1	4	3	3	1	1	0	2	3	1	1	1	3	3	1	4	4	4	2	3	1	2	4	3	2	1	2	4	4	1	3	4	4	3	4	4	1	3	3	3	4	0	3	1	3	1	3	2	1	1	2	3	3	3	3	3	4	1	1	3	1	1
DuckLkSP54	DuckLkSP54	3	2	1	3	1	2	1	1	2	2	4	1	1	4	2	3	1	2	4	2	2	4	4	1	4	3	1	2	3	2	1	3	4	2	4	1	4	3	4	1	3	2	3	1	4	1	1	3	1	1	3	3	2	4	2	1	4	1	4	3	3	4	2	1	3	2	3	3	1	4	1	4	2	1	1	4	1	4	4	2	1	4	3	3	1	1	0	2	3	1	1	1	3	3	1	4	4	4	2	3	1	2	4	3	2	1	2	4	4	1	3	4	4	3	4	4	1	3	3	3	4	4	3	1	3	1	3	2	1	1	2	3	3	3	3	3	4	1	1	3	1	1
DuckLkSP55	DuckLkSP55	3	2	1	3	1	2	1	1	2	2	4	1	1	4	2	3	1	2	4	2	2	4	4	1	4	3	1	2	3	2	1	3	4	2	4	1	4	3	4	1	3	2	3	1	4	1	1	3	1	1	3	3	2	4	2	1	4	1	4	3	3	4	2	1	3	2	3	3	1	4	1	4	2	1	1	4	1	4	4	2	1	4	3	3	1	1	0	2	3	1	1	1	3	3	1	4	4	4	2	3	1	2	0	3	2	1	2	4	4	1	3	4	4	3	4	4	1	3	3	3	4	0	3	1	3	1	3	2	1	1	2	3	3	3	3	3	4	1	1	3	1	1
DuckLkSP56	DuckLkSP56	3	2	1	3	1	2	1	1	2	2	4	1	1	4	2	3	1	2	4	2	2	4	4	1	4	3	1	2	3	2	1	3	4	2	4	1	4	3	4	1	3	2	3	1	4	1	1	3	1	1	3	3	2	4	2	1	4	1	4	3	3	4	2	1	3	2	3	3	1	4	1	4	2	1	1	4	1	4	4	2	1	4	3	3	1	1	0	2	3	1	1	1	3	3	1	4	4	4	2	3	1	2	4	3	2	1	2	4	4	1	3	4	4	3	4	4	1	3	3	3	4	4	3	1	3	1	3	2	1	1	2	3	3	3	3	3	4	1	1	3	1	1
DuckLkSP57	DuckLkSP57	3	2	1	3	1	2	1	1	2	2	4	1	1	4	2	3	1	2	4	2	2	4	4	1	4	3	1	2	3	2	1	3	4	2	4	1	4	3	4	1	3	2	3	1	4	1	1	3	1	1	3	3	2	4	2	1	4	1	4	3	3	4	2	1	3	2	3	3	1	4	1	4	2	1	1	4	1	4	4	2	1	4	3	3	1	1	0	2	3	1	1	1	3	3	1	4	4	4	2	3	1	2	4	3	2	1	2	4	4	1	3	4	4	3	4	4	1	3	3	3	4	0	3	1	3	1	3	2	1	1	2	3	3	3	3	3	4	1	1	3	1	1
DuckLkSP59	DuckLkSP59	3	2	1	3	1	2	1	1	2	2	4	1	1	4	2	3	1	2	4	2	2	4	4	1	4	3	1	2	3	2	1	3	4	2	4	1	4	3	4	1	3	2	3	1	4	1	1	3	1	1	3	3	2	4	2	1	4	1	4	3	3	4	2	1	3	2	3	3	1	4	1	4	2	1	1	4	1	4	4	2	1	4	3	3	1	1	0	2	3	1	1	1	3	3	1	4	4	4	2	3	1	2	4	3	2	1	2	4	4	1	3	4	4	3	4	4	1	3	3	3	4	4	3	1	3	1	3	2	1	1	2	3	3	3	3	3	4	1	1	3	1	1
DuckLkSP60	DuckLkSP60	3	2	1	3	1	2	1	1	2	2	4	1	1	4	2	3	1	2	4	2	2	4	4	1	4	3	1	2	3	2	1	3	4	2	4	1	4	3	4	1	3	2	3	1	4	1	1	3	1	1	3	3	2	4	2	1	4	1	4	3	3	4	2	1	3	2	3	3	1	4	1	4	2	1	1	4	1	4	4	2	1	4	3	3	1	1	0	2	3	1	1	1	3	3	1	4	4	4	2	3	1	2	4	3	2	1	2	4	4	1	3	4	4	3	4	4	1	3	3	3	4	0	3	1	3	1	3	2	1	1	2	3	3	3	3	3	4	1	1	3	1	1
DuckLkSP61	DuckLkSP61	3	2	1	3	1	2	1	1	2	2	4	1	1	4	2	3	1	2	4	2	2	4	4	1	4	3	1	2	3	2	1	3	4	2	4	1	4	3	4	1	3	2	3	1	4	1	1	3	1	1	3	3	2	4	2	1	4	1	4	3	3	4	2	1	3	2	3	3	1	4	1	4	2	1	1	4	1	4	4	2	1	4	3	3	1	1	0	2	3	1	1	1	3	3	1	4	4	4	2	3	1	2	4	3	2	1	2	4	4	1	3	4	4	3	4	4	1	3	3	3	4	4	3	1	3	1	3	2	1	1	2	3	3	3	3	3	4	1	1	3	1	1
DuckLkSP63	DuckLkSP63	3	2	1	3	1	2	1	1	2	2	4	1	1	4	2	3	1	2	4	2	2	4	4	1	4	3	1	2	3	2	1	3	4	2	4	1	4	3	4	1	3	2	3	1	4	1	1	3	1	1	3	3	2	4	2	1	4	1	4	3	3	4	2	1	3	2	3	3	1	4	1	4	2	1	1	4	1	4	4	2	1	4	3	3	1	1	0	2	3	1	1	1	3	3	1	4	4	4	2	3	1	2	4	3	2	1	2	4	4	1	3	4	4	3	4	4	1	3	3	3	4	4	3	1	3	1	3	2	1	1	2	3	3	3	3	3	4	1	1	3	1	1
DuckLkSP64	DuckLkSP64	3	2	1	3	1	2	1	1	2	2	4	1	1	4	2	3	1	2	4	2	2	4	4	1	4	3	1	2	3	2	1	3	4	2	4	1	4	3	4	1	3	2	3	1	4	1	1	3	1	1	3	3	2	4	2	1	4	1	4	3	3	4	2	1	3	2	3	3	1	4	1	4	2	1	1	4	1	4	4	2	1	4	3	3	1	1	0	2	3	1	1	1	3	3	1	4	4	4	2	3	1	2	4	3	2	1	2	4	4	1	3	4	4	3	4	4	1	3	3	3	4	4	3	1	3	1	3	2	1	1	2	3	3	3	3	3	4	1	1	3	1	1
DuckLkSP67	DuckLkSP67	3	2	1	3	1	2	1	1	2	2	4	1	1	4	2	3	1	2	4	2	2	4	4	1	4	3	1	2	3	2	1	3	4	2	4	1	4	3	4	1	3	2	3	1	4	1	1	3	1	1	3	3	2	4	2	1	4	1	4	3	3	4	2	1	3	2	3	3	1	4	1	4	2	1	1	4	1	4	4	2	1	4	3	3	1	1	0	2	3	1	1	1	3	3	1	4	4	4	2	3	1	2	4	3	2	1	2	4	4	1	3	4	4	3	4	4	1	3	3	3	4	4	3	1	3	1	3	2	1	1	2	3	3	3	3	3	4	1	1	3	1	1
DuckLkSP69	DuckLkSP69	3	2	1	3	1	2	1	1	2	2	4	1	1	4	2	3	1	2	4	2	2	4	4	1	4	3	1	2	3	2	1	3	4	2	4	1	4	3	4	1	3	2	3	1	4	1	1	3	1	1	3	3	2	4	2	1	4	1	4	3	3	4	2	1	3	2	3	3	1	4	1	4	2	1	1	4	1	4	4	2	1	4	3	3	1	1	0	2	3	1	1	1	3	3	1	4	4	4	2	3	1	2	4	3	2	1	2	4	4	1	3	4	4	3	4	4	1	3	3	3	4	4	3	1	3	1	3	2	1	1	2	3	3	3	3	3	4	1	1	3	1	1
DuckLkSP71	DuckLkSP71	3	2	1	3	1	2	1	1	2	2	4	1	1	4	2	3	1	2	4	2	2	4	4	1	4	3	1	2	3	2	1	3	4	2	4	1	4	3	4	1	3	2	3	1	4	1	1	3	1	1	3	3	2	4	2	1	4	1	4	3	3	4	2	1	3	2	3	3	1	4	1	4	2	1	1	4	1	4	4	2	1	4	3	3	1	1	0	2	3	1	1	1	3	3	1	4	4	4	2	3	1	2	4	3	2	1	2	4	4	1	3	4	4	3	4	4	1	3	3	3	4	4	3	1	3	1	3	2	1	1	2	3	3	3	3	3	4	1	1	3	1	1
DuckLkSP73	DuckLkSP73	3	2	1	3	1	2	1	1	2	2	4	1	1	4	2	3	1	2	4	2	2	4	4	1	4	3	1	2	3	2	1	3	4	2	4	1	4	3	4	1	3	2	3	1	4	1	1	3	1	1	3	3	2	4	2	1	4	1	4	3	3	4	2	1	3	2	3	3	1	4	1	4	2	1	1	4	1	4	4	2	1	4	3	3	1	1	0	2	3	1	1	1	3	3	1	4	4	4	2	3	1	2	4	3	2	1	2	4	4	1	3	4	4	3	4	4	1	3	3	3	4	4	3	1	3	1	3	2	1	1	2	3	3	3	3	3	4	1	1	3	1	1
MuskSP-1	MuskSP-1	0	2	1	3	1	2	1	1	2	2	4	1	1	4	2	3	1	2	4	2	2	4	4	1	4	3	1	2	3	2	1	3	4	2	4	1	4	3	4	1	3	2	3	1	4	1	1	3	1	1	3	3	2	4	2	1	4	1	4	3	3	4	2	1	3	2	3	3	1	4	1	4	2	1	1	4	1	4	4	2	1	4	3	3	1	1	4	2	3	1	1	1	3	3	1	4	4	4	2	3	0	2	4	3	2	1	2	4	4	1	3	4	4	3	4	4	1	3	3	3	4	4	3	1	3	1	3	2	1	1	2	3	3	3	3	3	4	1	1	3	1	1
MuskSP-3	MuskSP-3	0	2	1	3	1	2	1	1	2	2	4	1	1	4	2	3	1	2	4	2	2	4	4	1	4	3	1	2	3	2	1	3	4	2	4	1	4	3	4	1	3	2	3	1	4	1	1	3	1	1	3	3	2	4	2	1	4	1	4	3	3	4	2	1	3	2	3	3	1	4	1	4	2	1	1	4	1	4	4	2	1	4	3	3	1	1	4	2	3	1	1	1	3	3	1	4	4	4	2	3	1	2	4	3	2	1	2	4	4	1	3	4	4	3	4	4	1	3	3	3	4	4	3	1	3	1	3	2	1	1	2	3	3	3	3	3	4	1	1	3	1	1
MuskSP-4	MuskSP-4	3	2	1	3	1	2	1	1	2	2	4	1	1	4	2	3	1	2	4	2	2	4	4	1	4	3	1	2	3	2	1	3	4	2	4	1	4	3	4	1	3	2	3	1	4	1	1	3	1	1	3	3	2	4	2	1	4	1	4	3	3	4	2	1	3	2	3	3	1	4	1	4	2	1	1	4	1	4	4	2	1	4	3	3	1	1	4	2	3	1	1	1	3	3	1	4	4	4	2	3	1	2	4	3	2	1	2	4	4	1	3	4	4	3	4	4	1	3	3	3	4	4	3	1	3	1	3	2	1	1	2	3	3	3	3	3	4	1	1	3	1	1
MuskSP-7	MuskSP-7	0	2	1	3	1	2	1	1	2	2	4	1	1	4	2	3	1	2	4	2	2	4	4	1	4	3	1	2	3	2	1	3	4	2	4	1	4	3	4	1	3	2	3	1	4	1	1	3	1	1	3	3	2	4	2	1	4	1	4	3	3	4	2	1	3	0	3	3	1	4	1	4	2	1	1	4	1	4	4	2	1	4	3	3	1	1	4	2	3	1	1	1	3	3	1	4	4	4	2	3	0	2	4	3	2	1	2	4	4	1	3	4	4	3	4	4	1	3	3	3	4	4	3	1	3	1	3	2	1	1	2	3	3	3	3	3	4	1	1	3	1	1
MuskSP-8	MuskSP-8	3	2	1	3	1	2	1	1	2	2	4	1	1	4	2	3	1	2	4	2	2	4	4	1	4	3	1	2	3	2	1	3	4	2	4	1	4	3	4	1	3	2	3	1	4	1	1	3	1	1	3	3	2	4	2	1	4	1	4	3	3	4	2	1	3	0	3	3	1	4	1	4	2	1	1	4	1	4	4	2	1	4	3	3	0	1	4	2	3	1	1	1	3	3	1	4	4	4	2	3	1	2	4	3	2	1	2	4	4	1	3	4	4	3	4	4	1	3	3	3	4	4	3	1	3	1	3	2	1	1	2	3	3	3	3	3	4	1	1	3	1	1
MuskSP-9	MuskSP-9	3	2	1	3	1	2	1	1	2	2	4	1	1	4	2	3	1	2	4	2	2	4	4	1	4	3	1	2	3	2	1	3	4	2	4	1	4	3	4	1	3	2	3	1	4	1	1	3	1	1	3	3	2	4	2	1	4	1	4	3	3	4	2	1	3	2	3	3	1	4	1	4	2	1	1	4	1	4	4	2	1	4	3	3	1	1	4	2	3	1	1	1	3	3	1	4	4	4	2	3	1	2	4	3	0	1	2	4	4	1	3	4	4	3	4	4	1	3	3	3	4	4	3	1	3	1	3	2	1	1	2	3	3	3	3	3	4	1	1	3	1	1
MuskSP-10	MuskSP-10	3	2	1	3	1	2	1	1	2	2	4	1	1	4	2	3	1	2	4	2	2	4	4	1	4	3	1	2	3	2	1	3	4	2	4	1	4	3	4	1	3	2	3	1	4	1	1	3	1	1	3	3	2	4	2	1	4	1	4	3	3	4	2	1	3	2	3	3	1	4	1	4	2	1	1	4	1	4	4	2	1	4	3	3	1	1	4	2	3	1	1	1	3	3	1	4	4	4	2	3	1	2	4	3	2	1	2	4	4	1	3	4	4	3	4	4	1	3	3	3	4	4	3	1	3	1	3	2	1	1	2	3	3	3	3	3	4	1	1	3	1	1
MuskSP-11	MuskSP-11	3	2	1	3	1	2	1	1	2	2	4	1	1	4	2	3	1	2	4	2	2	4	4	1	4	3	1	2	3	2	1	3	4	2	4	1	4	3	4	1	3	2	3	1	4	1	1	3	1	1	3	3	2	4	2	1	4	1	4	3	3	4	2	1	3	2	3	3	1	4	1	4	2	1	1	4	1	4	4	2	1	4	3	3	0	1	4	2	3	1	1	1	3	3	1	4	4	4	2	3	1	2	4	3	2	1	2	4	4	1	3	4	4	3	4	4	1	3	3	3	4	4	3	1	3	1	3	2	1	1	2	3	3	3	3	3	4	1	1	3	1	1
MuskSP-18	MuskSP-18	3	2	1	3	1	2	1	1	2	2	4	1	1	4	2	3	1	2	4	2	2	4	4	1	4	3	1	2	3	2	1	3	4	2	4	1	4	3	4	1	3	2	3	1	4	1	1	3	1	1	3	3	2	4	2	1	4	1	4	3	3	4	2	1	3	0	3	3	1	4	1	4	2	1	1	4	1	4	4	2	1	4	3	3	1	1	4	2	3	1	1	1	3	3	1	4	4	4	2	3	1	2	4	3	2	1	2	4	4	1	3	4	4	3	4	4	1	3	3	3	4	4	3	1	3	1	3	2	1	1	2	3	3	3	3	3	4	1	1	3	1	1
MuskSP-20	MuskSP-20	3	2	1	3	1	2	1	1	2	2	4	1	1	4	2	3	1	2	4	2	2	4	4	1	4	3	1	2	3	2	0	3	4	2	4	1	4	3	4	0	3	2	3	1	4	1	1	3	1	1	3	3	2	4	2	1	4	1	4	3	0	4	2	1	3	0	3	3	1	4	1	4	2	1	1	4	1	4	4	2	1	4	3	3	1	1	4	2	3	1	1	1	3	3	1	4	4	4	2	3	1	2	4	3	2	1	2	4	4	1	3	4	4	3	4	4	1	3	3	3	4	0	3	1	3	1	3	2	1	1	2	3	3	3	3	3	4	1	1	3	1	1
MuskSP-21	MuskSP-21	3	2	1	3	1	2	1	1	2	2	4	1	1	4	2	3	1	2	4	2	2	4	4	1	4	3	1	2	3	2	1	3	4	2	4	1	4	3	4	1	3	2	3	1	4	1	1	3	1	1	3	3	2	4	2	1	4	1	4	3	3	4	2	1	3	2	3	3	1	4	1	4	2	1	1	4	1	4	4	2	1	4	3	3	1	1	4	2	3	1	1	1	3	3	1	4	4	4	2	3	1	2	4	3	2	1	2	4	4	1	3	4	4	3	4	4	1	3	3	3	4	4	3	1	3	1	3	2	1	1	2	3	3	3	3	3	4	1	1	3	1	1
MuskSP-26	MuskSP-26	3	2	1	3	1	2	1	1	2	2	4	1	1	4	2	3	1	2	4	2	2	4	4	1	4	3	1	2	3	2	1	3	4	2	4	1	4	3	4	1	3	2	3	1	4	1	1	3	1	1	3	3	2	4	2	1	4	1	4	3	3	4	2	1	3	0	3	3	1	4	1	4	2	1	1	4	1	4	4	2	1	4	3	3	1	1	4	2	3	1	1	1	3	3	1	4	4	4	2	3	1	2	4	3	2	1	2	4	4	1	3	4	4	3	4	4	1	3	3	3	4	4	3	1	3	1	3	2	1	1	2	3	3	3	3	3	4	1	1	3	1	1
MuskSP-27	MuskSP-27	0	2	1	3	1	2	1	1	2	2	4	1	1	4	2	3	1	2	4	2	2	4	4	1	4	3	1	2	3	2	1	3	4	2	4	1	4	3	4	1	3	2	3	1	4	1	1	3	1	1	3	3	2	4	2	1	4	1	4	3	3	4	2	1	3	0	3	3	1	4	1	4	2	1	1	4	1	4	4	2	1	4	3	3	1	1	4	2	3	1	1	1	3	3	1	4	4	4	2	3	1	2	4	3	2	1	2	4	4	1	3	4	4	3	4	4	1	3	3	3	4	4	3	1	3	1	3	2	1	1	2	3	3	3	3	3	4	1	1	3	1	1
MuskSP-30	MuskSP-30	3	2	1	3	1	2	1	1	2	2	4	1	1	4	2	3	1	2	4	2	2	4	4	1	4	3	1	2	3	2	1	3	4	2	4	1	4	3	4	1	3	2	3	1	4	1	1	3	1	1	3	3	2	4	2	1	4	1	4	3	3	4	2	1	3	0	3	3	1	4	1	4	2	1	1	4	1	4	4	2	1	4	3	3	1	1	4	2	3	1	1	1	3	3	1	4	4	4	2	3	1	2	4	3	2	1	2	4	4	1	3	4	4	3	4	4	1	3	3	3	4	4	3	1	3	1	3	2	1	1	2	3	3	3	3	3	4	1	1	3	1	1
MuskSP-33	MuskSP-33	3	2	1	3	1	2	1	1	2	2	4	1	1	4	2	3	1	2	4	2	2	4	4	1	4	3	1	2	3	2	1	3	4	0	4	1	4	3	0	1	3	2	3	1	4	1	1	3	1	1	3	3	2	4	2	1	4	1	4	0	3	4	2	1	3	0	3	3	1	4	1	4	2	1	1	4	1	4	4	2	1	4	3	3	2	1	4	2	3	1	1	1	3	3	1	4	4	4	2	3	1	2	4	3	2	1	2	4	4	1	3	4	0	3	4	4	1	3	3	3	4	4	3	1	3	1	3	2	1	1	2	3	3	3	3	3	4	1	1	3	1	1
MuskSP-35	MuskSP-35	3	2	1	3	1	2	1	1	2	2	4	1	1	4	2	3	1	2	4	2	2	4	4	1	4	3	1	2	3	2	1	3	4	2	4	1	4	3	4	1	3	2	3	1	4	1	1	3	1	1	3	3	2	4	2	1	4	1	4	3	3	4	2	1	3	2	0	3	1	4	1	4	2	1	1	4	1	4	4	2	1	4	3	3	1	1	4	2	3	1	1	1	3	3	1	4	4	4	2	3	1	2	4	3	2	1	2	4	4	1	3	4	4	3	4	4	1	3	3	3	4	4	3	1	3	1	3	2	1	1	2	3	3	3	3	3	4	1	1	3	1	1
MuskSP-36	MuskSP-36	0	2	1	3	1	2	1	1	2	2	4	1	1	4	2	3	1	2	4	2	2	4	4	1	4	3	1	2	3	2	1	3	4	2	4	1	4	3	4	1	3	2	3	1	4	1	1	3	1	1	3	3	2	4	2	1	4	1	4	3	3	4	2	1	3	2	3	3	1	4	1	4	2	1	1	4	1	4	4	2	1	4	3	3	1	1	4	2	3	1	1	1	3	3	1	4	4	4	2	3	1	2	4	3	2	1	2	4	4	1	3	4	4	3	4	4	1	3	3	3	4	4	3	1	3	1	3	2	1	1	2	3	3	3	3	3	4	1	1	3	1	1
MuskSP-38	MuskSP-38	0	2	0	3	1	2	1	0	0	2	4	1	1	4	2	3	1	2	4	2	2	4	4	1	0	3	1	2	0	0	1	3	4	2	4	0	4	0	0	1	3	2	0	1	4	1	0	3	0	1	3	3	0	0	0	1	4	1	4	3	3	4	0	1	0	0	3	0	1	4	1	4	2	1	1	4	1	4	4	2	0	4	3	0	0	1	4	2	0	1	0	1	3	3	1	4	4	4	2	3	0	2	4	3	0	0	0	4	4	0	3	4	0	3	4	4	0	3	3	3	4	4	0	1	3	1	3	2	1	0	2	3	3	3	3	3	0	1	1	0	0	0
MuskSP-65	MuskSP-65	3	2	1	3	1	2	1	1	2	2	4	1	1	4	0	3	1	2	4	0	2	4	4	1	4	0	0	2	3	2	1	3	4	0	4	1	4	3	4	1	3	2	3	1	4	1	1	3	1	1	3	3	2	4	2	1	4	1	4	3	0	4	2	1	3	0	3	3	1	4	0	4	2	0	1	4	1	4	4	0	1	4	3	3	1	0	4	2	3	1	1	1	3	3	1	4	4	4	2	3	1	2	4	3	2	1	2	4	4	1	3	4	4	3	4	4	1	3	3	3	4	4	3	0	3	1	3	2	1	1	2	3	3	3	3	3	4	0	1	3	1	1
MuskSP-68	MuskSP-68	3	2	1	3	1	2	1	1	2	2	4	1	1	4	2	3	1	2	4	2	2	4	4	1	4	3	1	2	3	2	1	3	4	2	4	1	4	3	4	1	3	2	3	1	4	1	1	3	1	1	3	3	2	4	2	1	4	1	4	3	3	4	2	1	3	2	3	3	1	4	1	4	2	1	1	4	1	4	4	2	1	4	3	3	1	1	4	2	3	1	1	1	3	3	1	4	4	4	2	3	1	2	4	3	2	1	2	4	4	1	3	4	4	3	4	4	1	3	3	3	4	4	3	1	3	1	3	2	1	1	2	3	3	3	3	3	4	1	1	3	1	1
MuskSP-70	MuskSP-70	0	2	1	3	1	2	1	1	2	2	4	1	1	4	2	3	1	2	4	2	2	4	4	1	4	3	1	2	3	2	1	3	4	2	4	1	4	3	4	1	3	2	3	1	4	1	1	3	1	1	3	3	2	4	2	1	4	1	4	3	3	4	2	1	3	2	3	3	1	4	1	4	2	1	1	4	1	4	4	2	1	4	3	3	1	1	4	2	3	1	1	1	3	3	1	4	4	4	2	3	1	2	4	3	2	1	2	4	4	1	3	4	4	3	4	4	1	3	3	3	4	4	3	1	3	1	3	2	1	1	2	3	3	3	3	3	4	1	1	3	1	1
MuskSP-74	MuskSP-74	3	2	1	3	1	2	1	1	2	2	4	1	1	4	2	3	1	2	4	2	2	4	4	1	4	3	1	2	3	2	1	3	4	2	4	1	4	3	4	1	3	2	3	1	4	1	1	3	1	1	3	3	2	4	2	1	4	1	4	3	3	4	2	1	3	2	3	3	1	4	1	4	2	1	1	4	1	4	4	2	1	4	3	3	1	1	4	2	3	1	1	1	3	3	1	4	4	4	2	3	1	2	4	3	2	1	2	4	4	1	3	4	4	3	4	4	1	3	3	3	4	4	3	1	3	1	3	2	1	1	2	3	3	3	3	3	4	1	1	3	1	1
MuskSP-76	MuskSP-76	3	2	1	3	1	2	0	1	2	2	4	1	1	4	2	3	1	2	4	2	2	4	4	1	4	3	1	2	3	2	1	3	4	2	4	1	4	3	4	1	3	2	3	1	4	1	1	3	1	1	3	3	2	4	2	1	4	1	4	3	3	4	2	1	3	2	0	3	1	4	1	4	2	1	1	4	1	4	4	2	1	4	3	3	1	1	4	2	3	1	1	1	3	3	1	4	4	4	2	3	1	2	0	3	2	1	2	4	4	1	3	4	4	3	4	4	1	3	3	3	4	4	3	1	3	1	3	2	1	1	2	3	3	3	3	3	4	1	1	3	1	1
MuskSP-77	MuskSP-77	3	2	1	3	1	2	1	1	2	2	4	1	1	4	2	3	1	2	4	2	2	4	4	1	4	3	1	2	3	2	1	3	4	2	4	1	4	3	4	1	3	2	3	1	4	1	1	3	1	1	3	3	2	4	2	1	4	1	4	3	3	4	2	1	3	2	3	3	1	4	1	4	2	1	1	4	1	4	4	2	1	4	3	3	1	1	4	2	3	1	1	1	3	3	1	4	4	4	2	3	1	2	4	3	2	1	2	4	4	1	3	4	4	3	4	4	1	3	3	3	4	4	3	1	3	1	3	2	1	1	2	3	3	3	3	3	4	1	1	3	1	1
MuskSP-78	MuskSP-78	3	2	1	3	1	2	1	1	2	2	4	1	1	4	2	3	1	2	4	2	2	4	4	1	4	3	1	2	3	2	1	3	4	2	4	1	4	3	4	1	3	2	3	1	4	1	1	3	1	1	3	3	2	4	2	1	4	1	4	3	3	4	2	1	3	2	3	3	1	4	1	4	2	1	1	4	1	4	4	2	1	4	3	3	1	1	4	2	3	1	1	1	3	3	1	4	4	4	2	3	1	2	4	3	2	1	2	4	4	1	3	4	4	3	4	4	1	3	3	3	4	4	3	1	3	1	3	2	1	1	2	3	3	3	3	3	4	1	1	3	1	1
MuskSP-79	MuskSP-79	3	2	1	3	1	2	1	1	2	2	4	1	1	4	2	3	1	2	4	2	2	4	4	1	4	3	1	2	3	2	1	3	4	2	4	1	4	3	4	1	3	2	3	1	4	1	1	3	1	1	3	3	2	4	2	1	4	1	4	3	3	4	2	1	3	2	3	3	1	4	1	4	2	1	1	4	1	4	4	2	1	4	3	3	1	1	4	2	3	1	1	1	3	3	1	4	4	4	2	3	1	2	4	3	2	1	2	4	4	1	3	4	4	3	4	4	1	3	3	3	4	4	3	1	3	1	3	2	1	1	2	3	3	3	3	3	4	1	1	3	1	1
MuskSP-80	MuskSP-80	0	2	0	3	1	2	1	1	0	2	4	1	1	4	2	3	1	2	4	2	2	4	4	1	4	3	1	2	0	2	1	3	4	2	4	1	4	0	0	1	3	2	0	1	4	1	0	3	1	1	3	3	0	0	0	1	4	1	4	3	3	4	0	1	3	2	3	3	1	4	1	4	2	1	1	4	1	4	4	2	1	4	3	0	0	1	4	2	3	1	0	1	3	3	1	4	4	4	2	3	0	2	4	3	0	1	0	4	4	0	3	4	0	3	4	4	1	3	3	3	4	4	0	1	3	1	3	2	1	0	2	3	3	3	3	3	4	1	1	3	0	0
MuskSP-83	MuskSP-83	3	2	1	3	1	2	1	1	2	2	4	1	1	4	2	3	1	2	4	2	2	4	4	1	4	3	1	2	3	2	1	3	4	2	4	1	4	3	4	1	3	2	3	1	4	1	1	3	1	1	3	3	2	4	2	1	4	1	4	3	3	4	2	1	3	2	3	3	1	4	1	4	2	1	1	4	1	4	4	2	1	4	3	3	1	1	4	2	3	1	1	1	3	3	1	4	4	4	2	3	1	2	4	3	2	1	2	4	4	1	3	4	4	3	4	4	1	3	3	3	4	4	3	1	3	1	3	2	1	1	2	3	3	3	3	3	4	1	1	3	1	1
MuskSP-85	MuskSP-85	3	2	1	3	1	2	1	1	2	2	4	1	1	4	2	3	1	2	4	2	2	4	4	1	4	3	1	2	3	2	1	3	4	2	4	1	4	3	4	1	3	2	3	1	4	1	1	3	1	1	3	3	2	4	2	1	4	1	4	3	3	4	2	1	3	2	3	3	1	4	1	4	2	1	1	4	1	4	4	2	1	4	3	3	1	1	4	2	3	1	1	1	3	3	1	4	4	4	2	3	1	2	4	3	2	1	2	4	4	1	3	4	4	3	4	4	1	3	3	3	4	4	3	1	3	1	3	2	1	1	2	3	3	3	3	3	4	1	1	3	1	1
MuskSP-52	MuskSP-52	0	2	1	3	1	2	1	1	2	2	4	1	1	4	2	3	1	2	4	2	2	4	4	1	4	3	1	2	3	2	1	3	4	2	4	1	4	3	4	1	3	2	3	1	4	1	1	3	1	1	3	3	2	4	2	1	4	1	4	3	3	4	2	1	3	2	3	3	1	4	1	4	2	1	1	4	1	4	4	2	1	4	3	3	1	1	4	2	3	1	1	1	3	3	1	4	4	4	2	3	0	2	4	3	2	1	2	4	4	1	3	4	4	3	4	4	1	3	3	3	4	4	3	1	3	1	3	2	1	1	2	3	3	3	3	3	4	1	1	3	1	1
MuskSP-57	MuskSP-57	0	2	0	3	1	2	1	0	0	2	4	1	1	4	2	3	1	2	4	2	2	4	4	1	0	3	1	2	0	0	1	3	4	2	4	0	4	0	0	1	3	2	0	1	4	1	0	3	0	1	3	3	0	0	0	1	4	1	4	3	3	4	0	1	0	0	0	0	1	4	1	4	2	1	1	4	1	4	4	2	0	4	3	0	0	1	4	2	1	1	0	1	3	3	1	4	4	4	2	3	0	2	4	3	0	0	0	4	4	0	3	4	0	3	4	4	0	3	3	3	4	4	0	1	3	1	3	2	1	0	2	3	3	3	3	3	0	1	1	0	0	0
MuskSP-59	MuskSP-59	0	2	1	3	1	2	1	1	0	2	4	1	1	4	2	3	1	2	4	2	2	4	4	1	4	3	1	2	3	2	1	3	4	2	4	1	4	0	4	1	3	2	3	1	4	1	1	3	1	1	3	3	2	4	2	1	4	1	4	3	3	4	0	1	3	2	3	3	1	4	1	4	2	1	1	4	1	4	4	2	1	4	3	3	1	1	4	2	3	1	0	1	3	3	1	4	4	4	2	3	0	2	4	3	2	1	2	4	4	1	3	4	0	3	4	4	1	3	3	3	4	4	0	1	3	1	3	2	1	1	2	3	3	3	3	3	4	1	1	3	0	1
MuskSP-62	MuskSP-62	0	2	0	3	1	2	1	1	0	2	4	1	1	4	2	3	1	2	4	2	2	4	4	1	0	3	1	2	0	2	1	3	4	2	4	1	4	0	0	1	3	2	0	1	4	1	0	3	0	1	3	3	0	0	2	1	4	1	4	3	3	4	0	1	3	2	3	3	1	4	1	4	2	1	1	4	1	4	4	2	1	4	3	0	0	1	4	2	3	1	0	1	3	3	1	4	4	4	2	3	0	2	4	3	0	1	2	4	4	0	3	4	0	3	4	4	1	3	3	3	4	4	0	1	3	1	3	2	1	0	2	3	3	3	3	3	4	1	1	3	0	0
MuskSP-63	MuskSP-63	0	2	1	3	1	2	1	1	2	2	4	1	1	4	2	3	1	2	4	2	2	4	4	1	4	3	1	2	3	2	1	3	4	2	4	1	4	3	4	1	3	2	3	1	4	1	1	3	1	1	3	3	2	4	2	1	4	1	4	3	3	4	2	1	3	2	3	3	1	4	1	4	2	1	1	4	1	4	4	2	1	4	3	3	1	1	4	2	3	1	1	1	3	3	1	4	4	4	2	3	0	2	4	3	2	1	2	4	4	1	3	4	4	3	4	4	1	3	3	3	4	4	3	1	3	1	3	2	1	1	2	3	3	3	3	3	4	1	1	3	1	1
MuskSP-64	MuskSP-64	0	2	1	3	1	2	1	1	2	2	4	1	1	4	2	3	1	2	4	2	2	4	4	1	0	3	1	2	0	2	1	3	4	2	4	1	4	3	4	1	3	2	3	1	4	1	0	3	0	1	3	3	2	4	2	1	4	1	4	3	3	4	0	1	3	0	3	3	1	4	1	4	2	1	1	4	1	4	4	2	1	4	3	0	1	1	4	2	3	1	0	1	3	3	1	4	4	4	2	3	0	2	4	3	0	1	0	4	4	0	3	4	0	3	4	4	1	3	3	3	4	4	0	1	3	1	3	2	1	0	2	3	3	3	3	3	4	1	1	3	0	1
MSGA-1	MSGA-1	3	2	1	3	1	2	0	1	2	2	4	1	1	4	2	3	1	2	4	2	2	4	4	1	4	3	1	2	3	2	1	3	4	2	4	1	4	3	4	1	3	2	3	1	4	1	1	3	1	1	3	3	2	4	2	1	4	1	4	3	3	4	2	1	3	2	0	3	1	4	1	4	2	1	1	4	1	4	4	2	1	4	3	3	1	1	4	2	3	1	1	1	3	3	1	4	4	4	2	3	1	2	0	3	2	1	2	4	4	1	3	4	4	3	4	4	1	3	3	3	4	4	3	1	3	1	3	2	1	1	2	3	3	3	3	3	4	1	1	3	1	1
MSGA-3	MSGA-3	3	2	1	3	1	2	1	1	2	2	4	1	1	4	2	3	1	2	4	2	2	4	4	1	4	3	1	2	3	2	1	3	4	2	4	1	4	3	4	1	3	2	3	1	4	1	1	3	1	1	3	3	2	4	2	1	4	1	4	3	3	4	2	1	3	2	3	3	1	4	1	4	2	1	1	4	1	4	4	2	1	4	3	3	1	1	4	2	3	1	1	1	3	3	1	4	4	4	2	3	1	2	4	3	2	1	2	4	4	1	3	4	4	3	4	4	1	3	3	3	4	4	3	1	3	1	3	2	1	1	2	3	3	3	3	3	4	1	1	3	1	1
MSGA-5	MSGA-5	3	2	1	3	1	2	1	1	2	2	4	1	1	4	2	3	1	2	4	2	2	4	4	0	4	3	1	2	3	2	1	3	4	2	4	1	4	3	4	1	3	2	3	1	4	1	1	3	1	1	3	3	2	4	2	1	4	1	4	3	3	4	2	1	3	2	3	3	1	4	1	4	2	1	1	4	1	4	4	2	1	4	3	3	1	1	4	2	3	1	1	1	3	3	1	4	4	4	2	3	1	2	0	3	2	1	2	4	4	1	3	4	4	3	4	4	1	3	3	3	4	4	3	1	3	1	3	2	1	1	2	3	3	3	3	3	4	1	1	3	1	1
MSGA-7	MSGA-7	3	2	1	3	1	2	1	1	2	2	4	1	1	4	2	3	1	2	4	2	2	4	4	1	4	3	1	2	3	2	1	3	4	2	4	1	4	3	4	1	3	2	3	1	4	1	1	3	1	1	3	3	2	4	2	1	4	1	4	3	3	4	2	1	3	0	3	3	1	4	1	4	2	1	1	4	1	4	4	2	1	4	3	3	1	1	4	2	3	1	1	1	3	3	1	4	4	4	2	3	1	2	4	3	2	1	2	4	4	1	3	4	4	3	4	4	1	3	3	3	4	4	3	1	3	1	3	2	1	1	2	3	3	3	3	3	4	1	1	3	1	1
MSGA-8	MSGA-8	0	2	1	3	1	2	1	1	2	2	4	1	1	4	2	3	1	2	4	2	2	4	4	1	4	3	1	2	3	2	1	3	4	2	4	1	4	3	4	1	3	2	3	1	4	1	1	3	1	1	3	3	2	4	2	1	4	1	4	3	3	4	2	1	3	2	3	3	1	4	1	4	2	1	1	4	1	4	4	2	1	4	3	3	1	1	4	2	3	1	1	1	3	3	1	4	4	4	2	3	0	2	4	3	0	1	2	4	4	1	3	4	0	3	4	4	1	3	3	3	4	4	3	1	3	1	3	2	1	0	2	3	3	3	3	3	4	1	1	3	1	1
MSGA-10	MSGA-10	3	2	1	3	1	2	1	1	2	2	4	1	1	4	2	3	1	2	4	2	2	4	4	1	4	3	1	2	3	2	1	3	4	2	4	1	4	3	4	1	3	2	3	1	4	1	1	3	1	1	3	3	2	4	2	1	4	1	4	3	3	4	2	1	3	2	3	3	1	4	1	4	2	1	1	4	1	4	4	2	1	4	3	3	1	1	4	2	3	1	1	1	3	3	1	4	4	4	2	3	1	2	4	3	2	1	2	4	4	1	3	4	4	3	4	4	1	3	3	3	4	4	3	1	3	1	3	2	1	1	2	3	3	3	3	3	4	1	1	3	1	1
MSGA-11	MSGA-11	3	2	1	3	1	2	1	1	2	2	4	1	1	4	2	3	1	2	4	2	2	4	4	1	4	3	1	2	3	2	1	3	4	2	4	1	4	3	4	1	3	2	3	1	4	1	1	3	1	1	3	3	2	4	2	1	4	1	4	3	3	4	2	1	3	2	3	3	1	4	1	4	2	1	1	4	1	4	4	2	1	4	3	3	1	1	4	2	3	1	1	1	3	3	1	4	4	4	2	3	1	2	4	3	0	1	2	4	4	1	3	4	4	3	4	4	1	3	3	3	4	4	3	1	3	1	3	2	1	1	2	3	3	3	3	3	4	1	1	3	1	1
MSGA-14	MSGA-14	3	2	1	0	1	2	0	1	2	2	4	1	1	4	2	3	1	2	4	2	2	4	4	1	4	3	1	2	3	2	1	3	4	2	4	1	4	3	4	1	3	2	3	1	4	1	1	3	1	1	3	3	2	4	2	1	4	1	4	3	3	4	2	1	3	2	0	3	1	4	1	4	2	1	1	4	1	4	4	2	1	4	3	3	1	1	4	2	3	1	1	1	3	3	1	4	4	4	2	3	1	2	0	3	2	1	2	4	4	1	3	4	4	3	4	4	1	3	3	3	4	4	3	1	3	1	3	2	1	1	2	3	3	3	3	3	4	1	1	3	1	1
MSGA-15	MSGA-15	3	2	1	3	1	2	1	1	2	2	4	1	1	4	2	3	1	2	4	2	2	4	4	1	4	3	1	2	3	2	1	3	4	2	4	1	4	3	4	1	3	2	3	1	4	1	1	3	1	1	3	3	2	4	2	1	4	1	4	3	3	4	2	1	3	2	3	3	1	4	1	4	2	1	1	4	1	4	4	2	1	4	3	3	1	1	4	2	3	1	1	1	3	3	1	4	4	4	2	3	1	2	4	3	2	1	2	4	4	1	3	4	4	3	4	4	1	3	3	3	4	4	3	1	3	1	3	2	1	1	2	3	3	3	3	3	4	1	1	3	1	1
MSGA-18	MSGA-18	0	2	1	3	1	2	1	1	2	2	4	1	1	4	2	3	1	2	4	2	2	4	4	1	4	3	1	2	3	2	1	3	4	2	4	1	4	3	4	1	3	2	3	1	4	1	1	3	1	1	3	3	2	4	2	1	4	1	4	3	3	4	2	1	3	2	3	3	1	4	1	4	2	1	1	4	1	4	4	2	1	4	3	3	1	1	4	2	3	1	1	1	3	3	1	4	4	4	2	3	1	2	4	3	0	1	2	4	4	1	3	4	4	3	4	4	1	3	3	3	4	4	3	1	3	1	3	2	1	1	2	3	3	3	3	3	4	1	1	3	1	1
MSGA-19	MSGA-19	0	2	1	3	1	2	1	1	2	2	4	1	1	4	2	3	1	2	4	2	2	4	4	1	4	3	1	2	3	2	1	3	4	2	4	1	4	3	4	1	3	2	3	1	4	1	1	3	1	1	3	3	2	4	2	1	4	1	4	3	3	4	2	1	3	2	3	3	1	4	1	4	2	1	1	4	1	4	4	2	1	4	3	3	1	1	4	2	3	1	1	1	3	3	1	4	4	4	2	3	1	2	4	3	2	1	2	4	4	1	3	4	4	3	4	4	1	3	3	3	4	4	3	1	3	1	3	2	1	1	2	3	3	3	3	3	4	1	1	3	1	1
MSGA-21	MSGA-21	3	2	1	3	1	2	1	1	2	2	4	1	1	4	2	3	1	2	4	2	2	4	4	1	4	3	1	2	3	2	1	3	4	2	4	1	4	3	4	1	3	2	3	1	4	1	1	3	1	1	3	3	2	4	2	1	4	1	4	3	3	4	2	1	0	0	3	3	1	4	1	4	2	1	1	4	1	4	4	2	1	4	3	3	1	1	4	2	3	1	1	1	3	3	1	4	4	4	2	3	0	2	4	3	2	1	2	4	4	1	3	4	4	3	4	4	1	3	3	3	4	4	3	1	3	1	3	2	1	1	2	3	3	3	3	3	4	1	1	3	1	1
MSGA-22	MSGA-22	0	2	1	3	1	2	1	1	0	2	4	1	1	4	2	3	1	2	4	2	2	4	4	1	4	3	1	2	3	2	1	3	4	2	4	1	4	3	4	1	3	2	3	1	4	1	1	3	1	1	3	3	2	0	2	1	4	1	4	3	3	4	2	1	3	2	3	3	1	4	1	4	2	1	1	4	1	4	4	2	1	4	3	3	1	1	4	2	3	1	1	1	3	3	1	4	4	4	2	3	0	2	4	3	0	1	2	4	4	1	3	4	4	3	4	4	1	3	3	3	4	4	3	1	3	1	3	2	1	0	2	3	3	3	3	3	4	1	1	3	1	1
MSGA-23	MSGA-23	3	2	1	3	1	2	1	1	2	2	4	1	1	4	2	3	1	2	4	2	2	4	4	0	4	3	1	2	3	2	1	3	4	2	4	1	4	3	4	1	3	2	3	1	4	1	1	3	1	1	3	3	2	4	2	1	4	1	4	3	3	4	2	1	3	2	3	3	1	4	1	4	2	1	1	4	1	4	4	2	1	4	3	3	1	1	4	2	3	1	1	1	3	3	1	4	4	4	2	3	1	2	4	3	2	1	2	4	4	1	3	4	4	3	4	4	1	3	3	3	4	4	3	1	3	1	3	2	1	1	2	3	3	3	3	3	4	1	0	3	1	1
MSGA-24	MSGA-24	3	2	1	3	1	2	1	1	2	2	4	1	1	4	2	3	1	2	4	2	2	4	4	1	4	3	1	2	3	2	1	3	4	2	4	1	4	3	4	1	3	2	3	1	4	1	1	3	1	1	3	3	2	4	2	1	4	1	4	3	3	4	2	1	3	2	3	3	1	4	1	4	2	1	1	4	1	4	4	2	1	4	3	3	1	1	4	2	3	1	1	1	3	3	1	4	4	4	2	3	1	2	4	3	2	1	2	4	4	1	3	4	4	3	4	4	1	3	3	3	4	4	3	1	3	1	3	2	1	1	2	3	3	3	3	3	4	1	1	3	1	1
MSGA-26	MSGA-26	3	2	1	3	1	2	1	1	2	2	4	1	1	4	2	3	1	2	4	2	2	4	4	1	4	3	1	2	3	2	1	3	4	2	4	1	4	3	4	1	3	2	3	1	4	1	1	3	1	1	3	3	2	4	2	1	4	1	4	3	3	4	2	1	3	2	3	3	1	4	1	4	2	1	1	4	1	4	4	2	1	4	3	3	1	1	4	2	3	1	1	1	3	3	1	4	4	4	2	3	1	2	4	3	2	1	2	4	4	1	3	4	4	3	4	4	1	3	3	3	4	4	3	1	3	1	3	2	1	1	2	3	3	3	3	3	4	1	1	3	1	1
MSGA-28	MSGA-28	3	2	1	3	1	2	1	1	2	2	4	1	1	4	2	3	1	2	4	2	2	4	4	1	4	3	1	2	3	2	1	3	4	2	4	1	4	3	4	1	3	2	3	1	4	1	1	3	1	1	3	3	2	4	2	1	4	1	4	3	3	4	2	1	3	2	3	3	1	4	1	4	2	1	1	4	1	4	4	2	1	4	3	3	1	1	4	2	3	1	1	1	3	3	1	4	4	4	2	3	1	2	4	3	2	1	2	4	4	1	3	4	4	3	4	4	1	3	3	3	4	4	3	1	3	1	3	2	1	1	2	3	3	3	3	3	4	1	1	3	1	1
MSGA-30	MSGA-30	3	2	1	3	1	2	1	1	2	2	4	1	1	4	2	3	1	2	4	2	2	4	4	1	4	3	1	2	3	2	1	3	4	2	4	1	4	3	4	1	3	2	3	1	4	1	1	3	1	1	3	3	2	4	2	1	4	1	4	3	3	4	2	1	3	2	3	3	1	4	1	4	2	1	1	4	1	4	4	2	1	4	3	3	1	1	4	2	3	1	1	1	3	3	1	4	4	4	2	3	1	2	4	3	2	1	2	4	4	1	3	4	4	3	4	4	1	3	3	3	4	4	3	1	3	1	3	2	1	1	2	3	3	3	3	3	4	1	1	3	1	1
MSGA-31	MSGA-31	3	2	1	3	1	2	1	1	2	2	4	1	1	4	2	3	1	2	4	2	2	4	4	1	4	3	1	2	3	2	1	3	4	2	4	1	4	3	4	1	3	2	3	1	4	1	1	3	1	1	3	3	2	4	2	1	4	1	4	3	3	4	2	1	3	2	3	3	1	4	1	4	2	1	1	4	1	4	4	2	1	4	3	3	1	1	4	2	3	1	1	1	3	3	1	4	4	4	2	3	1	2	4	3	2	1	2	4	4	1	3	4	4	3	4	4	1	3	3	3	4	4	3	1	3	1	3	2	1	1	2	3	3	3	3	3	4	1	1	3	1	1
MSGA-32	MSGA-32	0	2	1	3	1	2	1	1	2	2	4	1	1	4	2	3	1	2	4	2	2	4	4	1	4	3	1	2	3	2	1	3	4	2	4	1	4	3	4	1	3	2	3	1	4	1	1	3	1	1	3	3	2	0	2	1	4	1	4	3	3	4	2	1	3	2	3	3	1	4	1	4	2	1	1	4	1	4	4	2	1	4	3	3	0	1	4	2	3	1	1	1	3	3	1	4	4	4	2	3	0	2	4	3	0	1	2	4	4	0	3	4	4	3	4	4	1	3	3	3	4	4	0	1	3	1	3	2	1	1	2	3	3	3	3	3	4	1	1	3	1	1
MSGA-34	MSGA-34	0	2	1	3	1	2	1	1	2	2	4	1	1	4	2	3	1	2	4	2	2	4	4	1	4	3	1	2	3	2	1	3	4	2	4	1	4	3	4	1	3	2	3	1	4	1	1	3	1	1	3	3	2	4	2	1	4	1	4	3	3	4	2	1	3	0	3	3	1	4	1	4	2	1	1	4	1	4	4	2	1	4	3	3	0	1	4	2	3	1	1	1	3	3	1	4	4	4	2	3	0	2	4	3	2	1	2	4	4	1	3	4	4	3	4	4	1	3	3	3	4	4	3	1	3	1	3	2	1	1	2	3	3	3	3	3	4	1	1	3	1	1
MSGA-36	MSGA-36	0	2	1	3	1	2	1	1	2	2	4	1	1	4	2	3	1	2	4	2	2	4	4	1	4	3	1	2	3	2	1	3	4	2	4	1	4	3	4	1	3	2	3	1	4	1	1	3	1	1	3	3	2	4	2	1	4	1	4	3	3	4	2	1	3	0	3	3	1	4	1	4	2	1	1	4	1	4	4	2	1	4	3	3	1	1	4	2	3	1	1	1	3	3	1	4	4	4	2	3	0	2	4	3	0	1	2	4	4	1	3	4	4	3	4	4	1	3	3	3	4	4	3	1	3	1	3	2	1	1	2	3	3	3	3	3	4	1	1	3	1	1
MSGA-38	MSGA-38	3	2	1	3	1	2	1	1	2	2	4	1	1	4	2	3	1	2	4	2	2	4	4	1	4	3	1	2	3	2	1	3	4	2	4	1	4	3	4	1	3	2	3	1	4	1	1	3	1	1	3	3	2	4	2	1	4	1	4	3	3	4	2	1	3	2	3	3	1	4	1	4	2	1	1	4	1	4	4	2	1	4	3	3	1	1	4	2	3	1	1	1	3	3	1	4	4	4	2	3	1	2	4	3	2	1	2	0	4	1	3	4	4	3	4	4	1	3	3	3	4	4	3	1	3	1	3	2	1	1	2	3	3	3	3	3	4	1	1	3	1	1
MSGA-40	MSGA-40	3	2	1	3	1	2	1	1	2	2	4	1	1	4	2	3	1	2	4	2	2	4	4	1	4	3	1	2	3	2	1	3	4	2	4	1	4	3	4	1	3	2	3	1	4	1	1	3	1	1	3	3	2	4	2	1	4	1	4	3	3	4	2	1	3	2	3	3	1	4	1	4	2	1	1	4	1	4	4	2	1	4	3	3	1	1	4	2	3	1	1	1	3	3	1	4	4	4	2	3	1	2	4	3	2	1	2	4	4	1	3	4	4	3	4	4	1	3	3	3	4	4	3	1	3	1	3	2	1	1	2	3	3	3	3	3	4	1	1	3	1	1
MSGA-42	MSGA-42	3	2	1	3	1	2	1	1	2	2	4	1	1	4	2	3	1	2	4	2	2	4	4	1	4	3	1	2	3	2	1	3	4	2	4	1	4	3	4	1	3	2	3	1	4	1	1	3	1	1	3	3	2	4	2	1	4	1	4	3	3	4	2	1	3	0	3	3	1	4	1	4	2	1	1	4	1	4	4	2	1	4	3	3	1	1	4	2	3	1	1	1	3	3	1	4	4	4	2	3	1	2	4	3	2	1	2	4	4	1	3	4	4	3	4	4	1	3	3	3	4	4	3	1	3	1	3	2	1	1	2	3	3	3	3	3	4	1	1	3	1	1
MSGA-43	MSGA-43	3	2	1	3	1	2	1	1	2	2	4	1	1	4	2	3	1	2	4	2	2	4	4	1	4	3	1	2	3	2	1	3	4	2	4	1	4	3	4	1	3	2	3	1	4	1	1	3	1	1	3	3	2	4	2	1	4	1	4	3	3	4	2	1	3	2	3	3	1	4	1	4	2	1	1	4	1	4	4	2	1	4	3	3	1	1	4	2	3	1	1	1	3	3	1	4	4	4	2	3	1	2	4	3	2	1	2	4	4	1	3	4	4	3	4	4	1	3	3	3	4	4	3	1	3	1	3	2	1	1	2	3	3	3	3	3	4	1	1	3	1	1
MSGA-44	MSGA-44	0	2	1	3	1	2	1	1	2	2	4	1	1	4	2	3	1	2	4	2	2	4	4	1	4	3	1	2	3	2	1	3	4	2	4	1	4	3	4	1	3	2	3	1	4	1	1	3	1	1	3	3	2	4	2	1	4	1	4	3	3	4	2	1	3	0	0	3	1	4	1	4	2	1	1	4	1	4	4	2	1	4	3	3	1	1	4	2	3	1	1	1	3	3	1	4	4	4	2	3	0	2	4	3	0	1	2	4	4	1	3	4	4	3	4	4	1	3	3	3	4	4	3	1	3	1	3	2	1	1	2	3	3	3	3	3	4	1	1	3	1	1
MSGA-46	MSGA-46	3	2	1	3	1	2	1	1	2	2	4	1	1	4	2	3	1	2	4	2	2	4	4	1	4	3	1	2	3	2	1	3	4	2	4	1	4	3	4	1	3	2	3	1	4	1	1	3	1	1	3	3	2	4	2	1	4	1	4	3	3	4	2	1	3	0	3	3	1	4	1	4	2	1	1	4	1	4	4	2	1	4	3	3	1	1	4	2	3	1	1	1	3	3	1	4	4	4	2	3	1	2	4	3	2	1	2	4	4	1	3	4	4	3	4	4	1	3	3	3	4	4	3	1	3	1	3	2	1	1	2	3	3	3	3	3	4	1	1	3	1	1
MSGA-47	MSGA-47	0	2	1	3	1	2	1	1	2	2	4	1	1	4	2	3	1	2	4	2	2	4	4	1	4	3	1	2	3	2	1	3	4	2	4	1	4	3	4	1	3	2	3	1	4	1	1	3	1	1	3	3	2	4	2	1	4	1	4	3	3	4	2	1	3	0	3	3	1	4	1	4	2	1	1	4	1	4	4	2	1	4	3	3	1	1	4	2	3	1	1	1	3	3	1	4	4	4	2	3	0	2	4	3	0	1	2	4	4	1	3	4	4	3	4	4	1	3	3	3	4	4	3	1	3	1	3	2	1	1	2	3	3	3	3	3	4	1	1	3	1	1
MSGA-49	MSGA-49	0	2	1	3	1	2	1	1	2	2	4	1	1	4	2	3	1	2	4	2	2	4	4	1	4	3	1	2	3	2	1	3	4	2	4	1	4	3	4	1	3	2	3	1	4	1	1	3	1	1	3	3	2	0	2	1	4	1	4	3	3	4	2	1	3	2	3	3	1	4	1	4	2	1	1	4	1	4	4	2	1	4	3	3	1	1	4	2	3	1	1	1	3	3	1	4	4	4	2	3	0	2	4	3	2	1	2	4	4	1	3	4	4	3	4	4	1	3	3	3	4	4	3	1	3	1	3	2	1	1	2	3	3	3	3	3	4	1	1	3	1	1
MSGA-50	MSGA-50	3	2	1	3	1	2	1	1	2	2	4	1	1	4	2	3	1	2	4	2	2	4	4	1	4	3	1	2	3	2	1	3	4	2	4	1	4	3	4	1	3	2	3	1	4	1	1	3	1	1	3	3	2	4	2	1	4	1	4	3	3	4	2	1	3	0	3	3	1	4	1	4	2	1	1	4	1	4	4	2	1	4	3	3	1	1	4	2	3	1	1	1	3	3	1	4	4	4	2	3	1	2	4	3	2	1	2	4	4	1	3	4	4	3	4	4	1	3	3	3	4	4	3	1	3	1	3	2	1	1	2	3	3	3	3	3	4	1	1	3	1	1
MSGA-52	MSGA-52	3	2	1	3	1	2	1	1	2	2	4	1	1	4	2	3	1	2	4	2	2	4	4	1	4	3	1	2	3	2	1	3	4	2	4	1	4	3	4	1	3	2	3	1	4	1	1	3	1	1	3	3	2	4	0	1	4	1	4	3	3	4	2	1	3	2	0	3	1	4	1	4	2	1	1	4	1	4	4	2	1	4	3	3	1	1	4	2	3	1	1	1	3	3	1	4	4	4	2	3	1	2	4	3	2	1	2	4	4	1	3	4	4	3	4	4	1	3	3	3	4	4	3	1	3	1	3	2	1	1	2	3	3	3	3	3	4	1	1	3	1	1
MSGA-53	MSGA-53	3	2	1	3	1	2	1	1	2	2	4	1	1	4	2	3	1	2	4	2	2	4	4	1	4	3	1	2	3	2	1	3	4	2	4	1	4	3	4	1	3	2	3	1	4	1	1	3	1	1	3	3	2	4	2	1	4	1	4	3	3	4	2	1	3	2	0	3	1	4	1	4	2	1	1	4	1	4	4	2	1	4	3	3	1	1	4	2	3	1	1	1	3	3	1	4	4	4	2	3	1	2	4	3	0	1	2	4	4	1	3	4	4	3	4	4	1	3	3	3	4	4	3	1	3	1	3	2	1	1	2	3	3	3	3	3	4	1	1	3	1	1
MSGA-54	MSGA-54	3	2	1	3	1	2	1	1	2	2	4	1	1	4	2	3	1	2	4	2	2	4	4	1	4	3	1	2	3	2	1	3	4	2	4	1	4	3	4	1	3	2	3	1	4	1	1	3	1	1	3	3	2	4	2	1	4	1	4	3	3	4	2	1	3	2	3	3	1	4	1	4	2	1	1	4	1	4	4	2	1	4	3	3	1	1	4	2	3	1	1	1	3	3	1	4	4	4	2	3	1	2	4	3	2	1	2	4	4	1	3	4	4	3	4	4	1	3	3	3	4	4	3	1	3	1	3	2	1	1	2	3	3	3	3	3	4	1	1	3	1	1
MSGA-55	MSGA-55	0	2	0	3	1	2	1	1	2	2	4	1	1	4	2	3	1	2	4	2	2	4	4	1	4	3	1	2	3	2	1	3	4	2	4	1	4	3	4	1	3	2	3	1	4	1	0	3	1	1	3	3	2	0	2	1	4	1	4	3	3	4	2	1	3	2	3	3	1	4	1	4	2	1	1	4	1	4	4	2	1	4	3	3	1	1	4	2	3	1	1	1	3	3	1	4	4	4	2	3	0	2	4	3	0	1	2	4	4	1	3	4	4	3	4	4	1	3	3	3	4	4	3	1	3	1	3	2	1	1	2	3	3	3	3	3	4	1	1	3	1	1
MSGA-56	MSGA-56	3	2	1	3	1	2	1	1	2	2	4	1	1	4	2	3	1	2	4	2	2	4	4	1	4	3	1	2	3	2	1	3	4	2	4	1	4	3	4	1	3	2	3	1	4	1	1	3	1	1	3	3	2	4	2	1	4	1	4	3	3	4	2	1	3	0	3	3	1	4	1	4	2	1	1	4	1	4	4	2	1	4	3	3	1	1	4	2	3	1	1	1	3	3	1	4	4	4	2	3	1	2	4	3	2	1	2	4	4	1	3	4	4	3	4	4	1	3	3	3	4	4	3	1	3	1	3	2	1	1	2	3	3	3	3	3	4	1	1	3	1	1
MSGA-57	MSGA-57	0	2	1	3	1	2	0	1	2	2	4	1	1	4	2	3	1	2	4	2	2	4	4	1	4	3	1	2	3	2	1	3	4	2	4	1	4	3	4	1	3	2	3	1	4	6	1	3	1	1	3	3	2	4	2	1	4	1	4	3	3	4	2	1	3	2	0	3	1	4	1	4	2	1	1	0	1	4	4	2	1	4	0	3	1	1	4	2	3	1	1	5	3	0	1	4	4	4	2	3	0	0	0	3	2	1	2	4	4	1	3	4	4	3	4	4	1	3	0	3	4	4	3	1	3	1	3	2	1	1	2	3	3	0	3	3	4	1	1	3	1	1
MSGA-59	MSGA-59	0	2	1	3	1	2	1	1	2	2	4	1	1	4	2	3	1	2	4	2	2	4	4	1	4	3	1	2	3	2	1	3	4	2	4	1	4	3	4	1	3	2	3	1	4	1	1	3	1	1	3	3	2	4	2	1	4	1	4	3	3	4	2	1	3	2	3	3	1	4	1	4	2	1	1	4	1	4	4	2	1	4	3	3	1	1	4	2	3	1	1	1	3	3	1	4	4	4	2	3	0	2	4	3	2	1	2	4	4	1	3	4	4	3	4	4	1	3	3	3	4	4	3	1	3	1	3	2	1	1	2	3	3	3	3	3	4	1	1	3	1	1
MSGA-60	MSGA-60	3	2	1	3	1	2	1	1	2	2	4	1	1	4	2	3	1	2	4	2	2	4	4	1	4	3	1	2	3	2	1	3	4	2	4	1	4	3	4	1	3	2	3	1	4	1	1	3	1	1	3	3	2	4	2	1	4	1	4	3	3	4	2	1	3	2	3	3	1	4	1	4	2	1	1	4	1	4	4	2	1	4	3	3	1	1	4	2	3	1	1	1	3	3	1	4	4	4	2	3	1	2	4	3	2	1	2	4	4	1	3	4	4	3	4	4	1	3	3	3	4	4	3	1	3	1	3	2	1	1	2	3	3	3	3	3	4	1	1	3	1	1
MSGA-61	MSGA-61	3	2	1	3	1	2	1	1	2	2	4	1	1	4	2	3	1	2	4	2	2	4	4	1	4	3	1	2	3	2	1	3	4	2	4	1	4	3	4	1	3	2	3	1	4	1	1	3	1	1	3	3	2	4	2	1	4	1	4	3	3	4	2	1	3	2	3	3	1	4	1	4	2	1	1	4	1	4	4	2	1	4	3	3	1	1	4	2	3	1	1	1	3	3	1	4	4	4	2	3	1	2	4	3	2	1	2	4	4	1	3	4	4	3	4	4	1	3	3	3	4	4	3	1	3	1	3	2	1	1	2	3	3	3	3	3	4	1	1	3	1	1
MSGA-63	MSGA-63	0	2	1	3	1	2	1	1	2	2	4	1	1	4	2	3	1	2	4	2	2	4	4	1	4	3	1	2	3	2	1	3	4	2	4	1	4	3	4	1	3	2	3	1	4	1	1	3	1	1	3	3	2	4	2	1	4	1	4	3	3	4	2	1	3	0	3	3	1	4	1	4	2	1	1	4	1	4	4	2	1	4	3	3	1	1	4	2	3	1	1	1	3	3	1	4	4	4	2	3	1	2	4	3	0	1	2	4	4	1	3	4	4	3	4	4	1	3	3	3	4	4	3	1	3	1	3	2	1	1	2	3	3	3	3	3	4	1	1	3	1	1
MSGA-64	MSGA-64	0	2	1	3	1	2	1	1	2	2	4	1	1	4	2	3	1	2	4	2	2	4	4	1	4	3	1	2	3	2	1	3	4	2	4	1	4	3	4	1	3	2	3	1	4	1	1	3	1	1	3	3	2	4	2	1	4	1	4	3	3	4	2	1	3	0	3	3	1	4	1	4	2	1	1	4	1	4	4	2	1	4	3	3	1	1	4	2	3	1	1	1	3	3	1	4	4	4	2	3	1	2	4	3	0	1	2	4	4	1	3	4	4	3	4	4	1	3	3	3	4	4	3	1	3	1	3	2	1	1	2	3	3	3	3	3	4	1	1	3	1	1
MSGA-65	MSGA-65	3	2	1	3	1	2	1	1	2	2	4	1	1	4	2	3	1	2	4	2	2	4	4	1	4	3	1	2	3	2	1	3	4	2	4	1	4	3	4	1	3	2	3	1	4	1	1	3	1	1	3	3	2	4	2	1	4	1	4	3	3	4	2	1	3	0	3	3	1	4	1	4	2	1	1	4	1	4	4	2	1	4	3	3	1	1	4	2	3	1	1	1	3	3	1	4	4	4	2	3	1	2	4	3	2	1	2	4	4	1	3	4	4	3	4	4	1	3	3	3	4	4	3	1	3	1	3	2	1	1	2	3	3	3	3	3	4	1	1	3	1	1
MSGA-66	MSGA-66	0	2	1	3	1	2	1	1	2	2	4	1	1	4	2	3	1	2	4	2	2	4	4	1	4	3	1	2	3	2	1	3	4	2	4	1	4	3	4	1	3	2	3	1	4	1	1	3	1	1	3	3	2	4	2	1	4	1	4	3	3	4	2	1	3	0	3	3	1	4	1	4	2	1	1	4	1	4	4	2	1	4	3	3	1	1	4	2	3	1	1	1	3	3	1	4	4	4	2	3	1	2	4	3	2	1	2	4	4	1	3	4	4	3	4	4	1	3	3	3	4	4	3	1	3	1	3	2	1	1	2	3	3	3	3	3	4	1	1	3	1	1
MSGA-67	MSGA-67	3	2	1	3	1	2	1	1	2	2	4	1	1	4	2	3	1	2	4	2	2	4	4	1	4	3	1	2	3	2	1	3	4	2	4	1	4	3	4	1	3	2	3	1	4	1	1	3	1	1	3	3	2	4	2	1	4	1	4	3	3	4	2	1	3	2	3	3	1	4	1	4	2	1	1	4	1	4	4	2	1	4	3	3	1	1	4	2	3	1	1	1	3	3	1	4	4	4	2	3	1	2	4	3	2	1	2	4	4	1	3	4	4	3	4	4	1	3	3	3	4	4	3	1	3	1	3	2	1	1	2	3	3	3	3	3	4	1	1	3	1	1
MSGA-69	MSGA-69	0	2	1	3	1	2	1	1	2	2	4	1	1	4	2	3	1	2	4	2	2	4	4	1	4	3	1	2	3	2	1	3	4	2	4	1	4	3	4	1	3	2	3	1	4	1	1	3	1	1	3	3	2	4	2	1	4	1	4	3	3	4	2	1	3	0	3	3	1	4	1	4	2	1	1	4	1	4	4	2	1	4	3	3	1	1	4	2	3	1	1	1	3	3	1	4	4	4	2	3	1	2	4	3	2	1	2	4	4	1	3	4	4	3	4	4	1	3	3	3	4	4	3	1	3	1	3	2	1	1	2	3	3	3	3	3	4	1	1	3	1	1
