strain	category	AtMSQTsnp 2	AtMSQTsnp 4	AtMSQTsnp 8	AtMSQTsnp 9	AtMSQTsnp 10	AtMSQTsnp 11	AtMSQTsnp 12	AtMSQTsnp 14	AtMSQTsnp 15	AtMSQTsnp 18	AtMSQTsnp 21	AtMSQTsnp 22	AtMSQTsnp 27	AtMSQTsnp 29	AtMSQTsnp 30	AtMSQTsnp 31	AtMSQTsnp 33	AtMSQTsnp 38	AtMSQTsnp 40	AtMSQTsnp 41	AtMSQTsnp 47	AtMSQTsnp 48	AtMSQTsnp 49	AtMSQTsnp 53	AtMSQTsnp 54	AtMSQTsnp 57	AtMSQTsnp 58	AtMSQTsnp 60	AtMSQTsnp 61	AtMSQTsnp 62	AtMSQTsnp 63	AtMSQTsnp 65	AtMSQTsnp 67	AtMSQTsnp 69	AtMSQTsnp 73	AtMSQTsnp 76	AtMSQTsnp 85	AtMSQTsnp 87	AtMSQTsnp 88	AtMSQTsnp 90	AtMSQTsnp 91	AtMSQTsnp 92	AtMSQTsnp 97	AtMSQTsnp 100	AtMSQTsnp 101	AtMSQTsnp 104	AtMSQTsnp 108	AtMSQTsnp 114	AtMSQTsnp 118	AtMSQTsnp 123	AtMSQTsnp 126	AtMSQTsnp 128	AtMSQTsnp 129	AtMSQTsnp 130	AtMSQTsnp 132	AtMSQTsnp 138	AtMSQTsnp 140	AtMSQTsnp 142	AtMSQTsnp 143	AtMSQTsnp 145	AtMSQTsnp 146	AtMSQTsnp 155	AtMSQTsnp 156	AtMSQTsnp 159	AtMSQTsnp 164	AtMSQTsnp 169	AtMSQTsnp 170	AtMSQTsnp 173	AtMSQTsnp 174	AtMSQTsnp 177	AtMSQTsnp 184	AtMSQTsnp 186	AtMSQTsnp 187	AtMSQTsnp 188	AtMSQTsnp 189	AtMSQTsnp 191	AtMSQTsnp 194	AtMSQTsnp 197	AtMSQTsnp 198	AtMSQTsnp 203	AtMSQTsnp 205	AtMSQTsnp 214	AtMSQTsnp 220	AtMSQTsnp 222	AtMSQTsnp 223	AtMSQTsnp 231	AtMSQTsnp 232	AtMSQTsnp 235	AtMSQTsnp 237	AtMSQTsnp 242	AtMSQTsnp 244	AtMSQTsnp 249	AtMSQTsnp 254	AtMSQTsnp 260	AtMSQTsnp 263	AtMSQTsnp 266	AtMSQTsnp 267	AtMSQTsnp 274	AtMSQTsnp 278	AtMSQTsnp 279	AtMSQTsnp 281	AtMSQTsnp 282	AtMSQTsnp 285	AtMSQTsnp 286	AtMSQTsnp 288	AtMSQTsnp 292	AtMSQTsnp 294	AtMSQTsnp 300	AtMSQTsnp 304	AtMSQTsnp 306	AtMSQTsnp 307	AtMSQTsnp 310	AtMSQTsnp 312	AtMSQTsnp 315	AtMSQTsnp 321	AtMSQTsnp 323	AtMSQTsnp 325	AtMSQTsnp 327	AtMSQTsnp 331	AtMSQTsnp 334	AtMSQTsnp 343	AtMSQTsnp 350	AtMSQTsnp 351	AtMSQTsnp 355	AtMSQTsnp 358	AtMSQTsnp 359	AtMSQTsnp 360	AtMSQTsnp 361	AtMSQTsnp 368	AtMSQTsnp 370	AtMSQTsnp 372	AtMSQTsnp 373	AtMSQTsnp 378	AtMSQTsnp 379	AtMSQTsnp 388	AtMSQTsnp 390	AtMSQTsnp 392	AtMSQTsnp 394	AtMSQTsnp 395	AtMSQTsnp 397	AtMSQTsnp 398	AtMSQTsnp 399	AtMSQTsnp 404	AtMSQTsnp 406	AtMSQTsnp 408	AtMSQTsnp 409	AtMSQTsnp 410	AtMSQTsnp 412	AtMSQTsnp 415
LI-EF-007	LI-EF-007	3	2	1	3	1	2	1	1	2	2	4	1	1	4	2	3	1	2	4	2	2	4	4	1	4	3	1	3	2	1	3	4	4	1	4	3	4	1	3	2	3	1	4	1	1	3	1	1	3	3	2	4	2	1	4	1	4	3	4	2	1	3	2	3	3	1	4	1	4	2	1	1	4	1	4	4	2	1	1	4	3	3	1	4	2	3	1	1	1	4	3	3	1	4	4	4	2	3	1	2	4	3	4	2	1	2	4	1	3	4	3	4	4	1	3	3	3	4	4	3	1	3	1	3	2	1	1	2	3	3	3	3	3	3	4	1	1	2	3	1	1
LI-EF-008	LI-EF-008	3	2	1	3	1	2	1	1	2	2	4	1	1	4	2	3	1	2	4	2	2	4	4	1	4	3	1	3	2	1	3	4	4	1	4	3	4	1	3	2	3	1	4	1	1	3	1	1	3	3	2	4	2	1	4	1	4	3	4	2	1	3	2	3	3	1	4	1	4	2	1	1	4	1	4	4	2	1	1	4	3	3	1	4	2	3	1	1	1	4	3	3	1	4	4	4	2	3	1	2	4	3	4	2	1	2	4	1	3	4	3	4	4	1	3	3	3	4	4	3	1	3	1	3	2	1	1	2	3	3	3	3	3	3	4	1	1	2	3	1	1
LI-EF-011	LI-EF-011	3	2	1	3	1	2	1	1	2	2	4	1	1	4	2	3	1	2	4	2	2	4	4	1	4	3	1	3	2	1	3	4	4	1	4	3	4	1	3	2	3	1	4	1	1	3	1	1	3	3	2	4	2	1	4	1	4	3	4	2	1	3	2	3	3	1	4	1	4	2	1	1	4	1	4	4	2	1	1	4	3	0	1	4	2	3	1	1	1	4	3	3	1	4	4	4	2	3	1	2	4	3	4	2	1	0	4	1	3	4	3	4	4	1	3	3	3	4	4	3	1	3	1	3	2	1	1	2	3	3	3	3	3	3	4	1	1	2	3	0	1
LI-EF-012	LI-EF-012	3	2	1	3	1	2	1	1	2	2	4	1	1	4	2	3	1	2	4	2	2	4	4	1	4	3	1	3	2	1	3	4	4	1	4	3	4	1	3	2	3	1	4	1	1	3	1	1	3	3	2	4	2	1	4	1	4	3	4	2	1	3	2	3	3	1	4	1	4	2	1	1	4	1	4	4	2	1	1	4	3	3	1	4	2	3	1	1	1	4	3	3	1	4	4	4	2	3	1	2	4	3	4	2	1	2	4	1	3	4	3	4	4	1	3	3	3	4	4	3	1	3	1	3	2	1	1	2	3	3	3	3	3	3	4	1	1	2	3	1	1
LI-EF-018	LI-EF-018	3	2	1	3	1	2	1	1	2	2	4	1	1	4	2	3	1	2	4	2	2	4	4	1	4	3	1	3	2	1	3	4	4	1	4	3	4	1	3	2	3	1	4	1	1	3	1	1	3	3	2	4	2	1	4	1	4	3	4	2	1	3	2	3	3	1	4	1	4	2	1	1	4	1	4	4	2	1	1	4	3	3	1	4	2	3	1	1	1	4	3	3	1	4	4	4	2	3	1	2	4	3	4	2	1	2	4	1	3	4	3	4	4	1	3	3	3	4	4	3	1	3	1	3	2	1	1	2	3	3	3	3	3	3	4	1	1	2	3	1	1
LI-EF-021	LI-EF-021	3	2	1	3	1	2	1	1	2	2	4	1	1	4	2	3	1	2	4	2	2	4	4	1	4	3	1	3	2	1	3	4	4	1	4	3	4	1	3	2	3	1	4	1	1	3	1	1	3	3	2	4	2	1	4	1	4	3	4	2	1	3	2	3	3	1	4	1	4	2	1	1	4	1	4	4	2	1	1	4	3	3	1	4	2	3	1	1	1	4	3	3	1	4	4	4	2	3	1	2	4	3	4	2	1	2	4	1	3	4	3	4	4	1	3	3	3	4	4	3	1	3	1	3	2	1	1	2	3	3	3	3	3	3	4	1	1	2	3	1	1
LI-EF-024	LI-EF-024	3	2	1	3	1	2	1	1	2	2	4	1	1	4	2	3	1	2	4	2	2	4	4	1	4	3	1	3	2	1	3	4	4	1	4	3	4	1	3	2	3	1	4	1	1	3	1	1	3	3	2	4	2	1	4	1	4	3	4	2	1	3	2	3	3	1	4	1	4	2	1	1	4	1	4	4	2	1	1	4	3	3	1	4	2	3	1	1	1	4	3	3	1	4	4	4	2	3	1	2	4	3	4	2	1	2	4	1	3	4	3	4	4	1	3	3	3	4	4	3	1	3	1	3	2	1	1	2	3	3	3	3	3	3	4	1	1	2	3	1	1
LI-EF-025	LI-EF-025	3	2	1	3	1	2	1	1	2	2	4	1	1	4	2	3	1	2	4	2	2	4	4	1	4	3	1	3	2	1	3	4	4	1	4	3	4	1	3	2	3	1	4	1	1	3	1	1	3	3	2	4	2	1	4	1	4	3	4	2	1	3	2	3	3	1	4	1	4	2	1	1	4	1	4	4	2	1	1	4	3	3	1	4	2	3	1	1	1	4	3	3	1	4	4	4	2	3	1	2	4	3	4	2	1	2	4	1	3	4	3	4	4	1	3	3	3	4	4	3	1	3	1	3	2	1	1	2	3	3	3	3	3	3	4	1	1	2	3	1	1
LI-EF-030	LI-EF-030	3	2	1	3	1	2	1	1	2	2	4	1	1	4	2	3	1	2	4	2	2	4	4	1	4	3	1	3	2	1	3	4	4	1	4	3	4	1	3	2	3	1	4	1	1	3	1	1	3	3	2	4	2	1	4	1	4	3	4	2	1	3	2	3	3	1	4	1	4	2	1	1	4	1	4	4	2	1	1	4	3	3	1	4	2	3	1	1	1	4	3	3	1	4	4	4	2	3	1	2	4	3	4	2	1	2	4	1	3	4	3	4	4	1	3	3	3	4	4	3	1	3	1	3	2	1	1	2	3	3	3	3	3	3	4	1	1	2	3	1	1
LI-EF-034	LI-EF-034	3	2	1	3	1	2	1	1	2	2	4	1	1	4	2	3	1	2	4	2	2	4	4	1	4	3	1	3	2	1	3	4	4	1	4	3	4	1	3	2	3	1	4	1	1	3	1	1	3	3	2	4	2	1	4	1	4	3	4	2	1	3	2	3	3	1	4	1	4	2	1	1	4	1	4	4	2	1	1	4	3	3	1	4	2	3	1	1	1	4	3	3	1	4	4	4	2	3	1	2	4	3	4	2	1	2	4	1	3	4	3	4	4	1	3	3	3	4	4	3	1	3	1	3	2	1	1	2	3	3	3	3	3	3	4	1	1	2	3	1	1
LI-EF-035	LI-EF-035	3	2	1	3	1	2	1	1	2	2	4	1	1	4	2	3	1	2	4	2	2	4	4	1	4	3	1	3	2	1	3	4	4	1	4	3	4	1	3	2	3	1	4	1	1	3	1	1	3	3	2	4	2	1	4	1	4	3	4	2	1	3	2	3	3	1	4	1	4	2	1	1	4	1	4	4	2	1	1	4	3	3	1	4	2	3	1	1	1	4	3	3	1	4	4	4	2	3	1	2	4	3	4	2	1	2	4	1	3	4	3	4	4	1	3	3	3	4	4	3	1	3	1	3	2	1	1	2	3	3	3	3	3	3	4	1	1	2	3	1	1
LI-EF-042	LI-EF-042	3	2	1	3	1	2	1	1	2	2	4	1	1	4	2	3	1	2	4	2	2	4	4	1	4	3	1	3	2	1	3	4	4	1	4	3	4	1	3	2	3	1	4	1	1	3	1	1	3	3	2	4	2	1	4	1	4	3	4	2	1	3	2	3	3	1	4	1	4	2	1	1	4	1	4	4	2	1	1	4	3	3	1	4	2	3	1	1	1	4	3	3	1	4	4	4	2	3	1	2	4	3	4	2	1	2	4	1	3	4	3	4	4	1	3	3	3	4	4	3	1	3	1	3	2	1	1	2	3	3	3	3	3	3	4	1	1	2	3	1	1
LI-EF-043	LI-EF-043	3	2	1	3	1	2	1	1	2	2	4	1	1	4	2	3	1	2	4	2	2	4	4	1	4	3	1	3	2	1	3	4	4	1	4	3	4	1	3	2	3	1	4	1	1	3	1	1	3	3	2	4	2	1	4	1	4	3	4	2	1	3	2	3	3	1	4	1	4	2	1	1	4	1	4	4	2	1	1	4	3	3	1	4	2	3	1	1	1	4	3	3	1	4	4	4	2	3	1	2	4	3	4	2	1	2	4	1	3	4	3	4	4	1	3	3	3	4	4	3	1	3	1	3	2	1	1	2	3	3	3	3	3	3	4	1	1	2	3	1	1
LI-EF-044	LI-EF-044	3	2	1	3	1	2	1	1	2	2	4	1	1	4	2	3	1	2	4	2	2	4	4	1	4	3	1	3	2	1	3	4	4	1	4	3	4	1	3	2	3	1	4	1	1	3	1	1	3	3	2	4	2	1	4	1	4	3	4	2	1	3	2	3	3	1	4	1	4	2	1	1	4	1	4	4	2	1	1	4	3	3	1	4	2	3	1	1	1	4	3	3	1	4	4	4	2	3	1	2	4	3	4	2	1	2	4	1	3	4	3	4	4	1	3	3	3	4	4	3	1	3	1	3	2	1	1	2	3	3	3	3	3	3	4	1	1	2	3	1	1
LI-EF-047	LI-EF-047	3	2	1	3	1	2	1	1	2	2	4	1	1	4	2	3	1	2	4	2	2	4	4	1	4	3	1	3	2	1	3	4	4	1	4	3	4	1	3	2	3	1	4	1	1	3	1	1	3	3	2	4	2	1	4	1	4	3	4	2	1	3	2	3	3	1	4	1	4	2	1	1	4	1	4	4	2	1	1	4	3	3	1	4	2	3	1	1	1	4	3	3	1	4	4	4	2	3	1	2	4	3	4	2	1	2	4	1	3	4	3	4	4	1	3	3	3	4	4	3	1	3	1	3	2	1	1	2	3	3	3	3	3	3	4	1	1	2	3	1	1
LI-EF-058	LI-EF-058	3	2	1	3	1	2	1	1	2	2	4	1	1	4	2	3	1	2	4	2	2	4	4	1	4	3	1	3	2	1	3	4	4	1	4	3	4	1	3	2	3	1	4	1	1	3	1	1	3	3	2	4	2	1	4	1	4	3	4	2	1	3	2	3	3	1	4	1	4	2	1	1	4	1	4	4	2	1	1	4	3	3	1	4	2	3	1	1	1	4	3	3	1	4	4	4	2	3	1	2	4	3	4	2	1	2	4	1	3	4	3	4	4	1	3	3	3	4	4	3	1	3	1	3	2	1	1	2	3	3	3	3	3	3	4	1	1	2	3	1	1
LI-EF-061	LI-EF-061	3	2	1	3	1	2	1	1	2	2	4	1	1	4	2	3	1	2	4	2	2	4	4	1	4	3	1	3	2	1	3	4	4	1	4	3	4	1	3	2	3	1	4	1	1	3	1	1	3	3	2	4	2	1	4	1	4	3	4	2	1	3	2	3	3	1	4	1	4	2	1	1	4	1	4	4	2	1	1	4	3	3	1	4	2	3	1	1	1	4	3	3	1	4	4	4	2	3	1	2	4	3	4	2	1	2	4	1	3	4	3	4	4	1	3	3	3	4	4	3	1	3	1	3	2	1	1	2	3	3	3	3	3	3	4	1	1	2	3	1	1
LI-EF-063	LI-EF-063	3	2	1	3	1	2	1	1	2	2	4	1	1	4	2	3	1	0	4	2	2	0	4	1	4	3	1	3	2	1	3	4	4	1	4	3	0	1	3	2	3	0	4	1	1	3	1	0	3	3	2	4	2	1	4	1	4	3	4	2	1	3	2	3	3	1	4	1	4	2	1	1	4	1	4	4	2	1	1	4	0	3	1	4	0	3	1	1	1	4	3	0	1	4	4	4	2	3	1	2	4	3	4	2	1	2	4	1	3	4	3	0	4	1	3	3	3	4	4	3	1	0	0	3	0	1	1	2	3	3	3	3	3	3	4	1	1	2	3	1	1
LI-EF-067	LI-EF-067	3	2	1	3	1	2	1	1	2	2	4	1	1	4	2	3	1	2	4	2	2	4	4	1	4	3	1	3	2	1	3	4	4	1	4	3	4	1	3	2	3	1	4	1	1	3	1	1	3	3	2	4	2	1	4	1	4	3	4	2	1	3	2	3	3	1	4	1	4	2	1	1	4	1	4	4	2	1	1	4	3	3	1	4	2	3	1	1	1	4	3	3	1	4	4	4	2	3	1	2	4	3	4	2	1	2	4	1	3	4	3	4	4	1	3	3	3	4	4	3	1	3	1	3	2	1	1	2	3	3	3	3	3	3	4	1	1	2	3	1	1
LI-EF-070	LI-EF-070	3	2	1	3	1	2	1	1	2	2	4	1	1	4	2	3	1	2	4	2	2	4	4	1	4	3	1	3	2	1	3	4	4	1	4	3	4	1	3	2	3	1	4	1	1	3	1	1	3	3	2	4	2	1	4	1	4	3	4	2	1	3	2	3	3	1	4	1	4	2	1	1	4	1	4	4	2	1	1	4	3	3	1	4	2	3	1	1	1	4	3	3	1	4	4	4	2	3	1	2	4	3	4	2	1	2	4	1	3	4	3	4	4	1	3	3	3	4	4	3	1	3	1	3	2	1	1	2	3	3	3	3	3	3	4	1	1	2	3	1	1
LI-EF-073	LI-EF-073	3	2	1	3	1	2	1	1	2	2	4	1	1	4	2	3	1	2	4	2	2	4	4	1	4	3	1	3	2	1	3	4	4	1	4	3	4	1	3	2	3	1	4	1	1	3	1	1	3	3	2	4	2	1	4	1	4	3	4	2	1	3	2	3	3	1	4	1	4	2	1	1	4	1	4	4	2	1	1	4	3	3	1	4	2	3	1	1	1	4	3	3	1	4	4	4	2	3	1	2	4	3	4	2	1	2	4	1	3	4	3	4	4	1	3	3	3	4	4	3	1	3	1	3	2	1	1	2	3	3	3	3	3	3	4	1	1	2	3	1	1
LI-EF-074	LI-EF-074	3	2	1	3	1	2	1	1	2	2	4	1	1	4	2	3	1	2	4	2	2	4	4	1	4	3	1	3	2	1	3	4	4	1	4	3	4	1	3	2	3	1	4	1	1	3	1	1	3	3	2	4	2	1	4	1	4	3	4	2	1	3	2	3	3	1	4	1	4	2	1	1	4	1	4	4	2	1	1	4	3	3	1	4	2	3	1	1	1	4	3	3	1	4	4	4	2	3	1	2	4	3	4	2	1	2	4	1	3	4	3	4	4	1	3	3	3	4	4	3	1	3	1	3	2	1	1	2	3	3	3	3	3	3	4	1	1	2	3	1	1
LI-EF-082	LI-EF-082	3	2	1	3	1	2	1	1	2	2	4	1	1	4	2	3	1	2	4	2	2	4	4	1	4	3	1	3	2	1	3	4	4	1	4	3	4	1	3	2	3	1	4	1	1	3	1	1	3	3	2	4	2	1	4	1	4	3	4	2	1	3	2	3	3	1	4	1	4	2	1	1	4	1	4	4	2	1	1	4	3	3	1	4	2	3	1	1	1	4	3	3	1	4	4	4	2	3	1	2	4	3	4	2	1	2	4	1	3	4	3	4	4	1	3	3	3	4	4	3	1	3	1	3	2	1	1	2	3	3	3	3	3	3	4	1	1	2	3	1	1
LI-EF-086	LI-EF-086	3	2	1	3	1	2	1	1	2	2	4	1	1	4	2	3	1	2	4	2	2	4	4	1	4	3	1	3	2	1	3	4	4	1	4	3	4	1	3	2	3	1	4	1	1	3	1	1	3	3	2	4	2	1	4	1	4	3	4	2	1	3	2	3	3	1	4	1	4	2	1	1	4	1	4	4	2	1	1	4	3	3	1	4	2	3	1	1	1	4	3	3	1	4	4	4	2	3	1	2	4	3	4	2	1	2	4	1	3	4	3	4	4	1	3	3	3	4	4	3	1	3	1	3	2	1	1	2	3	3	3	3	3	3	4	1	1	2	3	1	1
LI-EF-094	LI-EF-094	3	2	1	3	1	2	1	1	2	2	4	1	1	4	2	0	1	0	4	2	2	4	4	0	4	3	1	3	2	1	3	4	0	1	4	3	4	1	3	2	3	1	4	1	1	3	1	0	3	3	2	4	2	1	0	1	4	3	4	2	1	3	2	3	3	1	4	1	4	2	1	1	4	1	4	4	2	1	1	4	3	3	1	4	2	3	1	1	1	4	0	3	1	4	4	4	2	3	1	2	4	3	4	2	1	2	0	1	3	4	3	0	4	1	3	3	3	0	4	3	1	0	1	3	0	1	1	2	3	3	3	0	3	3	4	1	6	2	3	1	1
LI-EF-097	LI-EF-097	3	2	1	3	1	2	1	1	2	2	4	1	1	4	2	3	1	2	4	2	2	4	4	1	4	3	1	3	2	1	3	4	4	1	4	3	4	1	3	2	3	1	4	1	1	3	1	1	3	3	2	4	2	1	4	1	4	3	4	2	1	3	2	3	3	1	4	1	4	2	1	1	4	1	4	4	2	1	1	4	3	3	1	4	2	3	1	1	1	4	3	3	1	4	4	4	2	3	1	2	4	3	4	2	1	2	4	1	3	4	3	4	4	1	3	3	3	4	4	3	1	3	1	3	2	1	1	2	3	3	3	3	3	3	4	1	1	2	3	1	1
LI-SET-001	LI-SET-001	3	2	1	3	1	2	1	1	2	2	4	1	1	4	2	3	1	2	4	2	2	4	4	1	4	3	1	3	2	1	3	4	4	1	4	3	4	1	3	2	3	1	4	1	1	3	1	1	3	3	2	4	2	1	4	1	4	3	4	2	1	3	2	3	3	1	4	1	4	2	1	1	4	1	4	4	2	1	1	4	3	3	1	4	2	3	1	1	1	4	3	3	1	4	4	4	2	3	1	2	4	3	4	2	1	2	4	1	3	4	3	4	4	1	3	3	3	4	4	3	1	3	1	3	2	1	1	2	3	3	3	3	3	3	4	1	1	2	3	1	1
LI-SET-002	LI-SET-002	1	1	1	4	3	2	1	1	2	2	2	3	1	1	4	3	1	2	2	2	4	4	4	3	4	2	4	1	1	3	3	3	2	4	2	3	4	1	3	3	3	1	4	1	1	1	3	3	3	3	2	2	4	2	2	2	2	3	4	4	2	3	1	3	3	1	1	1	1	2	3	1	4	3	4	4	2	3	1	3	3	0	3	4	2	3	3	2	2	4	3	3	1	2	2	4	4	3	3	4	3	1	4	2	1	1	4	2	3	2	2	2	2	1	1	4	3	4	3	1	3	1	3	3	2	3	2	4	3	1	1	3	2	1	2	1	1	2	1	1	3
LI-SET-003	LI-SET-003	3	2	1	3	1	2	1	1	2	2	4	1	1	4	2	3	1	2	4	2	2	4	4	1	4	3	1	3	2	1	3	4	4	1	4	3	4	1	3	2	3	1	4	1	1	3	1	1	3	3	2	4	2	1	4	1	4	3	4	2	1	3	2	3	3	1	4	1	4	2	1	1	4	1	4	4	2	1	1	4	3	3	1	4	2	3	1	1	1	4	3	3	1	4	4	4	2	3	1	2	4	3	4	2	1	2	4	1	3	4	3	4	4	1	3	3	3	4	4	3	1	3	1	3	2	1	1	2	3	3	3	3	3	3	4	1	1	2	3	1	1
LI-SET-004	LI-SET-004	1	1	1	4	3	2	1	1	2	2	2	3	1	1	4	3	1	2	2	2	4	4	4	3	4	2	4	1	1	3	3	3	2	4	2	3	4	1	3	3	3	1	4	1	1	1	3	3	3	0	2	2	4	2	2	2	2	3	4	4	2	3	1	3	3	1	1	1	1	2	3	1	4	3	4	4	2	3	1	3	3	0	3	4	2	3	3	2	2	4	3	3	1	2	2	4	4	3	3	4	3	1	4	2	1	1	4	2	3	2	2	2	2	1	1	4	3	4	3	1	3	1	3	3	2	3	2	4	3	1	1	3	2	1	2	1	1	2	1	1	3
LI-SET-005	LI-SET-005	3	2	1	3	1	2	1	1	2	2	4	1	1	4	2	3	1	2	4	2	2	4	4	1	4	3	1	3	2	1	3	4	4	1	4	3	4	1	3	2	3	1	4	1	1	3	1	1	3	3	2	4	2	1	4	1	4	3	4	2	1	3	2	3	3	1	4	1	4	2	1	1	4	1	4	4	2	1	1	4	3	3	1	4	2	3	1	1	1	4	3	3	1	4	4	4	2	3	1	2	4	3	4	2	1	2	4	1	3	4	3	4	4	1	3	3	3	4	4	3	1	3	1	3	2	1	1	2	3	3	3	3	3	3	4	1	1	2	3	1	1
LI-SET-006	LI-SET-006	3	2	1	3	1	2	1	1	2	2	4	1	1	4	2	3	1	2	4	2	2	4	4	1	4	3	1	3	2	1	3	4	4	1	4	3	4	1	3	2	3	1	4	1	1	3	1	1	3	3	2	4	2	1	4	1	4	3	4	2	1	3	2	3	3	1	4	1	4	2	1	1	4	1	4	4	2	1	1	4	3	3	1	4	2	3	1	1	1	4	3	3	1	4	4	4	2	3	1	2	4	3	4	2	1	2	4	1	3	4	3	4	4	1	3	3	3	4	4	3	1	3	1	3	2	1	1	2	3	3	3	3	3	3	4	1	1	2	3	1	1
LI-SET-009	LI-SET-009	1	1	1	4	3	2	1	1	2	2	2	3	1	1	4	3	1	2	2	2	4	4	4	3	4	2	4	1	1	3	3	3	2	4	2	3	4	1	3	3	3	1	4	1	1	1	3	3	3	0	2	2	4	2	2	2	2	3	4	4	2	3	1	3	3	1	1	1	1	2	3	1	4	3	4	4	2	3	1	3	3	0	3	4	2	3	3	2	2	4	3	3	1	2	2	4	4	3	3	4	3	1	4	2	1	1	4	2	3	2	2	2	2	1	1	4	3	4	3	1	3	1	3	3	2	3	2	4	3	1	1	3	2	1	2	1	1	2	1	1	3
LI-SET-011	LI-SET-011	3	2	1	3	1	2	1	1	2	2	4	1	1	4	2	3	1	2	4	2	2	4	4	1	4	3	1	3	2	1	3	4	4	1	4	3	4	1	3	2	3	1	4	1	1	3	1	1	3	3	2	4	2	1	4	1	4	3	4	2	1	3	2	3	3	1	4	1	4	2	1	1	4	1	4	4	2	1	1	4	3	3	1	4	2	3	1	1	1	4	3	3	1	4	4	4	2	3	1	2	4	3	4	2	1	2	4	1	3	4	3	4	4	1	3	3	3	4	4	3	1	3	1	3	2	1	1	2	3	3	3	3	3	3	4	1	1	2	3	1	1
LI-SET-012	LI-SET-012	1	1	1	4	3	2	1	1	2	2	2	3	1	1	4	3	1	2	2	2	4	4	4	3	4	2	4	1	1	3	3	3	2	4	2	3	4	1	3	3	3	1	4	1	1	1	3	3	3	0	2	2	4	2	2	2	2	3	4	4	2	3	1	3	3	1	1	1	1	2	3	1	4	3	4	4	2	3	1	3	3	0	3	4	2	3	3	2	2	4	3	3	1	2	2	4	4	3	3	4	3	1	4	2	1	1	4	2	3	2	2	2	2	1	1	4	3	4	3	1	3	1	3	3	2	3	2	4	3	1	1	3	2	1	2	1	1	2	1	1	3
LI-SET-013	LI-SET-013	3	2	1	3	1	2	1	1	2	2	4	1	1	4	2	3	1	2	4	2	2	4	4	1	4	3	1	3	2	1	3	4	4	1	4	3	4	1	3	2	3	1	4	1	1	3	1	1	3	3	2	4	2	1	4	1	4	3	4	2	1	3	2	3	3	1	4	1	4	2	1	1	4	1	4	4	2	1	1	4	3	3	1	4	2	3	1	1	1	4	3	3	1	4	4	4	2	3	1	2	4	3	4	2	1	2	4	1	3	4	3	4	4	1	3	3	3	4	4	3	1	3	1	3	2	1	1	2	3	3	3	3	3	3	4	1	1	2	3	1	1
LI-SET-014	LI-SET-014	1	1	1	4	3	2	1	1	2	2	2	3	1	1	4	3	1	2	2	2	4	4	4	3	4	2	4	1	1	3	3	3	2	4	2	3	4	1	3	3	3	1	4	1	1	1	3	3	3	0	2	2	4	2	2	2	2	3	4	4	2	3	1	3	3	1	1	1	1	2	3	1	4	3	4	4	2	3	1	3	3	0	3	4	2	3	3	2	2	4	3	3	1	2	2	4	4	3	3	4	3	1	4	2	1	1	4	2	3	2	2	2	2	1	1	4	3	4	3	1	3	1	3	3	2	3	2	4	3	1	1	3	2	1	2	1	1	2	1	1	3
LI-SET-015	LI-SET-015	1	1	1	4	3	2	1	1	2	2	2	3	1	1	4	3	1	2	2	2	4	4	4	3	4	2	4	1	1	3	3	3	2	4	2	3	4	1	3	3	3	1	4	1	1	1	3	3	3	0	2	2	4	2	2	2	2	3	4	4	2	3	1	3	3	1	1	1	1	2	3	1	4	3	4	4	2	3	1	3	3	0	3	4	2	3	3	2	2	4	3	3	1	2	2	4	4	3	3	4	3	1	4	2	1	1	4	2	3	2	2	2	2	1	1	4	3	4	3	1	3	1	3	3	2	3	2	4	3	1	1	3	2	1	2	1	1	2	1	1	3
LI-SET-017	LI-SET-017	3	2	1	3	1	2	1	1	2	2	4	1	1	4	2	3	1	2	4	2	2	4	4	1	4	3	1	3	2	1	3	4	4	1	4	3	4	1	3	2	3	1	4	1	1	3	1	1	3	3	2	4	2	1	4	1	4	3	4	2	1	3	2	3	3	1	4	1	4	2	1	1	4	1	4	4	2	1	1	4	3	3	1	4	2	3	1	1	1	4	3	3	1	4	4	4	2	3	1	2	4	3	4	2	1	2	4	1	3	4	3	4	4	1	3	3	3	4	4	3	1	3	1	3	2	1	1	2	3	3	3	3	3	3	4	1	1	2	3	1	1
LI-SET-18a	LI-SET-18a	3	2	1	3	1	2	1	1	2	2	4	1	1	4	2	3	1	2	4	2	2	4	4	1	4	3	1	3	2	1	3	4	4	1	4	3	4	1	3	2	3	1	4	1	1	3	1	1	3	3	2	4	2	1	4	1	4	3	4	2	1	3	2	3	3	1	4	1	4	2	1	1	4	1	4	4	2	1	1	4	3	3	1	4	2	3	1	1	1	4	3	3	1	4	4	4	2	3	1	2	4	3	4	2	1	2	4	1	3	4	3	4	4	1	3	3	3	4	4	3	1	3	0	3	2	1	1	2	3	3	3	3	3	3	4	1	1	2	3	1	1
LI-SET-18b	LI-SET-18b	3	2	1	3	1	2	1	1	2	2	4	1	1	4	2	3	1	2	4	2	2	4	4	1	4	3	1	3	2	1	3	4	4	1	4	3	4	1	3	2	3	1	4	1	1	3	1	1	3	3	2	4	2	1	4	1	4	3	4	2	1	3	2	3	3	1	4	1	4	2	1	1	4	1	4	4	2	1	1	4	3	0	1	4	2	3	1	1	1	4	3	3	1	4	4	4	2	3	1	2	4	3	4	2	1	2	4	1	3	4	3	4	4	1	3	3	3	4	4	3	1	3	1	3	2	1	1	2	3	3	3	3	3	3	4	1	1	2	3	0	1
LI-SET-019	LI-SET-019	3	2	1	3	1	2	1	1	2	2	4	1	1	4	2	3	1	2	4	2	2	4	4	1	4	3	1	3	2	1	3	4	4	1	4	3	4	1	3	2	3	1	4	1	1	3	1	1	3	3	2	4	2	1	4	1	4	3	4	2	1	3	2	3	3	1	4	1	4	2	1	1	4	1	4	4	2	1	1	4	3	3	1	4	2	3	1	1	1	4	3	3	1	4	4	4	2	3	1	2	4	3	4	2	1	2	4	1	3	4	3	4	4	1	3	3	3	4	4	3	1	3	1	3	2	1	1	2	3	3	3	3	3	3	4	1	1	2	3	1	1
LI-SET-020	LI-SET-020	1	1	1	4	3	2	1	1	2	2	2	3	1	1	4	3	1	2	2	2	4	4	4	3	4	2	4	1	1	3	3	3	2	4	2	3	4	1	3	3	3	1	4	1	1	1	3	3	3	3	2	2	4	2	2	2	2	3	4	4	2	3	1	3	3	1	1	1	1	2	3	1	4	3	4	4	2	3	1	3	3	0	3	4	2	3	3	2	2	4	3	3	1	2	2	4	4	3	3	4	3	1	4	2	1	1	4	2	3	2	2	2	2	1	1	4	3	4	3	1	3	1	3	3	2	3	2	4	3	1	1	3	2	1	2	1	1	2	1	1	3
LI-SET-021	LI-SET-021	1	1	1	4	3	2	1	1	2	2	2	3	1	1	4	3	1	2	2	2	4	4	4	3	4	2	4	1	1	3	3	3	2	4	2	3	4	1	3	3	3	1	4	1	1	1	3	3	3	0	2	2	4	2	2	2	2	3	4	4	2	3	1	3	3	1	1	1	1	2	3	1	4	3	4	4	2	3	1	3	3	0	3	4	2	3	3	2	2	4	3	3	1	2	2	4	4	3	3	4	3	1	4	2	1	1	4	2	3	2	2	2	2	1	1	4	3	4	3	1	3	1	3	3	2	3	2	4	3	1	1	3	2	1	2	1	1	2	1	1	3
LI-SET-022	LI-SET-022	3	2	1	3	1	2	1	1	2	2	4	1	1	4	2	3	1	2	4	2	2	4	4	1	4	3	1	3	2	1	3	4	4	1	4	3	4	1	3	2	3	1	4	1	1	3	1	1	3	3	2	4	2	1	4	1	4	3	4	2	1	3	2	3	3	1	4	1	4	2	1	1	4	1	4	4	2	1	1	4	3	3	1	4	2	3	1	1	1	4	3	3	1	4	4	4	2	3	1	2	4	3	4	2	1	2	4	1	3	4	3	4	4	1	3	3	3	4	4	3	1	3	1	3	2	1	1	2	3	3	3	3	3	3	4	1	1	2	3	1	1
LI-SET-024	LI-SET-024	3	2	1	3	1	2	1	1	2	2	4	1	1	4	2	3	1	2	4	2	2	4	4	1	4	3	1	3	2	1	3	4	4	1	4	3	4	1	3	2	3	1	4	1	1	3	1	1	3	3	2	4	2	1	4	1	4	3	4	2	1	3	2	3	3	1	4	1	4	2	1	1	4	1	4	4	2	1	1	4	3	3	1	4	2	3	1	1	1	4	3	3	1	4	4	4	2	3	1	2	4	3	4	2	1	2	4	1	3	4	3	4	4	1	3	3	3	4	4	3	1	3	1	3	2	1	1	2	3	3	3	3	3	3	4	1	1	2	3	1	1
LI-SET-025	LI-SET-025	3	2	1	3	1	2	1	1	2	2	4	1	1	4	2	3	1	2	4	2	2	4	4	1	4	3	1	3	2	1	3	4	4	1	4	3	4	1	3	2	3	1	4	1	1	3	1	1	3	3	2	4	2	1	4	1	4	3	4	2	1	3	2	3	3	1	4	1	4	2	1	1	4	1	4	4	2	1	1	4	3	3	1	4	2	3	1	1	1	4	3	3	1	4	4	4	2	3	1	2	4	3	4	2	1	2	4	1	3	4	3	4	4	1	3	3	3	4	4	3	1	3	1	3	2	1	1	2	3	3	3	3	3	3	4	1	1	2	3	1	1
LI-SET-026	LI-SET-026	3	2	1	3	1	2	1	1	2	2	4	1	1	4	2	3	1	2	4	2	2	4	4	1	4	3	1	3	2	1	3	4	4	1	4	3	4	1	3	2	3	1	4	1	1	3	1	1	3	3	2	4	2	1	4	1	4	3	4	2	1	3	2	3	3	1	4	1	4	2	1	1	4	1	4	4	2	1	1	4	3	3	1	4	2	3	1	1	1	4	3	3	1	4	4	4	2	3	1	2	4	3	4	2	1	2	4	1	3	4	3	4	4	1	3	3	3	4	4	3	1	3	1	3	2	1	1	2	3	3	3	3	3	3	4	1	1	2	3	1	1
LI-SET-028	LI-SET-028	3	2	1	3	1	2	1	1	2	2	4	1	1	4	2	3	1	2	4	2	2	4	4	1	4	3	1	3	2	1	3	4	4	1	4	3	4	1	3	2	3	1	4	1	1	3	1	1	3	3	2	4	2	1	4	1	4	3	4	2	1	3	2	3	3	1	4	1	4	2	1	1	4	1	4	4	2	1	1	4	3	3	1	4	2	3	1	1	1	4	3	3	1	4	4	4	2	3	1	2	4	3	4	2	1	2	4	1	3	4	3	4	4	1	3	3	3	4	4	3	1	3	0	3	2	1	1	2	3	3	3	3	3	3	4	1	1	2	3	1	1
LI-SET-029	LI-SET-029	3	2	1	3	1	2	1	1	2	2	4	1	1	4	2	3	1	2	4	2	2	4	4	1	4	3	1	3	2	1	3	4	4	1	4	3	4	1	3	2	3	1	4	1	1	3	1	1	3	3	2	4	2	1	4	1	4	3	4	2	1	3	2	3	3	1	4	1	4	2	1	1	4	1	4	4	2	1	1	4	3	3	1	4	2	3	1	1	1	4	3	3	1	4	4	4	2	3	1	2	4	3	4	2	1	2	4	1	3	4	3	4	4	1	3	3	3	4	4	3	1	3	1	3	2	1	1	2	3	3	3	3	3	3	4	1	1	2	3	1	1
LI-SET-030	LI-SET-030	3	2	1	3	1	2	1	1	2	2	4	1	1	4	2	3	1	2	4	2	2	4	4	1	4	3	1	3	2	1	3	4	4	1	4	3	4	1	3	2	3	1	4	1	1	3	1	1	3	3	2	4	2	1	4	1	4	3	4	2	1	3	2	3	3	1	4	1	4	2	1	1	4	1	4	4	2	1	1	4	3	3	1	4	2	3	1	1	1	4	3	3	1	4	4	4	2	3	1	2	4	3	4	2	1	2	4	1	3	4	3	4	4	1	3	3	3	4	4	3	1	3	1	3	2	1	1	2	3	3	3	3	3	3	4	1	1	2	3	1	1
LI-SET-031	LI-SET-031	3	2	1	3	1	2	1	1	2	2	4	1	1	4	2	3	1	2	4	2	2	4	4	1	4	3	1	3	2	1	3	4	4	1	4	3	4	1	3	2	3	1	4	1	1	3	1	1	3	3	2	4	2	1	4	1	4	3	4	2	1	3	2	3	3	1	4	1	4	2	1	1	4	1	4	4	2	1	1	4	3	3	1	4	2	3	1	1	1	4	3	3	1	4	4	4	2	3	1	2	4	3	4	2	1	2	4	1	3	4	3	4	4	1	3	3	3	4	4	3	1	3	1	3	2	1	1	2	3	3	3	3	3	3	4	1	1	2	3	1	1
LI-SET-032	LI-SET-032	3	2	1	3	1	2	1	1	2	2	4	1	1	4	2	3	1	2	4	2	2	4	4	1	4	3	1	3	2	1	3	4	4	1	4	3	4	1	3	2	3	1	4	1	1	3	1	1	3	3	2	4	2	1	4	1	4	3	4	2	1	3	2	3	3	1	4	1	4	2	1	1	4	1	4	4	2	1	1	4	3	3	1	4	2	3	1	1	1	4	3	3	1	4	4	4	2	3	1	2	4	3	4	2	1	2	4	1	3	4	3	4	4	1	3	3	3	4	4	3	1	3	0	3	2	1	1	2	3	3	3	3	3	3	4	1	1	2	3	1	1
LI-SET-033	LI-SET-033	3	2	1	3	1	2	1	1	2	2	4	1	1	4	2	3	1	2	4	2	2	4	4	1	4	3	1	3	2	1	3	4	4	1	4	3	4	1	3	2	3	1	4	1	1	3	1	1	3	3	2	4	2	1	4	1	4	3	4	2	1	3	2	3	3	1	4	1	4	2	1	1	4	1	4	4	2	1	1	4	3	3	1	4	2	3	1	1	1	4	3	3	1	4	4	4	2	3	1	2	4	3	4	2	1	2	4	1	3	4	3	4	4	1	3	3	3	4	4	3	1	3	1	3	2	1	1	2	3	3	3	3	3	3	4	1	1	2	3	1	1
LI-SET-035	LI-SET-035	3	2	1	3	1	2	1	1	2	2	4	1	1	4	2	3	1	2	4	2	2	4	4	1	4	3	1	3	2	1	3	4	4	1	4	3	4	1	3	2	3	1	4	1	1	3	1	1	3	3	2	4	2	1	4	1	4	3	4	2	1	3	2	3	3	1	4	1	4	2	1	1	4	1	4	4	2	1	1	4	3	3	1	4	2	3	1	1	1	4	3	3	1	4	4	4	2	3	1	2	4	3	4	2	1	2	4	1	3	4	3	4	4	1	3	3	3	4	0	3	1	3	0	3	2	1	1	2	3	3	3	3	3	3	4	1	1	2	3	1	1
LI-SET-036	LI-SET-036	3	2	1	3	1	2	1	1	2	2	4	1	1	4	2	3	1	2	4	2	2	4	4	1	4	3	1	3	2	1	3	4	4	1	4	3	4	1	3	2	3	1	4	1	1	3	1	1	3	3	2	4	2	1	4	1	4	3	4	2	1	3	2	3	3	1	4	1	4	2	1	1	4	1	4	4	2	1	1	4	3	3	1	4	2	3	1	1	1	4	3	3	1	4	4	4	2	3	1	2	4	3	4	2	1	2	4	1	3	4	3	4	4	1	3	3	3	4	4	3	1	3	1	3	2	1	1	2	3	3	3	3	3	3	4	1	1	2	3	1	1
LI-SET-037	LI-SET-037	3	2	1	3	1	2	1	1	2	2	4	1	1	4	2	3	1	2	4	2	2	4	4	1	4	3	1	3	2	1	3	4	4	1	4	3	4	1	3	2	3	1	4	1	1	3	1	1	3	3	2	4	2	1	4	1	4	3	4	2	1	3	2	3	3	1	4	1	4	2	1	1	4	1	4	4	2	1	1	4	3	0	1	4	2	3	1	1	1	4	3	3	1	4	4	4	2	3	1	2	4	3	4	2	1	2	4	1	3	4	3	4	4	1	3	3	3	4	4	3	1	3	0	3	2	1	1	2	3	3	3	3	3	3	4	1	1	2	3	0	1
LI-SET-039	LI-SET-039	3	2	1	3	1	2	1	1	2	2	4	1	1	4	2	3	1	2	4	2	2	4	4	1	4	3	1	3	2	1	3	4	4	1	4	3	4	1	3	2	3	1	4	1	1	3	1	1	3	3	2	4	2	1	4	1	4	3	4	2	1	3	2	3	3	1	4	1	4	2	1	1	4	1	4	4	2	1	1	4	3	3	1	4	2	3	1	1	1	4	3	3	1	4	4	4	2	3	1	2	4	3	4	2	1	2	4	1	3	4	3	4	4	1	3	3	3	4	4	3	1	3	1	3	2	1	1	2	3	3	3	3	3	3	4	1	1	2	3	1	1
LI-SET-040	LI-SET-040	3	2	1	3	1	2	1	1	2	2	4	1	1	4	2	3	1	2	4	2	2	4	4	1	4	3	1	3	2	1	3	4	4	1	4	3	4	1	3	2	3	1	4	1	1	3	1	1	3	3	2	4	0	1	4	1	4	3	4	2	1	3	2	3	3	1	4	1	4	2	1	1	4	1	4	4	2	1	1	4	3	3	1	4	2	3	1	1	1	4	3	3	1	4	4	4	2	3	1	2	4	3	4	2	1	2	4	1	3	4	3	4	4	1	3	3	3	4	4	3	1	3	1	3	2	1	1	2	3	3	3	3	3	3	4	1	1	2	3	1	1
LI-SET-041	LI-SET-041	3	2	1	3	1	2	1	1	2	2	4	1	1	4	2	3	1	2	4	2	2	4	4	1	4	3	1	3	2	1	3	4	4	1	4	3	4	1	3	2	3	1	4	1	1	3	1	1	3	3	2	4	2	1	4	1	4	3	4	2	1	3	2	3	3	1	4	1	4	2	1	1	4	1	4	4	2	1	1	4	3	3	1	4	2	3	1	1	1	4	3	3	1	4	4	4	2	3	1	2	4	3	4	2	1	2	4	1	3	4	3	4	4	1	3	3	3	4	4	3	1	3	1	3	2	1	1	2	3	3	3	3	3	3	4	1	1	2	3	1	1
LI-SET-044	LI-SET-044	3	2	1	3	1	2	1	1	2	2	4	1	1	4	2	3	1	2	4	2	2	4	4	1	4	3	1	3	2	1	3	4	4	1	4	3	4	1	3	2	3	1	4	1	1	3	1	1	3	3	2	4	4	1	4	1	4	3	4	2	1	3	2	3	3	1	4	1	4	2	1	1	4	1	4	4	2	1	1	4	3	3	1	4	2	3	1	1	1	4	3	3	1	4	4	4	2	3	1	2	4	3	4	2	1	2	4	1	3	4	3	4	4	1	3	3	3	4	4	3	1	3	0	3	2	1	1	2	3	3	3	3	3	3	4	1	1	2	3	1	1
LI-SET-046	LI-SET-046	3	2	1	3	1	2	1	1	2	2	4	1	1	4	2	0	1	0	4	2	2	0	4	0	4	3	1	3	2	1	3	0	0	1	4	3	4	1	3	2	3	0	4	1	1	0	1	0	0	3	2	4	2	0	0	1	4	3	4	2	1	3	2	3	3	0	4	1	0	0	1	0	4	0	0	0	2	1	1	4	3	3	1	4	0	3	1	1	1	0	0	3	1	0	4	4	0	3	1	2	4	0	4	2	1	2	0	1	3	4	3	0	0	1	3	3	3	0	4	3	1	0	0	0	0	1	1	2	3	0	3	0	3	3	4	1	0	0	3	1	1
LI-SET-047	LI-SET-047	3	2	1	3	1	2	1	1	2	2	4	1	1	4	2	0	1	0	4	2	2	0	4	0	4	3	1	3	2	1	3	0	0	1	4	3	4	1	3	2	3	0	4	1	1	0	1	0	0	3	2	4	2	0	0	1	4	3	4	2	1	3	2	3	3	0	4	1	0	0	1	0	4	0	0	0	2	1	1	4	3	3	1	4	0	3	1	1	1	0	0	3	1	0	4	4	0	3	1	2	4	0	4	2	1	2	0	1	3	4	3	0	0	1	3	3	3	0	4	3	1	0	0	0	0	1	1	2	3	0	3	0	3	3	4	1	0	0	3	1	1
LI-WP-010	LI-WP-010	3	2	1	3	1	2	1	1	2	2	4	1	1	4	2	3	1	2	4	2	2	4	4	1	4	3	1	3	2	1	3	4	4	1	4	3	4	1	3	2	3	1	4	1	1	3	1	1	3	3	2	4	2	1	4	1	4	3	4	2	1	3	2	3	3	1	4	1	4	2	1	1	4	1	4	4	2	1	1	4	3	3	1	4	2	3	1	1	1	4	3	0	1	4	4	4	2	3	1	2	4	3	0	2	1	2	4	1	3	4	3	4	4	1	3	3	3	4	4	3	1	3	0	3	2	1	1	2	3	3	3	3	3	3	4	1	1	2	3	1	1
LI-WP-012	LI-WP-012	3	2	1	3	1	2	1	1	2	2	4	1	1	4	2	3	1	2	4	2	2	4	4	1	4	3	1	3	2	1	3	4	4	1	4	3	4	1	3	2	3	1	4	1	1	3	1	1	3	3	2	4	2	1	4	1	4	3	4	2	1	3	2	3	3	1	4	1	4	2	1	1	4	1	4	4	2	1	1	4	3	3	1	4	2	3	1	1	1	4	3	3	1	4	4	4	2	3	1	2	4	3	4	2	1	2	4	1	3	4	3	4	4	1	3	3	3	4	4	3	1	3	1	3	2	1	1	2	3	3	3	3	3	3	4	1	1	2	3	1	1
LI-WP-016	LI-WP-016	3	2	1	3	1	2	1	1	2	2	4	1	1	4	2	3	1	2	4	2	2	4	4	1	4	3	1	3	2	1	3	4	4	1	4	3	4	1	3	2	3	1	4	1	1	3	1	1	3	3	2	4	2	1	4	1	4	3	4	2	1	3	2	3	3	1	4	1	4	2	1	1	4	1	4	4	2	1	1	4	3	3	1	4	2	3	1	1	1	4	3	3	1	4	4	4	2	3	1	2	4	3	0	2	1	2	4	1	3	4	3	4	4	1	3	3	3	4	4	3	1	3	1	3	2	1	1	2	3	3	3	3	3	3	4	1	1	2	3	1	1
LI-WP-018	LI-WP-018	3	2	1	3	1	2	1	1	2	2	4	1	1	4	2	3	1	2	4	2	2	4	4	1	4	3	1	3	2	1	3	4	4	1	4	3	4	1	3	2	3	1	4	1	1	3	1	1	3	3	2	4	2	1	4	1	4	3	4	2	1	3	2	3	3	1	4	1	4	2	1	1	4	1	4	4	2	1	1	4	3	3	1	4	2	3	1	1	1	4	3	3	1	4	4	4	2	3	1	2	4	3	4	2	1	2	4	1	3	4	3	4	4	1	3	3	3	4	4	3	1	3	1	3	2	1	1	2	3	3	3	3	3	3	4	1	1	2	3	1	1
LI-WP-020	LI-WP-020	3	2	1	3	1	2	1	1	2	2	4	1	1	4	2	3	1	2	4	2	2	4	4	1	4	3	1	3	2	1	3	4	4	1	4	3	4	1	3	2	3	1	4	1	1	3	1	1	3	3	2	4	2	1	4	1	4	3	4	2	1	3	2	3	3	1	4	1	4	2	1	1	4	1	4	4	2	1	1	4	3	3	1	4	2	3	1	1	1	4	3	3	1	4	4	4	2	3	1	2	4	3	4	2	1	2	4	1	3	4	3	4	4	1	3	3	3	4	4	3	1	3	1	3	2	1	1	2	3	3	3	3	3	3	4	1	1	2	3	1	1
LI-WP-022	LI-WP-022	3	2	1	3	1	2	1	1	2	2	4	1	1	4	2	3	1	2	4	2	2	4	4	1	4	3	1	3	2	1	3	4	4	1	4	3	4	1	3	2	3	1	4	1	1	3	1	1	3	3	2	4	2	1	4	1	4	3	4	2	1	3	2	3	3	1	4	1	4	2	1	1	4	1	4	4	2	1	1	4	3	3	1	4	2	3	1	1	1	4	3	3	1	4	4	4	2	3	1	2	4	3	4	2	1	2	4	1	3	4	3	4	4	1	3	3	3	4	4	3	1	3	1	3	2	1	1	2	3	3	3	3	3	3	4	1	1	2	3	1	1
LI-WP-024	LI-WP-024	3	2	1	3	1	2	1	1	2	2	4	1	1	4	2	3	1	2	4	2	2	4	4	1	4	3	1	3	2	1	3	4	4	1	4	3	4	1	3	2	3	1	4	1	1	3	1	1	3	3	2	4	2	1	4	1	4	3	4	2	1	3	2	3	3	1	4	1	4	2	1	1	4	1	4	4	2	1	1	4	3	3	1	4	2	3	1	1	1	4	3	3	1	4	4	4	2	3	1	2	4	3	4	2	1	2	4	1	3	4	3	4	4	1	3	3	3	4	4	3	1	3	1	3	2	1	1	2	3	3	3	3	3	3	4	1	1	2	3	1	1
LI-WP-027	LI-WP-027	3	2	1	3	1	2	1	1	2	2	4	1	1	4	2	3	1	2	4	2	2	4	4	1	4	3	1	3	2	1	3	4	4	1	4	3	4	1	3	2	3	1	4	1	1	3	1	1	3	3	2	4	9	1	4	1	4	3	4	2	1	3	2	3	3	1	4	1	4	2	1	1	4	1	4	4	2	1	1	4	3	3	1	4	2	3	1	1	1	4	3	3	1	4	4	4	2	3	1	2	4	3	4	2	1	2	4	1	3	4	3	4	4	1	3	3	3	4	4	3	1	3	1	3	2	1	1	2	3	3	3	3	3	3	4	1	1	2	3	1	1
LI-WP-028	LI-WP-028	3	2	1	3	1	2	1	1	2	2	4	1	1	4	2	3	1	2	4	2	2	4	4	1	4	3	1	3	2	1	3	4	4	1	4	3	4	1	3	2	3	1	4	1	1	3	1	1	3	3	2	4	2	1	4	1	4	3	4	2	1	3	2	3	3	1	4	1	4	2	1	1	4	1	4	4	2	1	1	4	3	3	1	4	2	3	1	1	1	4	3	3	1	4	4	4	2	3	1	2	4	3	0	2	1	2	4	1	3	4	3	4	4	1	3	3	3	4	4	3	1	3	1	3	2	1	1	2	3	3	3	3	3	3	4	1	1	2	3	1	1
LI-WP-030	LI-WP-030	3	2	1	3	1	2	1	1	2	2	4	1	1	4	2	3	1	2	4	2	2	4	4	1	4	3	1	3	2	1	3	4	4	1	4	3	4	1	3	2	3	1	4	1	1	3	1	1	3	3	2	4	2	1	4	1	4	3	4	2	1	3	2	3	3	1	4	1	4	2	1	1	4	1	4	4	2	1	1	4	3	3	1	4	2	3	1	1	1	4	3	0	1	4	4	4	2	3	1	2	4	3	4	2	1	2	4	1	3	4	3	4	4	1	3	3	3	4	4	3	1	3	1	3	2	1	1	2	3	3	3	3	3	3	4	1	1	2	3	1	1
LI-WP-036	LI-WP-036	3	2	1	3	1	2	1	1	2	2	4	1	1	4	2	3	1	2	4	2	2	4	4	1	4	3	1	3	2	1	3	4	4	1	4	3	4	1	3	2	3	1	4	1	1	3	1	1	3	3	2	4	2	1	4	1	4	3	4	2	1	3	2	3	3	1	4	1	4	2	1	1	4	1	4	4	2	1	1	4	3	3	1	4	2	3	1	1	1	4	3	3	1	4	4	4	2	3	1	2	4	3	0	2	1	2	4	1	3	4	3	4	4	1	3	3	3	4	4	3	1	3	1	3	2	1	1	2	3	3	3	3	3	3	4	1	1	2	3	1	1
LI-WP-039	LI-WP-039	3	2	1	3	1	2	1	1	2	2	4	1	1	4	2	3	1	2	4	2	2	4	4	1	4	3	1	3	2	1	3	4	4	1	4	3	4	1	3	2	3	1	4	1	1	3	1	1	3	3	2	4	2	1	4	1	4	3	4	2	1	3	2	3	3	1	4	1	4	2	1	1	4	1	4	4	2	1	1	4	3	3	1	4	2	3	1	1	1	4	3	3	1	4	4	4	2	3	1	2	4	3	4	2	1	2	4	1	3	4	3	4	4	1	3	3	3	4	4	3	1	3	0	3	2	1	1	2	3	3	3	3	3	3	4	1	1	2	3	1	1
LI-WP-040	LI-WP-040	3	2	1	3	1	2	1	1	2	2	4	1	1	4	2	3	1	2	4	2	2	4	4	1	4	3	1	3	2	1	3	4	4	1	4	3	4	1	3	2	3	1	4	1	1	3	1	1	3	3	2	4	2	1	4	1	4	3	4	2	1	3	2	3	3	1	4	1	4	2	1	1	4	1	4	4	2	1	1	4	3	3	1	4	2	3	1	1	1	4	3	3	1	4	4	4	2	3	1	2	4	3	4	2	1	2	4	1	3	4	3	4	4	1	3	3	3	4	4	3	1	3	1	3	2	1	1	2	3	3	3	3	3	3	4	1	1	2	3	1	1
LI-WP-041	LI-WP-041	3	2	1	3	1	2	1	1	2	2	4	1	1	4	2	3	1	2	4	2	2	4	4	1	4	3	1	3	2	1	3	4	4	1	4	3	4	1	3	2	3	1	4	1	1	3	1	1	3	3	2	4	2	1	4	1	4	3	4	2	1	3	2	3	3	1	4	1	4	2	1	1	4	1	4	4	2	1	1	4	3	3	1	4	2	3	1	1	1	4	3	3	1	4	4	4	2	3	1	2	4	3	4	2	1	2	4	1	3	4	3	4	4	1	3	3	3	4	4	3	1	3	1	3	2	1	1	2	3	3	3	3	3	3	4	1	1	2	3	1	1
LI-WP-044	LI-WP-044	3	2	1	3	1	2	1	1	2	2	4	1	1	4	2	3	1	2	4	2	2	4	4	1	4	3	1	3	2	1	3	4	4	1	4	3	4	1	3	2	3	1	4	1	1	3	1	1	3	3	2	4	2	1	4	1	4	3	4	2	1	3	2	3	3	1	4	1	4	2	1	1	4	1	4	4	2	1	1	4	3	3	1	4	2	3	1	1	1	4	3	3	1	4	4	4	2	3	1	2	4	3	4	2	1	2	4	1	3	4	3	4	4	1	3	3	3	4	4	3	1	3	1	3	2	1	1	2	3	3	3	3	3	3	4	1	1	2	3	1	1
LI-WP-045	LI-WP-045	3	2	1	3	1	2	1	1	2	2	4	1	1	4	2	3	1	2	4	2	2	4	4	1	4	3	1	3	2	1	3	4	4	1	4	3	4	1	3	2	3	1	4	1	1	3	1	1	3	3	2	4	2	1	4	1	4	3	4	2	1	3	2	3	3	1	4	1	4	2	1	1	4	1	4	4	2	1	1	4	3	3	1	4	2	3	1	1	1	4	3	0	1	4	4	4	2	3	1	2	4	3	4	2	1	2	4	1	3	4	3	4	4	1	3	3	3	4	4	3	1	3	0	3	2	1	1	2	3	3	3	3	3	3	4	1	1	2	3	0	1
LI-WP-046	LI-WP-046	3	2	1	3	1	2	1	1	2	2	4	1	1	4	2	3	1	2	4	2	2	4	4	1	4	3	1	3	2	1	3	4	4	1	4	3	4	1	3	2	3	1	4	1	1	3	1	1	3	3	2	4	2	1	4	1	4	3	4	2	1	3	2	3	3	1	4	1	4	2	1	1	4	1	4	4	2	1	1	4	3	3	1	4	2	3	1	1	1	4	3	3	1	4	4	4	2	3	1	2	4	3	4	2	1	2	4	1	3	4	3	4	4	1	3	3	3	4	4	3	1	3	0	3	2	1	1	2	3	3	3	3	3	3	4	1	1	2	3	1	1
LI-WP-047	LI-WP-047	3	2	1	3	1	2	1	1	2	2	4	1	1	4	2	3	1	2	4	2	2	4	4	1	4	3	1	3	2	1	3	4	4	1	4	3	4	1	3	2	3	1	4	1	1	3	1	1	3	3	2	4	2	1	4	1	4	3	4	2	1	3	2	3	3	1	4	1	4	2	1	1	4	1	4	4	2	1	1	4	3	3	1	4	2	3	1	1	1	4	3	3	1	4	4	4	2	3	1	2	4	3	4	2	1	2	4	1	3	4	3	4	4	1	3	3	3	4	4	3	1	3	1	3	2	1	1	2	3	3	3	3	3	3	4	1	1	2	3	1	1
LI-WP-049	LI-WP-049	3	2	1	3	1	2	1	1	2	2	4	1	1	4	2	3	1	2	4	2	2	4	4	1	0	3	1	3	2	1	3	4	4	1	4	3	4	1	3	2	3	1	4	1	1	3	0	1	3	3	2	0	2	1	4	1	4	3	4	2	1	3	2	3	3	1	4	1	4	2	1	1	4	1	4	4	2	1	0	4	3	3	1	4	2	3	1	1	1	4	3	3	1	4	4	4	2	3	1	2	4	3	9	2	1	2	4	1	3	4	3	4	4	0	3	3	3	4	4	3	1	3	1	3	2	1	1	2	3	3	3	3	3	3	9	1	1	2	3	0	0
LI-WP-051	LI-WP-051	3	2	1	3	1	2	1	1	2	2	4	1	1	4	2	3	1	2	4	2	2	4	4	1	4	3	1	3	2	1	3	4	4	1	4	3	4	1	3	2	3	1	4	1	1	3	1	1	3	3	2	4	2	1	4	1	4	3	4	2	1	3	2	3	3	1	4	1	4	2	1	1	4	1	4	4	2	1	1	4	3	3	1	4	2	3	1	1	1	4	3	3	1	4	4	4	2	3	1	2	4	3	4	2	1	2	4	1	3	4	3	4	4	1	3	3	3	4	4	3	1	3	1	3	2	1	1	2	3	3	3	3	3	3	4	1	1	2	3	1	1
LI-WP-054	LI-WP-054	3	2	1	3	1	2	1	1	2	2	4	1	1	4	2	3	1	2	4	2	2	4	4	1	4	3	1	3	2	1	3	4	4	1	4	3	4	1	3	2	3	1	4	1	1	3	1	1	3	3	2	4	2	1	4	1	4	3	4	2	1	3	2	3	3	1	4	1	4	2	1	1	4	1	4	4	2	1	1	4	3	3	1	4	2	3	1	1	1	4	3	3	1	4	4	4	2	3	1	2	4	3	4	2	1	2	4	1	3	4	3	4	4	1	3	3	3	4	4	3	1	3	1	3	2	1	1	2	3	3	3	3	3	3	4	1	1	2	3	1	1
LI-WP-062	LI-WP-062	3	2	1	3	1	2	1	1	2	2	4	1	1	4	2	3	1	2	4	2	2	4	4	1	4	3	1	3	2	1	3	4	4	1	4	3	4	1	3	2	3	1	4	1	1	3	1	1	3	3	2	4	2	1	4	1	4	3	4	2	1	3	2	3	3	1	4	1	4	2	1	1	4	1	4	4	2	1	1	4	3	3	1	4	2	3	1	1	1	4	3	3	1	4	4	4	2	3	1	2	4	3	4	2	1	2	4	1	3	4	3	4	4	1	3	3	3	4	4	3	1	3	1	3	2	1	1	2	3	3	3	3	3	3	4	1	1	2	3	1	1
LI-WP-063	LI-WP-063	3	2	1	3	1	2	1	1	2	2	4	1	1	4	2	3	1	2	4	2	2	4	4	1	4	3	1	3	2	1	3	4	4	1	4	3	4	1	3	2	3	1	4	1	1	3	1	1	3	3	2	4	2	1	4	1	4	3	4	2	1	3	2	3	3	1	4	1	4	2	1	1	4	1	4	4	2	1	1	4	3	3	1	4	2	3	1	1	1	4	3	3	1	4	4	4	2	3	1	2	4	3	4	2	1	2	4	1	3	4	3	4	4	1	3	3	3	4	4	3	1	3	1	3	2	1	1	2	3	3	3	3	3	3	4	1	1	2	3	1	1
LI-WP-064	LI-WP-064	3	2	1	3	1	2	1	1	2	2	4	1	1	4	2	3	1	2	4	2	2	4	4	1	4	3	1	3	2	1	3	4	4	1	4	3	4	1	3	2	3	1	4	1	1	3	1	1	3	3	2	4	2	1	4	1	4	3	4	2	1	3	2	3	3	1	4	1	4	2	1	1	4	1	4	4	2	1	1	4	3	3	1	4	2	3	1	1	1	4	3	3	1	4	4	4	2	3	1	2	4	3	4	2	1	2	4	1	3	4	3	4	4	1	3	3	3	4	4	3	1	3	1	3	2	1	1	2	3	3	3	3	3	3	4	1	1	2	3	1	1
LI-WP-065	LI-WP-065	3	2	1	3	1	2	1	1	2	2	4	1	1	4	2	3	1	2	4	2	2	4	4	1	4	3	1	3	2	1	3	4	4	1	4	3	4	1	3	2	3	1	4	1	1	3	1	1	3	3	2	4	2	1	4	1	4	3	4	2	1	3	2	3	3	1	4	1	4	2	1	1	4	1	4	4	2	1	1	4	3	3	1	4	2	3	1	1	1	4	3	3	1	4	4	4	2	3	1	2	4	3	4	2	1	2	4	1	3	4	3	4	4	1	3	3	3	4	4	3	1	3	1	3	2	1	1	2	3	3	3	3	3	3	4	1	1	2	3	1	1
LI-WP-068	LI-WP-068	3	2	1	3	1	2	1	1	2	2	4	1	1	4	2	3	1	2	4	2	2	4	4	1	4	3	1	3	2	1	3	4	4	1	4	3	4	1	3	2	3	1	4	1	1	3	1	1	3	3	2	4	2	1	4	1	4	3	4	2	1	3	2	3	3	1	4	1	4	2	1	1	4	1	4	4	2	1	1	4	3	3	1	4	2	3	1	1	1	4	3	3	1	4	4	4	2	3	1	2	4	3	4	2	1	2	4	1	3	4	3	4	4	1	3	3	3	4	4	3	1	3	1	3	2	1	1	2	3	3	3	3	3	3	4	1	1	2	3	1	1
LI-WP-069	LI-WP-069	3	2	1	3	1	2	1	1	2	2	4	1	1	4	2	3	1	2	4	2	2	4	4	1	4	3	1	3	2	1	3	4	4	1	4	3	4	1	3	2	3	1	4	1	1	3	1	1	3	3	2	4	2	1	4	1	4	3	4	2	1	3	2	3	3	1	4	1	4	2	1	1	4	1	4	4	2	1	1	4	3	3	1	4	2	3	1	1	1	4	3	3	1	4	4	4	2	3	1	2	4	3	0	2	1	2	4	1	3	4	3	4	4	1	3	3	3	4	4	3	1	3	1	3	2	1	1	2	3	3	3	3	3	3	4	1	1	2	3	1	1
LI-WP-071	LI-WP-071	3	2	1	3	1	2	1	1	2	2	4	1	1	4	2	3	1	2	4	2	2	4	4	1	4	3	1	3	2	1	3	4	4	1	4	3	4	1	3	2	3	1	4	1	1	3	1	1	3	3	2	4	2	1	4	1	4	3	4	2	1	3	2	3	3	1	4	1	4	2	1	1	4	1	4	4	2	1	1	4	3	3	1	4	2	3	1	1	1	4	3	3	1	4	4	4	2	3	1	2	4	3	4	2	1	2	4	1	3	4	3	4	4	1	3	3	3	4	4	3	1	3	1	3	2	1	1	2	3	3	3	3	3	3	4	1	1	2	3	1	1
LI-WP-077	LI-WP-077	3	2	1	3	1	2	1	1	2	2	4	1	1	4	2	3	1	2	4	2	2	4	4	1	4	3	1	3	2	1	3	4	4	1	4	3	4	1	3	2	3	1	4	1	1	3	1	1	3	3	2	4	2	1	4	1	4	3	4	2	1	3	2	3	3	1	4	1	4	2	1	1	4	1	4	4	2	1	1	4	3	3	1	4	2	3	1	1	1	4	3	3	1	4	4	4	2	3	1	2	4	3	4	2	1	2	4	1	3	4	3	4	4	1	3	3	3	4	4	3	1	3	1	3	2	1	1	2	3	3	3	3	3	3	4	1	1	2	3	1	1
LI-WP-082	LI-WP-082	3	2	1	3	1	2	1	1	2	2	4	1	1	4	2	3	1	2	4	2	2	4	4	1	4	3	1	3	2	1	3	4	4	1	4	3	4	1	3	2	3	1	4	1	1	3	1	1	3	3	2	4	2	1	4	1	4	3	4	2	1	3	2	3	3	1	4	1	4	2	1	1	4	1	4	4	2	1	1	4	3	3	1	4	2	3	1	1	1	4	3	3	1	4	4	4	2	3	1	2	4	3	4	2	1	2	4	1	3	4	3	4	4	1	3	3	3	4	4	3	1	3	1	3	2	1	1	2	3	3	3	3	3	3	4	1	1	2	3	1	1
LI-WP-083	LI-WP-083	3	2	1	3	1	2	1	1	2	2	4	1	1	4	2	3	1	2	4	2	2	4	4	1	4	3	1	3	2	1	3	4	4	1	4	3	4	1	3	2	3	1	4	1	1	3	1	1	3	3	2	4	2	1	4	1	4	3	4	2	1	3	2	3	3	1	4	1	4	2	1	1	4	1	4	4	2	1	1	4	3	3	1	4	2	3	1	1	1	4	3	3	1	4	4	4	2	3	1	2	4	3	4	2	1	2	4	1	3	4	3	4	4	1	3	3	3	4	4	3	1	3	0	3	2	1	1	2	3	3	3	3	3	3	4	1	1	2	3	1	1
LI-WP-084	LI-WP-084	3	2	1	3	1	2	1	1	2	2	4	1	1	4	2	3	1	2	4	2	2	4	4	1	4	3	1	3	2	1	3	4	4	1	4	3	4	1	3	2	3	1	4	1	1	3	1	1	3	3	2	4	2	1	4	1	4	3	4	2	1	3	2	3	3	1	4	1	4	2	1	1	4	1	4	4	2	1	1	4	3	3	1	4	2	3	1	1	1	4	3	3	1	4	4	4	2	3	1	2	4	3	4	2	1	2	4	1	3	4	3	4	4	1	3	3	3	4	4	3	1	3	1	3	2	1	1	2	3	3	3	3	3	3	4	1	1	2	3	1	1
LI-WP-088	LI-WP-088	3	2	1	3	1	2	1	1	2	2	4	1	1	4	2	3	1	2	4	2	2	4	4	1	4	3	1	3	2	1	3	4	4	1	4	3	4	1	3	2	3	1	4	1	1	3	1	1	3	3	2	4	2	1	4	1	4	3	4	2	1	3	2	3	3	1	4	1	4	2	1	1	4	1	4	4	2	1	1	4	3	3	1	4	2	3	1	1	1	4	3	3	1	4	4	4	2	3	1	2	4	3	4	2	1	2	4	1	3	4	3	4	4	1	3	3	3	4	4	3	1	3	1	3	2	1	1	2	3	3	3	3	3	3	4	1	1	2	3	1	1
LI-WP-090	LI-WP-090	3	2	1	3	1	2	1	1	2	2	4	1	1	4	2	3	1	2	4	2	2	4	4	1	4	3	1	3	2	1	3	4	4	1	4	3	4	1	3	2	3	1	4	1	1	3	1	1	3	3	2	4	2	1	4	1	4	3	4	2	1	3	2	3	3	1	4	1	4	2	1	1	4	1	4	4	2	1	1	4	3	3	1	4	2	3	1	1	1	4	3	3	1	4	4	4	2	3	1	2	4	3	4	2	1	2	4	1	3	4	3	4	4	1	3	3	3	4	4	3	1	3	1	3	2	1	1	2	3	3	3	3	3	3	4	1	1	2	3	1	1
LI-WP-094	LI-WP-094	0	2	0	3	1	2	1	1	0	2	4	1	1	4	2	3	1	2	4	2	2	4	4	1	2	3	1	0	2	1	3	4	4	1	4	0	0	1	3	2	0	1	4	1	0	3	0	1	3	3	0	2	0	1	4	1	4	3	4	0	1	3	2	3	3	1	4	1	4	2	1	1	4	1	4	4	2	1	0	4	3	0	1	4	2	0	1	0	1	4	3	3	1	4	4	4	2	3	0	2	4	3	2	0	1	0	4	0	3	4	3	4	4	6	3	3	3	4	4	0	1	3	1	3	2	1	0	2	3	3	3	3	3	3	0	1	1	2	3	0	3
LI-WP-096	LI-WP-096	3	2	1	3	1	2	1	1	2	2	4	1	1	4	2	3	1	2	4	2	2	4	4	1	4	3	1	3	2	1	3	4	4	1	4	3	4	1	3	2	3	1	4	1	1	3	1	1	3	3	2	4	2	1	4	1	4	3	4	2	1	3	2	3	3	1	4	1	4	2	1	1	4	1	4	4	2	1	1	4	3	3	1	4	2	3	1	1	1	4	3	3	1	4	4	4	2	3	1	2	4	3	4	2	1	2	4	1	3	4	3	4	4	1	3	3	3	4	4	3	1	3	1	3	2	1	1	2	3	3	3	3	3	3	4	1	1	2	3	1	1
