strain	category	AtMSQTsnp 2	AtMSQTsnp 4	AtMSQTsnp 8	AtMSQTsnp 9	AtMSQTsnp 10	AtMSQTsnp 11	AtMSQTsnp 12	AtMSQTsnp 14	AtMSQTsnp 15	AtMSQTsnp 18	AtMSQTsnp 21	AtMSQTsnp 22	AtMSQTsnp 27	AtMSQTsnp 29	AtMSQTsnp 30	AtMSQTsnp 31	AtMSQTsnp 33	AtMSQTsnp 38	AtMSQTsnp 40	AtMSQTsnp 41	AtMSQTsnp 47	AtMSQTsnp 48	AtMSQTsnp 49	AtMSQTsnp 53	AtMSQTsnp 54	AtMSQTsnp 57	AtMSQTsnp 58	AtMSQTsnp 60	AtMSQTsnp 61	AtMSQTsnp 62	AtMSQTsnp 63	AtMSQTsnp 65	AtMSQTsnp 67	AtMSQTsnp 69	AtMSQTsnp 73	AtMSQTsnp 76	AtMSQTsnp 85	AtMSQTsnp 87	AtMSQTsnp 88	AtMSQTsnp 90	AtMSQTsnp 91	AtMSQTsnp 92	AtMSQTsnp 97	AtMSQTsnp 100	AtMSQTsnp 101	AtMSQTsnp 104	AtMSQTsnp 108	AtMSQTsnp 114	AtMSQTsnp 118	AtMSQTsnp 123	AtMSQTsnp 126	AtMSQTsnp 128	AtMSQTsnp 129	AtMSQTsnp 130	AtMSQTsnp 132	AtMSQTsnp 138	AtMSQTsnp 140	AtMSQTsnp 142	AtMSQTsnp 143	AtMSQTsnp 145	AtMSQTsnp 146	AtMSQTsnp 155	AtMSQTsnp 156	AtMSQTsnp 159	AtMSQTsnp 164	AtMSQTsnp 169	AtMSQTsnp 170	AtMSQTsnp 173	AtMSQTsnp 174	AtMSQTsnp 177	AtMSQTsnp 184	AtMSQTsnp 186	AtMSQTsnp 187	AtMSQTsnp 188	AtMSQTsnp 189	AtMSQTsnp 191	AtMSQTsnp 194	AtMSQTsnp 197	AtMSQTsnp 198	AtMSQTsnp 203	AtMSQTsnp 205	AtMSQTsnp 214	AtMSQTsnp 220	AtMSQTsnp 222	AtMSQTsnp 223	AtMSQTsnp 231	AtMSQTsnp 232	AtMSQTsnp 235	AtMSQTsnp 237	AtMSQTsnp 242	AtMSQTsnp 244	AtMSQTsnp 249	AtMSQTsnp 254	AtMSQTsnp 260	AtMSQTsnp 263	AtMSQTsnp 266	AtMSQTsnp 267	AtMSQTsnp 274	AtMSQTsnp 278	AtMSQTsnp 279	AtMSQTsnp 281	AtMSQTsnp 282	AtMSQTsnp 285	AtMSQTsnp 286	AtMSQTsnp 288	AtMSQTsnp 292	AtMSQTsnp 294	AtMSQTsnp 300	AtMSQTsnp 304	AtMSQTsnp 306	AtMSQTsnp 307	AtMSQTsnp 310	AtMSQTsnp 312	AtMSQTsnp 315	AtMSQTsnp 321	AtMSQTsnp 323	AtMSQTsnp 325	AtMSQTsnp 327	AtMSQTsnp 331	AtMSQTsnp 334	AtMSQTsnp 343	AtMSQTsnp 350	AtMSQTsnp 351	AtMSQTsnp 355	AtMSQTsnp 358	AtMSQTsnp 359	AtMSQTsnp 360	AtMSQTsnp 361	AtMSQTsnp 368	AtMSQTsnp 370	AtMSQTsnp 372	AtMSQTsnp 373	AtMSQTsnp 378	AtMSQTsnp 379	AtMSQTsnp 388	AtMSQTsnp 390	AtMSQTsnp 392	AtMSQTsnp 394	AtMSQTsnp 395	AtMSQTsnp 397	AtMSQTsnp 398	AtMSQTsnp 399	AtMSQTsnp 404	AtMSQTsnp 406	AtMSQTsnp 408	AtMSQTsnp 409	AtMSQTsnp 410	AtMSQTsnp 412	AtMSQTsnp 415
EM-001	EM-001	0	1	1	3	1	2	1	4	4	2	2	3	3	4	2	4	1	2	4	2	2	4	2	3	4	0	1	3	2	3	1	4	4	1	2	3	4	1	1	3	3	1	4	1	1	1	3	3	3	3	2	4	4	2	2	1	4	3	4	2	1	0	0	3	1	3	4	4	1	2	1	2	4	1	4	1	2	3	3	1	1	1	2	2	3	1	2	2	4	4	1	4	4	4	4	2	3	2	3	1	0	2	4	1	2	1	1	3	2	2	4	2	3	1	4	3	4	1	1	0	1	1	2	1	2	4	3	1	1	3	1	2	1	1	1	1	3
EM-010	EM-010	3	2	1	4	1	4	3	4	4	2	2	3	1	4	4	3	2	2	4	2	2	2	4	1	2	2	1	3	2	3	3	4	2	1	4	3	4	1	1	2	3	3	2	1	1	3	3	3	3	3	4	4	2	1	2	2	2	3	4	2	2	4	2	1	3	3	4	1	1	2	3	1	1	3	2	4	2	3	4	3	1	3	4	2	3	1	1	2	3	3	3	2	2	1	4	2	3	2	3	3	4	2	1	2	4	4	2	1	4	2	4	2	1	1	3	1	4	1	3	3	3	6	2	1	2	2	3	3	1	4	1	4	1	1	3	1	1
EM-051	EM-051	3	2	1	4	1	4	3	4	4	2	2	3	1	4	4	3	2	2	4	2	2	2	4	1	2	2	1	3	2	3	3	4	2	1	4	3	4	1	1	2	3	3	2	1	1	3	3	3	3	3	4	4	0	1	2	2	2	3	4	2	2	4	2	1	3	3	4	1	1	2	3	1	1	3	2	4	2	3	4	3	1	3	4	2	3	1	1	2	3	3	3	2	2	1	4	2	3	2	3	3	4	2	1	2	4	4	2	1	4	2	4	2	1	1	3	1	4	1	3	3	0	3	2	1	2	2	3	3	1	4	1	4	1	1	3	1	1
EM-052	EM-052	3	1	1	3	1	2	1	4	0	2	2	3	3	4	2	4	1	2	4	2	2	4	2	3	4	2	1	0	2	3	1	4	4	1	2	3	4	1	1	3	3	1	4	1	1	1	3	3	3	3	2	4	4	2	2	1	4	3	4	2	1	3	1	3	1	3	4	4	1	2	1	2	4	1	4	1	2	3	3	1	1	1	2	2	3	1	2	2	4	0	1	4	4	4	4	2	3	2	3	1	2	0	4	0	2	1	1	3	2	2	4	2	3	1	4	3	4	1	1	1	1	1	2	1	0	4	3	1	1	3	1	2	1	1	1	0	3
EM-076	EM-076	3	2	1	4	1	4	3	4	4	2	2	3	1	4	4	3	2	2	4	2	2	2	4	1	2	2	1	3	2	3	3	4	2	1	4	3	4	1	1	2	3	3	2	1	1	3	3	3	3	3	4	4	4	1	2	2	2	3	4	2	2	4	2	1	3	3	4	1	1	2	3	1	1	3	2	4	2	3	4	3	1	3	4	2	3	1	1	2	3	3	3	2	2	1	4	2	3	2	3	3	4	2	1	2	4	4	2	1	4	2	4	2	1	1	3	1	4	1	3	3	3	1	2	1	2	2	3	3	1	4	1	4	1	1	3	1	1
EM-101	EM-101	3	2	1	0	1	4	3	4	4	2	2	3	1	4	4	3	2	2	4	2	2	2	4	1	2	2	1	3	2	3	3	4	2	1	4	3	4	1	1	2	3	3	2	1	1	3	3	3	3	3	4	4	2	1	2	2	2	3	4	2	2	4	2	1	3	3	4	1	1	2	3	1	1	3	2	4	2	3	4	3	1	3	4	2	3	1	1	2	3	0	3	2	2	1	4	2	3	2	3	3	4	2	1	2	4	4	2	1	4	2	4	2	1	1	3	1	4	1	3	3	0	0	2	1	2	2	3	3	1	4	1	4	1	1	3	1	1
EM-102	EM-102	3	1	1	3	1	2	1	4	0	2	2	3	3	4	2	4	1	2	4	2	2	4	2	3	4	2	1	0	2	3	1	4	4	1	2	3	4	1	1	3	3	1	4	1	1	1	3	3	3	3	2	4	4	2	2	1	4	3	4	2	1	3	1	3	1	3	4	4	1	2	1	2	4	1	4	1	2	3	3	1	1	1	2	2	3	1	2	2	4	4	1	4	4	4	4	2	3	2	3	1	2	0	4	0	2	1	1	3	2	2	4	2	3	1	4	3	4	1	1	1	1	1	2	1	0	4	3	1	1	3	1	2	1	1	1	0	3
EM-126	EM-126	3	2	1	4	1	4	3	4	4	2	2	3	1	4	4	3	2	2	4	2	2	2	4	1	2	2	1	3	2	3	3	4	2	1	4	3	4	1	1	2	3	3	2	1	1	3	3	3	3	3	4	4	2	1	2	2	2	3	4	2	2	4	2	1	3	3	4	1	1	2	3	1	1	3	2	4	2	3	4	3	0	3	4	2	3	1	1	2	3	3	3	2	2	1	4	2	3	2	3	3	4	2	1	2	4	4	2	1	4	2	4	2	1	1	3	1	4	1	3	3	3	1	2	1	2	2	3	3	1	4	1	4	1	1	3	1	1
EM-127	EM-127	3	1	1	3	1	2	1	4	4	2	2	3	3	4	2	4	1	2	4	2	2	4	2	3	4	2	1	3	2	3	1	4	4	1	2	3	4	1	1	3	3	1	0	1	1	1	3	3	3	3	2	4	4	2	2	1	4	3	4	2	1	3	1	3	1	3	4	4	1	2	1	2	4	1	4	1	2	3	3	1	1	1	2	2	3	1	2	2	4	4	1	4	4	4	4	2	3	2	3	1	2	2	4	1	2	1	1	3	2	2	4	2	3	1	4	3	4	1	1	1	1	1	2	1	2	4	3	1	1	3	0	2	1	1	1	1	3
EM-153	EM-153	3	2	1	4	1	4	3	4	4	2	2	3	1	4	4	3	2	2	4	2	2	2	4	1	2	2	1	3	2	3	3	4	2	1	4	3	4	1	1	2	3	3	2	1	1	3	3	3	3	3	4	4	2	1	2	2	2	3	4	2	2	4	2	1	3	3	4	1	1	2	3	1	1	3	2	4	2	3	4	3	1	3	0	2	3	1	1	2	3	3	3	2	2	1	4	2	3	2	3	3	4	2	1	2	4	4	2	1	4	2	4	2	1	1	3	1	4	1	3	3	0	3	2	1	2	2	3	3	1	4	1	4	1	1	3	1	1
EM-201	EM-201	3	2	1	0	1	4	3	4	4	2	2	3	1	4	4	3	2	2	4	2	2	2	4	1	2	2	1	3	2	3	3	4	2	1	4	3	4	1	1	2	3	3	2	1	1	3	3	3	3	3	4	4	2	1	2	2	2	3	4	2	2	4	2	1	3	3	4	1	1	2	3	1	1	3	2	4	2	3	4	3	1	3	4	2	3	1	1	2	3	3	3	2	2	1	4	2	3	2	3	3	4	2	1	2	4	4	2	1	4	2	4	2	1	1	3	1	4	1	3	3	0	0	2	1	2	2	3	3	1	4	1	4	1	1	3	1	1
EM-210	EM-210	1	1	1	0	3	2	1	4	2	2	2	1	1	4	2	4	1	2	4	2	2	4	2	3	4	2	1	1	2	3	3	4	4	1	2	3	4	1	1	2	3	3	2	3	3	1	1	3	3	1	2	2	2	2	2	1	4	1	2	2	2	4	1	1	1	3	4	4	1	2	1	2	1	1	4	4	2	3	4	1	1	1	2	2	3	1	2	2	3	0	1	4	2	1	4	3	3	2	3	1	4	3	4	2	4	1	2	3	2	2	4	2	1	1	4	3	4	1	1	3	1	1	3	1	2	4	3	1	1	3	3	2	1	3	1	1	3
EM-215	EM-215	1	1	1	4	3	2	1	4	2	2	2	1	1	4	2	4	1	2	4	2	2	4	2	3	4	2	1	1	2	3	3	4	4	1	2	3	4	1	1	2	3	3	2	3	3	1	1	3	3	1	2	2	2	2	2	1	4	1	2	2	2	4	1	1	1	3	4	4	1	2	1	2	1	1	4	4	2	3	4	1	1	1	2	2	3	1	2	2	3	4	1	4	2	1	4	3	3	2	3	1	4	3	4	2	4	1	2	3	2	2	4	2	1	1	4	3	4	1	1	3	1	1	3	1	2	4	3	1	1	3	3	2	1	3	1	1	3
EM-226	EM-226	3	2	1	0	1	4	3	4	4	2	2	3	1	4	4	3	2	2	4	2	2	2	4	1	2	2	1	3	2	3	3	4	2	1	4	3	4	1	1	2	3	3	2	1	1	3	3	3	3	3	4	4	2	1	2	2	2	3	4	2	2	4	2	1	3	3	4	1	1	2	3	1	1	3	2	4	2	3	4	3	1	3	0	2	3	1	1	2	3	3	3	2	2	1	4	2	3	2	3	3	4	2	1	2	4	4	2	1	4	2	4	2	1	1	3	1	4	1	3	3	3	1	2	1	2	2	3	3	1	4	1	4	1	1	3	1	1
EM-048	EM-048	1	2	1	3	3	4	3	4	4	2	4	3	3	4	4	4	1	2	2	2	2	2	2	1	4	3	1	1	1	1	3	3	2	1	4	3	4	1	1	2	3	3	2	1	3	3	3	1	3	3	4	4	4	1	2	1	4	1	2	2	1	3	1	1	1	3	1	4	1	2	1	2	1	1	4	1	2	3	4	1	2	1	2	4	1	3	2	1	3	4	3	4	4	1	4	2	1	2	3	3	4	3	4	1	4	4	1	3	2	3	2	4	1	3	4	1	4	3	3	3	1	3	3	1	2	2	3	1	1	3	1	4	3	3	3	1	3
EM-026	EM-026	3	2	1	0	1	4	3	4	4	2	2	3	1	4	4	3	2	2	4	2	2	2	4	1	2	2	1	3	2	3	3	4	2	1	4	3	4	1	1	2	3	3	2	1	1	3	3	3	3	3	4	4	2	1	2	2	2	3	4	2	2	4	2	1	3	3	4	1	1	2	3	1	1	3	2	4	2	3	4	3	1	3	4	2	3	1	1	2	3	3	3	2	2	1	4	2	3	2	3	3	4	2	1	2	4	4	2	1	4	2	4	2	1	1	3	1	4	1	3	3	0	0	2	1	2	2	3	3	1	4	1	4	1	1	3	0	1
EM-228	EM-228	3	2	1	4	1	4	3	4	4	2	2	3	1	4	4	3	2	2	4	2	2	2	4	1	2	2	1	3	2	3	3	4	2	1	4	3	4	1	1	2	3	3	2	1	1	3	3	3	3	3	4	4	2	1	2	2	2	3	4	2	2	4	2	1	3	3	4	1	1	2	3	1	1	3	2	4	2	3	4	3	1	3	4	2	3	1	1	2	3	3	3	2	2	1	4	2	3	2	3	3	4	2	1	2	0	4	2	1	4	2	0	2	1	1	3	1	4	1	3	3	0	0	2	1	2	2	3	3	1	4	1	4	1	1	3	1	1
EM-060	EM-060	1	1	1	0	3	2	1	4	2	2	2	1	1	4	2	4	1	2	4	2	2	4	2	3	4	2	1	1	2	3	3	4	4	1	2	3	4	1	1	2	3	3	2	3	3	1	1	3	3	1	2	2	2	2	2	1	4	1	2	2	2	4	1	1	1	3	4	4	1	2	1	2	1	1	4	4	2	3	4	1	1	1	2	2	3	1	2	2	3	4	1	4	2	1	4	3	3	2	3	1	4	3	4	2	4	1	2	3	2	2	4	2	1	1	4	3	4	1	1	3	1	1	3	1	2	4	3	1	1	3	3	2	1	3	1	1	3
EM-111	EM-111	1	1	1	0	3	2	1	4	2	2	2	1	1	4	2	4	1	2	4	2	2	4	2	3	4	2	1	1	2	3	3	4	4	1	2	3	4	1	1	2	3	3	2	3	3	1	1	3	3	1	2	2	2	2	2	1	4	1	2	2	2	4	1	1	1	3	4	4	1	2	1	2	1	1	4	4	2	3	4	1	1	1	2	2	3	1	2	2	3	4	1	4	2	1	4	3	3	2	3	1	4	3	4	2	4	1	2	3	2	2	4	2	1	1	4	3	4	1	1	3	1	1	3	1	2	4	3	1	1	3	3	2	1	3	1	1	3
EM-002	EM-002	3	1	1	3	1	2	1	4	4	2	2	3	3	4	2	4	1	2	4	2	2	4	2	3	4	2	1	3	2	3	1	4	4	1	2	3	4	1	1	3	3	1	4	1	1	1	3	3	3	3	2	4	4	2	2	1	4	3	4	2	1	3	1	3	1	3	4	4	1	2	1	2	4	1	4	1	2	3	3	1	1	1	2	2	3	1	2	2	4	4	1	4	4	4	4	2	3	2	3	1	2	2	4	1	2	1	1	3	2	2	4	2	3	1	4	3	4	1	1	1	1	1	2	1	2	4	3	1	1	3	1	2	1	1	1	1	3
EM-013	EM-013	3	2	1	4	1	4	3	4	4	2	2	3	1	4	4	3	2	2	4	2	2	2	4	1	2	2	1	3	2	3	3	4	2	1	4	3	4	1	1	2	3	3	2	1	1	3	3	3	3	3	4	4	2	1	2	2	2	3	4	2	2	4	2	1	3	3	4	1	1	2	3	1	1	3	2	4	2	3	4	3	1	3	4	2	3	1	1	2	3	3	3	2	2	1	4	2	3	2	3	3	4	2	1	2	4	4	2	1	4	2	4	2	1	1	3	1	4	1	3	3	0	0	2	1	2	2	3	3	1	4	0	4	1	1	3	1	1
EM-027	EM-027	3	2	1	4	1	4	3	4	4	2	2	3	1	4	4	3	2	2	4	2	2	2	4	1	2	2	1	3	2	3	3	4	2	1	4	3	4	1	1	2	3	3	2	0	1	3	3	3	3	3	4	4	2	1	2	2	2	3	4	2	2	4	2	0	3	3	4	1	1	2	3	1	1	3	2	4	2	3	4	3	1	3	4	2	3	1	1	2	3	3	3	2	2	1	4	2	3	2	3	3	4	2	1	2	4	4	2	1	4	2	4	2	1	1	0	1	4	1	3	3	0	1	2	1	2	2	3	3	1	4	1	4	1	1	3	1	1
EM-056	EM-056	3	2	1	0	1	4	3	4	4	2	2	3	1	4	4	3	2	2	4	2	2	2	4	1	2	2	1	3	2	3	3	4	2	1	4	3	4	1	1	2	3	3	2	1	1	3	3	3	3	3	4	4	4	1	2	2	2	3	4	2	2	4	2	1	3	3	4	1	1	2	3	1	1	3	2	4	2	3	4	3	1	3	4	2	3	1	1	2	3	3	3	2	2	1	4	2	3	2	3	3	4	2	1	2	0	4	2	1	4	2	4	2	1	1	3	1	4	1	3	3	0	3	2	1	2	2	3	3	1	4	1	4	1	1	3	0	1
EM-057	EM-057	3	1	1	3	1	2	1	4	4	2	2	3	3	4	2	4	1	2	4	2	2	4	2	3	4	2	1	3	2	3	1	4	4	1	2	3	4	1	1	3	3	1	4	1	1	1	3	3	3	3	2	4	4	2	2	1	4	3	4	2	1	3	1	3	1	3	4	4	1	2	1	2	4	1	4	1	2	3	3	1	1	1	2	2	3	1	2	2	4	4	1	4	4	4	4	2	3	2	3	1	2	2	4	1	2	1	1	3	2	2	4	2	3	1	4	3	4	1	1	1	1	1	2	1	2	4	3	1	1	3	1	2	1	1	1	1	3
EM-108	EM-108	3	1	1	3	1	2	1	4	4	2	2	3	3	4	2	4	1	2	4	2	2	4	2	3	4	2	1	3	2	3	1	4	4	1	2	3	4	1	1	3	3	1	4	1	1	1	3	3	3	3	2	4	4	2	2	1	4	3	4	2	1	3	1	3	1	3	4	4	1	2	1	2	4	1	4	1	2	3	3	1	1	1	2	2	3	1	2	2	4	4	1	4	4	4	4	2	3	2	3	1	2	2	4	1	2	1	1	3	2	2	4	2	3	1	4	3	4	1	1	1	1	1	2	1	2	4	3	1	1	3	1	2	1	1	1	1	3
EM-232	EM-232	3	2	1	0	1	4	3	4	4	2	2	3	1	4	0	3	2	2	4	2	2	2	4	1	2	2	1	3	2	3	3	4	2	1	4	3	4	1	1	2	3	3	2	1	1	3	3	3	3	3	4	4	2	1	2	2	2	3	4	2	2	4	0	1	3	3	4	1	1	2	3	1	1	3	2	4	2	3	4	3	1	3	4	2	3	1	1	2	3	3	3	2	2	1	4	2	3	2	3	3	4	2	1	0	0	4	2	1	4	2	0	2	1	1	3	1	4	1	3	3	0	0	2	1	2	2	3	3	1	4	1	4	1	1	3	0	1
EM-233	EM-233	3	2	1	4	1	4	3	4	4	2	2	3	1	4	4	3	2	2	4	2	2	2	4	1	2	2	1	3	2	3	3	4	2	1	4	3	4	1	1	2	3	3	2	1	1	3	3	3	3	3	4	4	2	1	2	2	2	3	4	2	2	4	2	1	3	3	4	1	1	2	3	1	1	3	2	4	2	3	4	3	1	3	4	2	3	1	1	2	3	3	3	2	2	1	4	2	3	2	3	3	4	2	1	2	0	4	2	1	4	2	4	2	1	1	3	1	4	1	3	3	3	0	2	1	2	2	3	3	1	4	1	0	1	1	3	1	1
EM-005	EM-005	3	2	1	4	1	4	3	4	4	2	2	3	1	4	4	3	2	2	4	2	2	2	4	1	2	2	1	3	2	3	3	4	2	1	4	3	4	1	1	2	3	3	2	1	1	3	3	3	3	3	4	4	2	1	2	2	2	3	4	2	2	4	2	1	3	3	4	1	1	2	3	1	1	3	2	4	2	3	4	3	1	3	4	2	3	1	1	2	3	3	3	2	2	1	4	2	3	2	3	3	4	2	1	2	4	4	2	1	4	2	4	2	1	1	3	1	4	1	3	3	0	6	2	1	2	2	3	3	1	4	1	4	1	1	3	1	1
UKSE06-001	UKSE06-001	3	2	1	4	1	4	3	4	4	2	2	3	1	4	4	3	2	2	4	2	2	2	4	1	2	2	1	3	2	3	3	4	2	1	4	3	4	1	1	2	3	3	2	1	1	3	3	3	3	3	4	4	2	1	2	2	2	3	4	2	2	4	2	1	3	3	4	1	1	2	3	1	1	3	2	4	2	3	4	3	0	3	4	2	3	1	1	2	3	3	3	2	2	1	4	2	3	2	3	3	4	2	1	2	0	4	2	1	4	2	4	2	1	1	3	1	4	1	3	3	0	0	2	1	0	2	3	3	1	4	1	4	1	1	3	0	1
UKSE06-002	UKSE06-002	3	2	1	4	1	4	3	4	4	2	2	3	1	4	4	3	2	2	4	2	2	2	4	1	2	2	1	3	2	3	3	4	2	1	4	3	4	1	1	2	3	3	2	1	1	3	3	3	3	3	4	4	2	1	2	2	2	3	4	2	2	4	2	1	3	3	4	1	1	2	3	1	1	3	2	4	2	3	4	3	0	3	4	0	3	1	1	2	3	3	3	2	2	1	4	2	3	2	3	3	4	2	1	2	0	4	2	1	4	2	4	2	1	1	3	1	4	1	3	3	0	3	2	1	0	2	3	3	1	4	1	4	1	1	3	0	1
UKSE06-004	UKSE06-004	3	2	1	4	1	4	3	4	4	2	2	3	1	4	4	3	2	2	4	2	2	2	4	1	2	2	1	3	2	3	3	4	2	1	4	3	4	1	1	2	3	3	2	1	1	3	3	3	3	3	4	4	2	1	2	2	2	3	4	2	2	4	2	1	3	3	4	1	1	2	3	1	1	3	2	4	2	3	4	3	1	3	4	2	3	1	1	2	3	3	3	2	2	1	4	2	3	2	3	3	4	2	1	2	0	4	2	1	4	2	4	2	1	1	3	1	4	1	3	3	0	0	2	1	2	2	3	3	1	4	1	4	1	1	3	0	1
UKSE06-006	UKSE06-006	3	2	1	0	1	4	3	4	4	2	2	3	1	4	4	3	2	0	4	2	2	2	4	1	2	2	1	3	2	3	3	4	2	1	4	3	4	1	1	2	3	3	2	1	1	3	3	3	3	3	4	4	2	1	2	2	2	3	4	2	2	4	0	1	3	3	4	1	1	2	3	1	1	3	2	4	2	3	4	3	1	3	4	0	3	1	1	2	3	3	3	2	2	1	4	2	3	2	3	3	4	2	1	0	0	4	2	1	4	2	4	2	1	1	3	1	4	1	3	3	0	0	2	1	0	2	3	3	1	4	1	4	1	1	3	0	1
UKSE06-013	UKSE06-013	3	1	3	4	3	4	3	1	4	2	4	1	1	1	4	4	1	2	2	2	4	4	4	3	4	3	1	1	1	3	3	4	4	1	2	3	4	1	3	3	3	1	4	1	1	3	3	3	3	3	4	4	2	2	4	1	2	1	2	2	2	4	1	3	1	3	4	1	1	4	3	1	1	3	4	4	4	1	3	3	0	3	4	2	3	1	1	1	3	3	3	2	2	4	2	2	3	4	3	1	4	2	4	2	0	1	2	3	4	2	2	2	3	1	3	3	4	1	1	1	0	0	2	3	2	2	3	1	3	3	1	4	1	3	3	0	1
UKSE06-023	UKSE06-023	3	2	1	4	1	4	3	4	4	2	2	3	1	4	4	3	2	2	4	2	2	2	4	1	2	2	1	3	2	3	3	4	2	1	4	3	4	1	1	2	3	3	2	1	1	3	3	3	3	3	4	4	2	1	2	2	2	3	4	2	2	4	2	1	3	3	4	1	1	2	3	1	1	3	2	4	2	3	4	3	0	3	4	2	3	1	1	2	3	3	3	2	2	1	4	2	3	2	3	3	4	2	1	2	0	4	2	1	4	2	4	2	1	1	3	1	4	1	3	3	3	0	2	1	2	2	3	3	1	4	1	4	1	1	3	0	1
UKSE06-025	UKSE06-025	3	1	3	0	3	2	3	4	4	2	2	3	1	7	4	10	2	2	4	5	2	9	4	1	2	2	1	3	2	3	3	4	2	1	9	3	2	1	6	8	3	6	9	1	1	3	3	3	3	3	4	4	2	1	2	2	2	3	4	2	2	4	0	1	3	3	4	7	1	9	6	1	7	3	2	7	9	3	4	3	0	3	4	2	3	1	5	2	10	0	3	9	9	7	4	2	3	2	4	1	2	2	1	0	2	4	2	6	4	2	4	2	3	1	3	3	4	1	6	6	0	3	3	1	1	2	3	1	1	3	3	9	6	1	6	0	6
UKSE06-026	UKSE06-026	3	1	3	4	3	2	3	4	4	2	2	3	1	1	4	4	2	2	4	1	2	4	4	1	4	2	1	1	2	1	1	4	2	1	2	3	2	1	3	3	3	1	4	3	1	1	1	3	4	1	4	4	4	1	2	1	2	1	2	2	2	3	1	1	3	3	1	4	1	4	1	1	4	3	2	1	4	1	3	3	2	3	4	2	3	1	2	2	4	4	3	4	4	4	4	2	3	2	4	1	2	2	1	2	2	4	2	3	4	2	4	2	3	1	3	3	4	1	1	1	1	3	3	1	1	2	3	1	1	3	3	2	3	1	1	0	3
UKSE06-027	UKSE06-027	3	2	1	4	1	4	3	4	4	2	2	3	1	4	4	3	2	2	4	2	2	2	4	0	2	2	1	3	2	3	3	4	2	1	4	3	4	1	1	2	3	3	2	1	1	3	3	3	3	3	4	4	2	1	2	2	2	3	4	2	2	4	2	1	3	3	4	1	1	2	3	1	1	3	2	4	2	3	4	3	0	3	4	0	3	1	1	2	3	3	3	2	2	1	4	2	3	2	3	3	4	2	1	0	0	4	2	1	4	2	4	2	1	1	3	1	4	1	3	3	0	3	2	1	2	2	3	3	1	4	1	4	1	1	3	0	1
UKSE06-028	UKSE06-028	3	2	1	0	1	4	3	4	4	2	2	3	1	4	4	3	2	2	4	2	2	2	4	1	2	2	1	3	2	3	3	4	2	1	4	3	4	1	1	2	3	3	2	1	1	3	3	3	3	3	4	4	2	1	2	2	2	3	4	2	2	4	0	1	3	3	4	1	1	2	3	1	1	3	2	4	2	3	4	3	0	3	4	0	3	1	1	2	3	0	3	2	2	1	4	2	3	2	3	3	4	2	1	0	0	4	2	1	4	2	4	2	1	1	3	1	4	1	3	3	0	0	2	1	0	2	3	3	1	4	1	4	1	1	3	0	1
UKSE06-029	UKSE06-029	3	2	1	4	1	4	3	4	4	2	2	3	1	4	4	3	2	2	4	2	2	2	4	1	2	2	1	3	2	3	3	4	2	1	4	3	4	1	1	2	3	3	2	1	1	3	3	3	3	3	4	4	2	1	2	2	2	3	4	2	2	4	0	1	3	3	4	1	1	2	3	1	1	3	2	4	2	3	4	3	1	3	4	2	3	1	1	2	3	3	3	2	2	1	4	2	3	2	3	3	4	2	1	0	0	4	2	1	4	2	4	2	1	1	3	1	4	1	3	3	0	3	2	1	2	2	3	3	1	4	1	4	1	1	3	0	1
UKSE06-031	UKSE06-031	1	2	3	0	3	4	1	4	2	2	2	1	3	4	4	3	1	2	4	1	4	4	4	3	2	2	1	1	2	3	1	3	2	4	2	3	2	3	3	2	3	1	4	1	1	1	3	3	3	3	4	4	2	1	4	2	2	3	4	4	1	3	1	3	1	3	1	1	1	2	1	1	1	1	4	1	2	3	3	3	0	1	2	2	3	1	1	2	4	0	1	2	2	1	2	3	3	4	3	1	4	2	1	2	2	4	2	1	4	2	0	2	1	3	4	1	4	3	1	1	0	3	3	3	2	2	1	3	1	4	3	2	1	1	3	0	1
UKSE06-032	UKSE06-032	0	2	6	0	6	4	6	4	9	2	2	6	6	4	4	3	5	2	4	2	2	2	4	1	2	2	1	3	2	3	3	4	2	1	4	3	4	1	1	2	3	3	9	1	1	3	3	3	3	3	4	4	2	1	9	2	2	3	4	9	5	10	0	3	1	3	1	1	1	2	3	1	1	3	2	4	2	3	10	3	0	6	9	2	3	1	1	2	10	0	6	2	2	1	9	8	3	9	3	3	4	2	1	2	0	4	2	1	4	2	4	2	1	1	10	1	4	6	6	6	0	3	8	6	2	2	6	3	1	4	6	9	1	1	3	0	1
UKSE06-033	UKSE06-033	3	2	1	4	1	4	3	4	4	2	2	3	1	4	4	3	2	2	4	2	2	2	4	1	2	2	1	3	2	3	3	4	2	1	4	3	4	1	1	2	3	3	2	1	1	3	3	3	3	3	4	4	0	1	2	2	2	3	4	2	2	4	2	1	3	3	4	1	1	2	3	1	1	3	2	4	2	3	4	3	0	3	4	2	3	1	1	2	3	3	3	2	2	1	4	2	3	2	3	3	4	2	1	2	0	4	2	1	4	2	4	2	1	1	3	1	4	1	3	3	0	3	2	1	2	2	3	3	1	4	1	4	1	1	3	0	1
UKSE06-035	UKSE06-035	3	2	1	0	1	4	3	4	4	2	2	3	1	4	4	3	2	2	4	2	2	2	4	1	2	2	1	3	2	3	3	4	2	1	4	3	4	1	1	2	3	3	2	1	1	3	3	3	3	3	4	4	2	1	2	2	2	3	4	2	2	4	2	1	3	3	4	1	1	2	3	1	1	3	2	4	2	3	4	3	0	3	4	2	3	1	1	2	3	0	3	2	2	1	4	2	3	2	3	3	4	2	1	2	0	4	2	1	4	2	4	2	1	1	3	1	4	1	3	3	0	0	2	1	2	2	3	3	1	4	1	4	1	1	3	0	1
UKSE06-039	UKSE06-039	3	2	1	4	1	4	3	4	4	2	2	3	1	4	4	3	2	2	4	2	2	2	4	1	2	2	1	3	2	3	3	4	2	1	4	3	4	1	1	2	3	3	2	1	1	3	3	3	3	3	4	4	2	1	2	2	2	3	4	2	2	4	2	1	3	3	4	1	1	2	3	1	1	3	2	4	2	3	4	3	0	3	4	2	3	1	1	2	3	3	3	2	2	1	4	2	3	2	3	3	4	2	1	2	0	4	2	1	4	2	4	2	1	1	3	1	4	1	3	3	3	3	2	1	2	2	3	3	1	4	1	4	1	1	3	1	1
UKSE06-040	UKSE06-040	3	1	3	0	3	4	3	1	4	2	4	1	1	1	4	4	1	2	2	2	4	4	4	3	4	3	1	1	1	3	3	4	4	1	2	3	4	1	3	3	3	1	4	1	1	3	3	3	3	3	4	4	2	2	4	1	2	1	2	2	2	4	1	3	1	3	4	1	1	4	3	1	1	3	4	4	4	1	3	3	0	3	4	2	3	1	1	1	3	3	3	2	2	4	2	2	3	4	3	1	4	2	4	2	0	1	2	3	4	2	2	2	3	1	3	3	4	1	1	1	0	3	2	3	2	2	3	1	3	3	1	4	1	3	3	0	1
UKSE06-042	UKSE06-042	3	2	1	0	1	4	3	4	4	2	2	3	1	4	4	3	2	2	4	2	2	2	4	1	2	2	1	3	2	3	3	4	2	1	4	3	4	1	1	2	3	3	2	1	1	3	3	3	3	3	4	4	2	1	2	2	2	3	4	2	2	4	2	1	3	3	4	1	1	2	3	1	1	3	2	4	2	3	4	3	0	3	4	2	3	1	1	2	3	3	3	2	2	1	4	2	3	2	3	3	4	2	1	2	0	4	2	1	4	2	4	2	1	1	3	1	4	1	3	3	0	3	2	1	2	2	3	3	1	4	1	4	1	1	3	0	1
UKSE06-043	UKSE06-043	1	2	3	0	3	4	1	4	2	2	2	1	3	4	4	0	1	0	4	1	4	0	4	3	2	2	1	1	2	3	1	0	0	4	2	3	2	3	3	2	3	0	4	1	1	0	3	0	0	3	4	4	2	0	0	2	2	3	4	4	1	3	1	3	1	3	1	1	1	2	1	1	1	0	4	0	2	3	3	3	0	1	2	0	3	1	1	2	0	0	1	0	2	1	2	3	3	4	3	1	4	2	1	2	2	0	2	1	4	2	0	0	1	3	4	1	4	3	1	0	0	3	0	3	2	2	1	3	1	4	3	2	1	1	3	0	1
UKSE06-044	UKSE06-044	3	2	1	0	1	4	3	4	4	2	2	3	1	4	4	3	2	2	4	2	2	2	4	1	2	2	1	3	2	3	3	4	2	1	4	3	4	1	1	2	3	3	2	1	1	3	3	3	3	3	4	4	2	1	2	2	2	3	4	2	2	4	2	1	3	3	4	1	1	2	3	1	1	3	2	4	2	3	4	3	1	3	4	2	3	1	1	2	3	3	3	2	2	1	4	2	3	2	3	3	4	2	1	2	0	4	2	1	4	2	4	2	1	1	3	1	4	1	3	3	0	3	2	1	2	2	3	3	1	4	1	4	1	1	3	0	1
UKSE06-045	UKSE06-045	3	2	1	0	1	4	3	4	4	2	2	3	1	4	4	3	2	2	4	2	2	2	4	1	2	2	1	3	2	3	3	4	2	1	4	3	4	1	1	2	3	3	2	1	1	3	3	3	3	3	4	4	2	1	2	2	2	3	4	2	2	4	2	1	3	3	4	1	1	2	3	1	1	3	2	4	2	3	4	3	0	3	4	0	3	1	1	2	3	0	3	2	2	1	4	2	3	2	3	3	4	2	1	2	0	4	2	1	4	2	0	2	1	1	3	1	4	1	3	3	0	3	2	1	2	2	3	3	1	4	1	4	1	1	3	0	1
UKSE06-058	UKSE06-058	3	2	1	0	1	4	3	4	4	2	2	3	1	4	4	3	2	2	4	2	2	2	4	1	2	2	1	3	2	3	3	4	2	1	4	3	4	1	1	2	3	3	2	1	1	3	3	3	3	3	4	4	2	1	2	2	2	3	4	2	2	4	0	1	3	3	4	1	1	2	3	1	1	3	2	4	2	3	4	3	0	3	4	2	3	1	1	2	3	3	3	2	2	1	4	2	3	2	3	3	4	2	1	2	0	4	2	1	4	2	4	2	1	1	3	1	4	1	3	3	0	0	2	1	2	2	3	3	1	4	1	4	1	1	3	0	1
UKSE06-059	UKSE06-059	3	2	1	0	1	4	3	4	4	2	2	3	1	4	4	3	2	2	4	2	2	2	4	1	2	2	1	3	2	3	3	4	2	1	4	3	4	1	1	2	3	3	2	1	1	3	3	3	3	3	4	4	2	1	2	2	2	3	4	2	2	4	0	1	3	3	4	1	1	2	3	1	1	3	2	4	2	3	4	3	0	3	4	0	3	1	1	2	3	0	3	2	2	1	4	2	3	2	3	3	4	2	1	0	9	4	2	1	4	2	4	2	1	1	3	1	4	1	3	3	0	0	2	1	0	2	3	3	1	4	1	4	1	1	3	0	1
UKSE06-060	UKSE06-060	3	2	1	0	1	4	3	4	4	2	2	3	1	4	0	3	2	0	4	2	2	2	4	1	2	2	1	3	2	3	3	4	2	1	4	3	4	1	1	2	3	3	2	0	1	3	3	3	3	3	4	4	0	0	2	2	2	0	4	2	2	4	0	1	3	3	4	1	1	2	3	1	1	3	2	4	2	3	4	3	1	3	4	0	3	1	1	2	3	0	3	2	2	1	4	2	3	2	0	3	4	2	1	0	0	4	2	1	4	2	0	2	1	1	3	1	4	1	3	3	0	0	0	1	0	2	3	3	1	4	1	4	1	1	3	0	1
UKSE06-061	UKSE06-061	3	2	1	4	1	4	3	4	4	2	2	3	1	4	4	3	2	2	4	2	2	2	4	1	2	2	1	3	2	3	3	4	2	1	4	3	4	1	1	2	3	3	2	1	1	3	3	3	3	3	4	4	2	1	2	2	2	3	4	2	2	4	2	1	3	3	4	1	1	2	3	1	1	3	2	4	2	3	4	3	0	3	0	2	3	1	1	2	3	3	3	2	2	1	4	2	3	2	3	3	0	2	1	2	4	4	2	1	4	2	4	2	1	1	3	1	4	1	3	3	3	0	2	1	2	2	3	3	1	4	1	4	1	1	3	0	1
UKSE06-062	UKSE06-062	0	1	3	4	3	4	3	1	0	2	4	0	1	1	4	4	1	2	2	2	4	4	4	0	4	0	1	1	1	3	3	4	4	1	2	3	4	1	3	3	3	1	4	1	1	3	3	3	3	3	4	0	2	2	4	1	2	1	2	2	2	4	0	0	1	3	4	1	1	4	3	1	1	3	4	4	4	1	3	3	2	3	0	2	3	1	1	1	3	3	3	2	2	4	2	2	3	4	3	1	9	2	4	2	0	1	2	3	4	2	2	2	3	1	3	3	4	1	1	1	1	0	2	3	2	2	3	1	3	3	1	4	1	3	3	0	1
UKSE06-063	UKSE06-063	3	1	3	4	3	4	0	1	4	2	4	1	1	1	4	4	1	2	2	2	4	4	4	0	4	3	1	1	1	3	3	4	4	1	2	3	4	1	3	3	3	1	4	1	1	3	3	3	3	3	4	4	2	2	4	1	2	1	2	2	2	4	1	0	1	3	4	1	1	4	3	1	1	3	4	4	4	1	3	3	2	3	0	2	3	1	1	1	3	3	3	2	2	4	2	2	3	4	3	1	0	2	4	2	4	1	2	3	4	2	2	2	3	1	3	3	4	1	1	1	1	1	2	3	2	2	3	1	3	3	1	4	1	3	3	1	1
UKSE06-064	UKSE06-064	0	2	1	4	1	4	3	4	4	2	2	3	1	4	4	3	2	2	4	2	2	2	4	1	2	2	1	3	2	3	3	4	2	1	4	3	4	1	1	2	3	3	2	1	1	3	3	3	3	3	4	4	2	1	2	2	2	3	4	2	2	4	2	1	3	3	4	1	1	2	3	1	1	3	2	4	2	3	4	3	0	3	0	2	3	1	1	2	3	3	3	2	2	1	4	2	3	2	3	3	0	2	1	2	4	4	2	1	4	2	4	2	1	1	3	1	4	1	3	3	3	1	2	1	2	2	3	3	1	4	1	4	1	1	3	0	1
UKSE06-065	UKSE06-065	0	2	1	4	1	4	3	4	4	2	2	3	1	4	4	3	2	2	4	2	2	2	4	1	2	2	1	3	2	3	3	4	2	1	4	3	4	1	1	2	3	3	2	1	1	3	3	3	3	3	4	4	2	1	2	2	2	3	4	2	2	4	2	1	3	3	4	1	1	2	3	1	1	3	2	4	2	3	4	3	1	3	0	2	3	1	1	2	3	3	3	2	2	1	4	2	3	2	3	3	0	2	1	2	4	4	2	1	4	2	4	2	1	1	3	1	4	1	3	3	3	1	2	1	2	2	3	3	1	4	1	4	1	1	3	1	1
UKSE06-066	UKSE06-066	0	2	1	4	1	4	3	4	4	2	2	3	1	4	4	3	2	2	4	2	2	2	4	1	2	2	1	3	2	3	3	4	2	1	4	3	4	1	1	2	3	3	2	1	1	3	3	3	3	0	4	0	2	1	2	2	2	3	4	2	2	4	0	1	3	3	4	1	1	2	3	1	1	3	2	4	2	3	4	3	1	3	9	2	3	1	1	2	3	3	3	2	2	1	4	2	3	2	3	3	0	2	1	2	4	4	2	1	4	2	4	2	1	1	3	1	4	1	3	3	3	1	2	1	2	2	3	3	1	4	1	4	1	1	3	1	1
UKSE06-067	UKSE06-067	0	2	1	4	1	4	3	4	4	2	2	3	1	4	4	3	2	2	4	2	2	2	4	1	2	2	1	3	2	3	3	4	2	1	4	3	4	1	1	2	3	3	2	1	1	3	3	3	3	3	4	4	2	1	2	2	2	3	4	2	2	4	2	1	3	3	4	1	1	2	3	1	1	3	2	4	2	3	4	3	1	3	0	2	3	1	1	2	3	3	3	2	2	1	4	2	3	2	3	3	0	2	1	2	4	4	2	1	4	2	4	2	1	1	3	1	4	1	3	3	3	1	2	1	2	2	3	3	1	4	1	4	1	1	3	1	1
UKSE06-068	UKSE06-068	0	2	1	4	1	4	3	4	4	2	2	3	1	4	4	3	2	2	4	2	2	2	4	1	2	0	1	3	2	3	3	4	2	1	4	3	4	1	1	2	3	3	2	1	1	3	3	3	3	3	4	4	9	1	2	2	2	3	4	2	2	4	0	1	3	3	4	1	1	2	3	1	1	3	2	4	2	3	4	3	5	3	9	2	3	1	1	2	3	3	3	2	2	1	4	2	3	2	3	3	0	2	1	2	4	4	2	1	4	2	4	2	1	1	3	1	4	1	3	3	3	0	2	1	2	2	3	3	1	4	1	4	1	1	3	1	1
UKSE06-069	UKSE06-069	3	2	1	4	1	2	1	4	2	2	2	3	1	7	0	3	1	2	2	2	2	4	2	3	4	2	4	1	2	1	3	4	2	1	4	3	4	1	1	2	3	3	2	1	1	3	3	3	3	3	4	4	2	1	2	2	2	3	4	2	2	4	2	1	3	3	4	1	1	2	3	1	1	3	2	4	2	1	4	1	1	1	2	2	3	1	2	1	3	3	3	2	2	1	4	2	3	2	0	3	0	2	1	2	4	4	2	1	4	2	2	2	3	1	4	3	4	1	1	3	1	1	3	3	2	4	1	1	1	4	3	4	1	3	3	1	3
UKSE06-070	UKSE06-070	0	2	1	4	1	4	3	4	4	2	2	3	1	4	4	3	2	2	4	2	2	2	4	1	2	2	1	3	2	3	3	4	2	1	4	3	4	1	1	2	3	3	2	1	1	3	3	3	3	3	4	4	2	1	2	2	2	3	4	2	2	4	0	1	3	3	4	1	1	2	3	1	1	3	2	4	2	3	4	3	1	3	0	2	3	1	1	2	3	3	3	2	2	1	4	2	3	2	3	3	0	2	1	2	4	4	2	1	4	2	4	2	1	1	3	1	4	1	3	3	3	6	2	1	2	2	3	3	1	4	1	4	1	1	3	1	1
UKSE06-071	UKSE06-071	0	2	1	4	1	4	3	4	4	2	2	3	1	4	4	3	2	2	4	2	2	2	4	1	2	2	1	3	2	3	3	4	2	1	4	3	4	1	1	2	3	3	2	1	1	3	3	3	3	3	4	4	2	1	2	2	2	3	4	2	2	4	2	1	3	3	4	1	1	2	3	1	1	3	2	4	2	3	4	3	1	3	0	2	3	1	1	2	3	3	3	2	2	1	4	2	3	2	3	3	0	2	1	2	4	4	2	1	4	2	4	2	1	1	3	1	4	1	3	3	3	6	2	1	2	2	3	3	1	4	1	4	1	1	3	1	1
UKSE06-072	UKSE06-072	0	2	1	4	1	4	3	4	4	2	2	3	1	4	4	3	0	2	4	0	2	2	4	1	2	0	1	3	2	3	3	4	2	1	4	3	4	1	1	2	3	3	2	1	1	3	3	3	3	0	4	0	2	1	2	2	2	3	4	2	2	4	0	1	3	3	4	1	1	2	3	1	1	3	2	4	2	3	4	3	1	3	9	2	3	1	1	2	3	3	3	2	2	1	4	2	3	2	0	3	0	2	1	2	0	4	2	1	4	2	4	2	1	1	3	1	4	1	3	3	3	6	2	1	2	2	3	3	1	4	1	4	1	1	3	0	1
UKSE06-073	UKSE06-073	3	2	1	4	1	4	3	4	4	2	2	3	0	4	0	3	2	2	4	0	2	2	4	1	2	2	0	3	2	3	3	4	2	1	4	3	4	1	1	2	3	3	2	1	1	3	3	3	3	0	4	4	2	1	2	2	2	0	0	2	0	4	0	1	3	3	4	0	1	2	3	1	1	3	2	4	0	3	4	3	1	0	0	2	3	1	1	2	3	3	3	2	2	1	4	0	3	2	3	3	0	2	1	2	4	4	2	1	4	2	4	2	1	1	3	1	4	1	0	3	3	1	2	1	2	2	0	3	1	4	1	4	0	1	3	1	1
UKSE06-075	UKSE06-075	0	5	1	4	1	4	3	4	4	2	2	3	1	4	4	3	2	2	4	0	2	2	4	1	2	0	1	3	2	3	3	4	4	1	2	3	4	0	1	3	3	1	4	1	1	6	3	3	3	0	9	4	2	1	2	2	2	3	4	2	2	4	0	1	3	3	4	4	1	2	1	2	4	1	4	1	2	3	3	1	1	1	2	2	3	1	2	2	10	4	1	4	4	1	4	2	3	2	3	3	0	2	1	2	4	7	5	6	9	2	4	2	6	1	10	6	4	1	3	1	1	1	2	1	2	4	3	1	1	3	1	2	1	1	6	1	1
UKSE06-076	UKSE06-076	0	2	1	4	1	4	3	4	4	2	2	3	1	4	4	3	0	2	4	2	2	2	4	0	2	0	1	3	2	3	3	4	4	1	2	3	4	1	1	2	3	1	4	1	1	1	3	3	3	3	2	4	2	1	2	2	2	3	4	2	2	4	0	1	3	3	4	4	1	2	1	2	4	1	4	1	2	3	3	1	1	1	2	2	3	1	2	2	3	4	1	4	4	1	4	2	3	2	0	3	0	2	1	2	4	4	2	1	4	2	4	2	1	1	3	1	4	1	3	1	1	1	2	1	2	4	3	1	1	3	1	2	1	1	1	1	1
UKSE06-078	UKSE06-078	0	2	1	4	1	4	3	4	4	2	2	3	1	4	4	3	2	2	4	2	2	2	4	1	2	0	1	3	2	3	3	4	2	1	4	3	4	1	1	2	3	3	2	1	1	3	3	3	3	0	4	0	2	1	2	2	2	0	4	2	2	4	0	1	3	3	4	1	1	2	3	1	1	3	2	4	2	3	4	3	1	3	0	2	3	1	0	2	3	3	3	2	2	1	4	2	3	2	3	3	0	2	1	2	4	4	2	1	4	2	4	2	1	1	3	1	4	1	3	3	3	1	2	1	2	2	3	3	1	4	1	0	1	1	3	1	1
UKSE06-079	UKSE06-079	0	2	1	4	1	4	3	4	4	2	2	3	1	4	4	3	0	2	4	2	2	2	4	1	2	0	1	3	2	3	3	4	2	1	4	3	4	1	1	2	3	3	2	1	1	3	3	3	3	0	4	0	0	1	2	2	2	3	4	2	2	4	0	1	3	3	4	1	1	2	3	1	1	3	2	0	2	3	4	3	1	3	9	2	3	1	1	2	3	3	3	2	2	1	4	2	3	2	0	3	0	2	1	2	0	0	2	1	4	2	4	2	1	1	3	1	4	1	3	3	3	1	2	1	2	2	3	3	0	4	1	4	1	1	3	0	1
UKSE06-081	UKSE06-081	0	2	1	4	1	4	3	4	4	2	2	3	1	4	4	3	2	2	4	2	2	2	4	1	2	2	1	3	2	3	3	4	2	1	4	3	4	1	1	2	3	3	2	1	1	3	3	3	3	3	4	4	2	1	2	0	2	3	4	2	2	4	2	1	3	3	4	1	1	2	3	1	1	3	2	4	2	3	4	3	1	3	0	2	3	1	1	2	3	3	3	2	2	1	4	2	3	2	0	3	0	2	1	2	4	4	2	1	4	2	4	2	1	1	3	1	4	1	3	3	3	0	2	1	2	2	3	3	1	4	1	4	1	1	3	0	1
UKSE06-082	UKSE06-082	0	2	1	4	1	4	3	4	4	2	2	3	1	4	4	3	2	2	4	2	2	2	4	1	2	2	1	3	2	3	3	4	2	1	4	3	4	1	1	2	3	3	2	1	1	3	3	3	3	3	4	4	2	1	2	2	2	3	4	2	2	4	0	1	3	3	4	1	1	2	3	1	1	3	2	4	2	3	4	3	1	3	0	2	3	1	1	2	3	3	3	2	2	1	4	2	3	2	3	3	0	2	1	2	4	4	2	1	4	2	4	2	1	1	3	1	4	1	3	3	3	3	2	1	2	2	3	3	1	4	1	4	1	1	3	1	1
UKSE06-083	UKSE06-083	0	2	1	4	1	4	3	4	4	2	2	3	1	4	0	3	2	2	4	2	2	2	4	1	2	2	1	3	2	3	3	4	2	1	4	3	4	1	1	2	3	3	2	1	1	3	3	3	3	3	4	4	0	1	2	2	2	0	4	2	2	4	0	1	3	3	4	1	1	2	3	1	1	3	2	4	2	3	4	3	1	3	0	2	3	1	1	2	3	3	3	2	2	1	4	2	3	2	0	3	0	2	1	2	4	4	2	1	4	2	4	2	1	1	3	1	4	1	3	3	3	3	2	1	2	2	3	3	1	4	1	4	0	1	3	1	1
UKSE06-084	UKSE06-084	0	2	1	4	1	4	3	4	4	2	2	3	1	4	4	3	2	2	4	2	2	2	4	1	2	2	1	3	2	3	3	4	2	1	4	3	4	1	1	2	3	3	2	1	1	3	3	3	3	3	4	0	0	1	2	2	2	3	4	2	2	4	0	1	3	3	4	1	1	2	3	1	1	3	2	4	2	3	4	3	1	3	0	2	3	1	1	2	3	3	3	2	2	1	4	2	3	2	0	3	0	2	1	2	4	4	2	1	4	2	4	2	1	1	3	1	4	1	3	3	3	1	2	1	2	2	3	3	1	4	1	4	1	1	3	1	1
UKSE06-085	UKSE06-085	0	2	1	4	1	4	3	4	4	2	2	3	1	4	4	3	2	2	4	2	2	2	4	1	2	2	1	3	2	3	3	4	2	1	4	3	4	1	1	2	3	3	2	1	1	3	3	3	3	3	4	0	2	1	2	2	2	3	4	2	2	4	2	1	3	3	4	1	1	2	3	1	1	3	2	4	2	3	4	3	1	3	0	2	3	1	0	2	3	3	3	2	2	1	4	2	3	2	3	3	0	2	1	2	4	4	2	1	4	2	4	2	1	1	3	1	4	1	3	3	3	1	2	1	2	2	3	3	1	4	1	4	1	1	3	1	1
UKSE06-112	UKSE06-112	0	2	1	4	1	4	3	4	4	2	2	3	1	4	4	3	0	2	4	2	2	2	4	1	2	2	1	3	2	3	3	4	2	1	4	3	4	1	1	2	3	3	2	1	1	3	3	3	3	3	4	4	2	1	2	2	2	3	4	2	2	4	0	1	3	3	4	1	1	2	3	1	1	3	2	4	2	3	4	3	1	3	0	2	3	1	1	2	3	3	3	2	2	1	4	2	3	2	0	3	0	2	1	2	4	4	2	1	4	2	4	2	1	1	3	1	4	1	3	3	3	1	2	1	2	2	3	3	1	4	1	4	1	1	3	1	1
UKSE06-113	UKSE06-113	0	2	0	4	1	4	3	4	4	2	2	3	3	4	2	4	1	0	4	2	2	4	4	6	2	2	1	3	2	3	3	4	2	1	4	3	4	1	1	3	3	1	9	1	1	3	3	3	3	0	4	0	2	1	2	2	2	3	4	0	2	0	0	1	3	3	4	7	1	2	3	1	4	1	4	0	2	3	3	1	1	1	2	0	3	1	0	2	3	3	3	2	2	1	4	2	3	2	0	3	2	2	1	2	0	0	1	3	2	2	0	2	3	1	4	3	4	1	0	0	1	1	0	1	2	2	3	3	1	4	1	0	1	1	3	0	1
UKSE06-114	UKSE06-114	1	1	1	4	3	2	1	4	2	2	2	1	1	4	2	4	1	2	4	2	2	4	2	3	4	2	1	1	2	3	3	4	4	1	2	3	4	1	1	2	3	3	2	3	3	1	1	3	3	1	2	2	2	2	2	1	4	1	2	2	2	4	1	1	1	3	4	4	1	2	1	2	1	1	4	4	2	3	4	1	1	1	2	2	3	1	2	2	3	4	1	4	2	1	4	3	3	2	3	1	0	3	4	2	4	1	2	3	2	2	4	2	1	1	4	3	4	1	1	3	1	1	3	1	2	4	3	1	1	3	3	2	1	3	1	1	3
UKSE06-115	UKSE06-115	0	2	1	4	1	4	3	4	4	2	2	3	1	4	4	3	2	2	4	0	2	2	4	1	2	2	1	3	2	3	3	4	2	1	4	3	4	1	1	2	3	3	2	1	1	3	3	3	3	3	4	4	2	1	2	2	2	3	4	2	2	4	0	1	3	3	4	1	1	2	3	1	1	3	2	4	2	3	4	3	1	3	0	2	3	1	1	2	3	3	3	2	2	1	4	2	3	2	0	3	0	2	1	2	4	4	2	1	4	2	4	2	1	1	3	1	4	1	3	3	3	0	2	1	2	2	3	3	1	4	1	4	1	1	3	1	1
UKSE06-118	UKSE06-118	3	2	1	4	1	2	1	4	4	2	2	3	1	4	4	3	2	2	4	2	2	2	4	1	2	2	1	3	2	3	1	4	2	4	2	3	4	1	3	2	1	3	4	1	1	3	3	3	3	1	4	4	2	2	2	2	2	3	4	4	2	4	2	1	3	3	4	1	1	4	3	1	1	3	2	4	2	3	4	1	1	1	2	2	3	1	2	2	3	3	1	2	2	4	2	2	0	4	3	3	0	2	1	2	4	4	2	3	2	3	4	2	1	1	3	1	4	1	3	3	3	6	2	1	2	2	3	3	1	4	1	4	1	1	3	1	1
UKSE06-119	UKSE06-119	3	2	1	4	1	4	3	4	4	2	2	3	1	4	4	3	2	2	4	2	2	2	4	1	2	2	1	3	2	3	3	4	2	1	4	3	4	1	1	2	3	3	2	1	1	3	3	3	3	3	4	4	9	1	2	2	2	3	4	2	2	4	0	1	3	3	4	1	1	2	3	1	1	3	2	4	2	3	4	3	1	3	0	2	3	1	1	2	3	3	3	2	2	1	4	2	3	2	3	3	0	2	1	2	4	4	2	1	4	2	4	2	1	1	3	1	4	1	3	3	3	3	2	1	2	2	3	3	1	4	1	4	1	1	3	1	1
UKSE06-131	UKSE06-131	3	2	1	4	1	4	3	4	4	2	2	3	1	4	4	3	2	2	4	2	2	2	4	1	2	2	1	3	2	3	3	4	2	1	4	3	4	1	1	2	3	3	2	1	1	3	3	3	3	3	4	4	0	1	2	2	2	3	4	2	2	4	2	1	3	3	4	1	1	2	3	1	1	3	2	4	2	3	4	3	0	3	4	2	3	1	1	2	3	3	3	2	2	1	4	2	3	2	3	3	4	2	1	2	0	4	2	1	4	2	4	2	1	1	3	1	4	1	3	3	3	1	2	1	2	2	3	3	1	4	1	4	1	1	3	1	1
UKSE06-132	UKSE06-132	3	2	1	4	1	4	3	4	4	2	2	3	1	4	4	3	2	2	4	2	2	2	4	1	2	2	1	3	2	3	3	4	2	1	4	3	4	1	1	2	3	3	2	1	1	3	3	3	3	3	4	4	2	1	2	2	2	3	4	2	2	4	2	1	3	3	4	1	1	2	3	1	1	3	2	4	2	3	4	3	1	3	0	2	3	1	1	2	3	3	3	2	2	1	4	2	3	2	3	3	0	2	1	2	4	4	2	1	4	2	4	2	1	1	3	1	4	1	3	3	3	1	2	1	2	2	3	3	1	4	1	4	1	1	3	1	1
UKSE06-133	UKSE06-133	0	2	1	4	1	4	3	4	4	2	2	3	1	4	4	3	2	2	4	2	2	2	4	1	2	2	1	3	2	3	3	4	2	1	4	3	4	1	1	2	3	3	2	1	1	3	3	3	3	3	4	4	4	1	2	2	2	3	4	2	2	4	0	1	3	3	4	1	1	2	3	1	1	3	2	4	2	3	4	3	1	3	0	2	3	1	1	2	3	3	3	2	2	1	4	2	3	2	3	3	0	2	1	2	4	4	2	1	4	2	4	2	1	1	3	1	4	1	3	3	3	1	2	1	2	2	3	3	1	4	1	4	1	1	3	1	1
UKSE06-141	UKSE06-141	3	1	3	4	3	4	3	1	4	2	4	1	1	1	4	4	1	2	2	2	4	4	4	0	4	3	1	1	1	3	3	4	4	1	2	3	4	1	3	3	3	1	4	1	1	3	3	3	3	3	4	4	2	2	4	1	2	1	2	2	2	4	1	0	1	3	4	1	1	4	3	1	1	3	4	4	4	0	3	3	2	3	0	2	3	1	1	1	3	3	3	2	2	4	2	2	3	4	3	1	0	2	4	2	4	1	2	3	4	2	2	2	3	1	3	3	4	1	1	1	1	0	2	3	2	2	3	1	3	3	1	4	1	3	3	0	1
UKSE06-142	UKSE06-142	0	5	0	4	6	4	3	4	4	2	2	3	1	4	4	3	0	2	4	2	2	2	4	1	2	0	1	3	2	3	3	4	2	1	4	3	4	1	1	2	3	6	9	1	1	3	3	3	3	0	4	4	2	5	9	5	2	0	9	2	2	4	0	1	6	3	4	1	1	9	3	1	1	3	9	4	2	3	10	3	5	3	0	2	3	1	1	5	3	3	3	2	2	7	9	2	3	9	3	1	0	2	4	2	4	1	2	3	4	2	2	2	3	1	3	3	4	1	1	1	1	1	2	3	2	2	3	1	3	3	1	4	1	3	3	1	1
UKSE06-143	UKSE06-143	0	5	1	4	6	9	6	4	0	2	2	0	1	4	0	10	1	2	4	2	2	0	9	6	2	2	1	0	2	3	3	4	0	1	0	3	4	1	1	2	3	3	2	1	0	0	0	3	3	0	0	0	9	0	2	0	9	6	9	2	0	4	0	1	6	3	4	0	1	2	0	5	1	3	9	4	2	3	4	0	1	0	9	2	3	1	0	2	3	10	3	0	2	1	4	2	3	2	3	0	9	0	7	2	4	0	2	0	9	2	4	2	1	1	10	0	4	1	0	3	0	1	0	1	2	0	3	6	1	0	0	9	1	0	6	1	6
UKSE06-144	UKSE06-144	0	2	1	4	1	4	3	4	4	2	2	3	1	4	4	3	2	2	4	2	2	2	4	1	2	2	1	3	2	3	3	4	2	1	4	3	4	1	1	2	3	3	2	1	1	3	3	3	3	3	4	0	2	1	2	2	2	3	4	2	2	4	2	1	3	3	4	1	1	2	3	1	1	3	2	4	2	3	4	3	1	3	0	2	3	1	1	2	3	3	3	2	2	1	4	2	3	2	3	3	0	2	1	2	4	4	2	1	4	2	4	2	1	1	3	1	4	1	3	3	3	0	2	1	2	2	3	3	1	4	1	4	1	1	3	1	1
UKSE06-145	UKSE06-145	0	2	1	4	1	9	6	4	0	2	2	3	1	4	4	3	2	2	4	2	2	2	4	1	2	2	1	3	2	3	6	4	2	7	9	3	4	1	6	2	6	3	9	1	1	3	3	3	3	0	4	4	9	5	2	2	2	3	4	9	2	4	2	1	3	3	4	1	1	9	3	1	1	3	2	4	2	3	4	6	1	6	9	2	3	1	5	2	3	3	6	2	2	7	9	2	0	0	3	3	0	2	1	2	4	4	2	6	9	8	4	2	1	1	3	1	4	1	3	3	3	0	2	1	2	2	3	3	1	4	1	4	1	1	3	1	1
UKSE06-151	UKSE06-151	0	2	1	4	1	4	3	4	4	2	2	3	1	4	4	3	2	2	4	2	2	2	4	1	2	2	1	3	2	3	3	4	2	1	4	3	4	1	1	2	3	3	2	1	1	3	3	3	3	3	4	0	0	1	2	2	2	3	4	2	2	4	2	1	3	3	4	1	1	2	3	1	1	3	2	4	2	3	4	3	1	3	0	2	3	1	1	2	3	3	3	2	2	1	4	2	3	2	3	3	0	2	1	2	4	4	2	1	4	2	4	2	1	1	3	1	4	1	3	3	3	3	2	1	2	2	3	3	1	4	1	4	1	1	3	1	1
UKSE06-152	UKSE06-152	0	5	6	4	6	4	3	7	4	2	9	6	1	7	4	10	1	2	9	2	9	9	4	6	0	8	1	6	1	3	3	4	9	1	9	3	4	1	6	8	3	6	9	1	1	3	3	3	3	3	4	4	2	5	9	5	2	6	9	2	2	4	5	1	6	3	4	1	1	9	3	1	1	3	9	4	9	3	10	3	5	3	0	2	3	1	1	5	3	3	3	2	2	7	9	2	3	9	3	6	0	2	7	2	4	7	2	6	4	2	9	2	6	1	3	6	4	1	6	0	6	1	2	6	2	2	3	6	6	10	1	4	1	6	3	1	1
UKSE06-153	UKSE06-153	0	2	6	10	1	4	0	4	0	2	2	3	6	7	4	10	1	8	4	2	2	9	4	0	9	2	7	6	2	0	3	4	9	1	4	3	2	1	6	8	3	3	2	1	1	6	3	0	3	3	9	4	4	5	0	5	9	0	0	2	2	10	2	1	0	3	4	0	1	2	6	5	7	6	9	4	2	3	0	6	5	6	9	2	6	1	5	5	0	4	6	9	0	7	4	2	3	2	3	6	0	2	1	2	4	4	2	6	0	2	0	2	0	1	0	6	4	1	6	3	3	1	2	6	2	9	3	6	1	10	6	4	6	1	6	1	0
UKSE06-154	UKSE06-154	0	5	6	4	6	4	3	7	4	2	9	6	1	7	4	10	1	2	9	2	9	9	4	6	0	8	1	6	1	3	3	4	9	1	9	3	4	1	6	8	3	6	9	1	1	3	3	3	3	3	4	4	2	5	9	5	2	6	9	2	2	4	5	1	6	3	4	1	1	9	3	1	1	3	9	4	9	3	10	3	5	3	0	2	3	1	1	5	3	3	3	2	2	7	9	2	3	9	3	6	0	2	7	2	4	7	2	6	4	2	9	2	6	1	3	6	4	1	6	0	6	1	2	6	2	2	3	6	6	10	1	4	1	6	3	1	1
UKSE06-155	UKSE06-155	0	0	0	4	0	4	3	4	4	2	2	3	1	4	4	3	2	2	4	2	2	2	4	1	2	0	1	3	2	3	3	4	2	1	4	3	4	1	1	2	3	3	2	1	1	3	3	3	3	0	4	4	2	1	2	2	2	3	4	2	2	4	0	1	3	3	4	1	1	2	3	1	1	3	2	4	2	3	4	3	1	3	9	2	3	1	1	2	3	3	3	2	2	1	4	2	3	2	3	0	0	2	0	2	0	4	2	0	4	2	0	2	6	1	3	1	4	1	0	3	3	1	2	0	2	2	3	6	0	4	1	4	1	1	3	1	1
UKSE06-161	UKSE06-161	0	2	1	4	1	4	3	4	4	2	2	3	1	4	4	3	2	2	4	2	2	2	4	0	2	2	1	3	2	3	3	4	2	1	4	3	4	1	1	2	3	3	2	1	1	3	3	3	3	3	4	4	2	1	2	2	2	3	4	2	2	4	2	1	3	3	4	1	1	2	3	1	1	3	2	0	2	3	4	3	0	3	0	2	3	1	1	2	3	3	3	2	2	1	4	2	3	2	3	3	0	2	1	2	4	4	2	1	4	2	9	2	1	1	3	1	4	1	3	3	3	1	2	1	2	2	3	3	1	4	1	4	1	1	3	1	1
UKSE06-162	UKSE06-162	0	2	1	4	1	4	3	4	4	2	2	3	1	4	4	3	2	2	4	2	2	2	4	1	2	2	1	3	2	3	3	4	2	1	4	3	4	1	1	2	3	3	2	1	1	3	3	3	3	3	4	4	0	1	2	2	2	3	4	2	2	4	2	1	3	3	4	1	1	2	3	1	1	3	2	4	2	3	4	3	1	3	0	2	3	1	1	2	3	3	3	2	2	1	4	2	3	2	3	3	0	2	1	2	4	4	2	1	4	2	4	2	1	1	3	1	4	1	3	3	3	0	2	1	2	2	3	3	1	4	1	4	1	1	3	1	1
UKSE06-163	UKSE06-163	0	1	3	4	3	2	3	4	4	2	2	3	1	1	4	4	2	2	4	1	2	4	4	1	4	2	1	1	2	1	1	4	2	1	2	3	2	1	3	3	3	1	4	3	1	1	1	3	4	1	4	4	4	1	2	1	2	1	2	2	2	0	1	1	3	3	1	4	1	4	1	1	4	3	2	1	4	1	3	3	2	3	0	2	3	1	2	2	4	4	3	4	4	4	4	2	3	2	4	1	2	2	1	2	2	4	2	3	4	2	4	2	3	1	3	3	4	1	1	1	1	3	3	1	1	2	3	1	1	3	3	2	3	1	1	1	3
UKSE06-165	UKSE06-165	0	1	3	4	3	2	3	4	4	2	2	3	1	1	4	4	2	2	4	1	2	4	4	1	4	2	1	1	2	1	1	4	2	1	2	3	2	1	3	3	3	1	4	3	1	1	1	3	4	1	4	4	4	1	2	1	2	1	2	2	2	3	1	1	3	3	1	4	1	4	1	1	4	3	2	1	4	1	3	3	2	3	0	2	3	1	2	2	4	4	3	4	4	4	4	2	3	2	0	1	2	2	1	2	2	4	2	3	4	2	0	2	3	1	3	3	4	1	1	1	1	3	3	1	1	2	3	1	1	3	3	2	3	1	1	1	3
UKSE06-171	UKSE06-171	0	2	1	4	1	4	3	4	4	2	2	3	1	4	4	3	2	2	4	2	2	2	4	1	2	2	1	3	2	3	3	4	2	1	4	3	4	1	1	2	3	3	2	1	1	3	3	3	3	3	4	0	4	1	2	2	2	3	4	2	2	4	2	1	3	3	4	1	1	2	3	1	1	3	2	4	2	3	4	3	1	3	0	2	3	1	1	2	3	3	3	2	2	1	4	2	3	2	3	3	0	2	1	2	9	4	2	1	4	2	4	2	1	1	3	1	4	1	3	3	3	3	2	1	2	2	3	3	0	4	1	0	1	1	3	0	1
UKSE06-172	UKSE06-172	0	2	1	4	1	4	3	4	4	2	2	3	1	4	4	3	2	2	4	2	2	2	4	1	2	2	1	3	2	3	3	4	2	1	4	3	4	1	1	2	3	3	2	1	1	3	3	3	3	3	4	0	2	1	2	2	2	3	4	2	2	4	2	1	3	3	4	1	1	2	3	1	1	3	2	4	2	3	4	3	1	3	0	2	3	1	1	2	3	3	3	2	2	1	4	2	3	2	3	3	0	2	1	2	4	4	2	1	4	2	4	2	1	1	3	1	4	1	3	3	3	1	2	1	2	2	3	3	1	4	1	4	1	1	3	0	1
UKSE06-173	UKSE06-173	3	2	1	4	1	4	3	4	4	2	2	3	1	4	4	3	0	0	4	2	2	2	4	0	2	2	1	3	2	3	3	4	2	1	4	3	4	1	1	2	3	3	2	1	1	3	3	3	3	3	4	4	4	1	0	2	2	3	4	2	2	4	2	1	3	3	4	1	1	2	3	1	1	3	2	0	2	3	4	3	5	3	0	2	3	1	1	2	3	3	3	2	2	1	4	2	3	2	3	3	0	2	1	2	4	0	2	1	4	2	0	2	1	1	3	1	4	1	3	3	3	1	2	1	2	2	3	3	1	4	1	4	1	1	3	1	1
UKSE06-174	UKSE06-174	0	2	1	4	1	4	3	4	4	2	2	3	1	4	4	3	2	2	4	2	2	2	4	1	2	2	1	3	2	3	3	4	2	1	4	3	4	1	1	2	3	3	2	1	1	3	3	3	3	0	4	0	2	1	2	2	2	3	4	2	2	4	0	1	3	3	4	1	1	2	3	1	1	3	2	4	2	3	4	3	1	3	0	2	3	1	1	2	3	3	3	2	2	1	4	2	3	2	3	3	4	2	1	2	4	4	2	1	4	2	4	2	1	1	3	1	4	1	3	3	3	1	2	1	2	2	3	3	1	4	1	4	1	1	3	1	1
UKSE06-175	UKSE06-175	0	2	1	4	1	4	3	4	4	2	2	3	1	4	4	3	2	2	4	2	2	2	4	1	2	2	1	3	2	3	3	4	2	1	4	3	4	1	1	2	3	3	2	1	1	3	3	3	3	3	4	4	2	1	2	2	2	3	4	2	2	4	2	1	3	3	4	1	1	2	3	1	1	3	2	4	2	3	4	3	0	3	9	2	3	1	1	2	3	3	3	2	0	1	4	2	3	2	0	3	0	2	1	2	4	4	2	1	4	2	4	2	1	1	3	1	4	1	3	3	3	1	2	1	2	2	3	3	1	4	1	4	1	1	3	0	1
UKSE06-176	UKSE06-176	0	2	1	4	1	4	3	4	4	2	2	3	1	4	4	3	2	2	4	2	2	2	4	1	2	2	1	3	2	3	3	4	2	1	4	3	4	1	1	2	3	3	2	1	1	3	3	3	3	3	4	4	2	1	2	2	2	3	4	2	2	4	2	1	3	3	4	1	1	2	3	1	1	3	2	4	2	3	4	3	0	3	0	2	3	1	1	2	3	3	3	2	2	1	4	2	3	2	3	3	0	2	1	2	4	4	2	1	4	2	4	2	1	1	3	1	4	1	3	3	3	1	2	1	2	2	3	3	1	4	1	4	1	1	3	1	1
UKSE06-177	UKSE06-177	3	2	1	4	1	4	3	4	4	2	2	3	1	4	4	3	2	2	4	2	2	2	4	1	2	2	1	0	2	3	3	4	2	1	4	3	0	1	1	2	3	3	2	1	1	3	3	3	3	3	4	4	0	1	2	2	2	3	4	2	2	4	0	1	3	3	4	1	1	2	3	1	1	3	2	4	2	3	4	3	0	3	0	2	3	1	1	2	3	0	3	2	2	1	4	2	0	2	3	3	4	2	1	2	4	4	2	1	4	2	4	2	1	1	3	1	4	1	3	3	3	0	2	1	2	2	3	3	1	4	1	4	0	1	3	0	1
UKSE06-178	UKSE06-178	0	2	1	4	1	4	0	4	4	2	2	3	1	4	4	3	0	2	4	2	2	2	4	1	2	0	1	3	2	3	3	4	2	1	4	3	4	1	1	2	3	3	2	1	0	3	3	3	3	3	4	0	0	1	2	2	2	3	4	2	2	4	0	1	3	3	4	1	1	2	3	1	1	3	2	4	2	3	4	3	0	3	9	2	3	1	1	2	3	3	3	2	0	1	4	2	3	2	0	3	0	2	1	2	0	4	2	1	4	2	0	2	1	1	3	1	4	1	3	3	3	3	2	1	0	2	3	3	1	4	1	4	0	1	3	0	1
UKSE06-179	UKSE06-179	3	2	1	4	1	4	3	4	4	2	2	3	1	4	4	3	2	2	4	2	2	2	4	1	2	2	1	3	2	3	3	4	2	1	4	3	4	1	1	2	3	3	2	1	1	3	3	3	3	3	4	4	2	1	2	2	2	3	4	2	2	4	2	1	3	3	4	1	1	2	3	1	1	3	2	4	2	3	4	3	0	3	0	2	3	1	1	2	3	3	3	2	2	1	4	2	3	2	3	3	0	2	1	2	4	4	2	1	4	2	4	2	1	1	3	1	4	1	3	3	3	0	2	1	2	2	3	3	1	4	1	4	1	1	3	1	1
UKSE06-180	UKSE06-180	0	2	1	4	1	4	3	4	4	2	2	3	1	4	4	3	2	2	4	2	2	2	4	1	2	0	1	3	2	3	3	4	2	1	4	3	4	1	1	2	3	3	2	1	1	3	3	3	3	3	4	0	0	1	2	2	2	3	4	2	2	4	0	1	3	3	4	1	1	2	3	1	1	3	2	4	2	3	4	3	1	3	0	2	3	1	1	2	3	3	3	2	2	1	4	2	3	2	3	3	0	2	1	2	4	4	2	1	4	2	4	2	1	1	3	1	4	1	3	3	3	1	2	1	2	2	3	3	1	4	1	4	1	1	3	1	1
UKSE06-191	UKSE06-191	0	1	1	3	1	2	1	4	4	2	2	3	3	4	2	4	1	2	4	2	2	4	2	0	4	2	1	3	2	3	1	4	4	1	2	3	4	1	1	3	3	1	4	1	1	1	3	3	3	3	2	4	4	0	2	1	4	3	4	2	1	0	1	0	1	3	4	4	1	2	1	2	4	1	4	1	2	3	3	1	1	1	2	2	3	1	2	2	4	4	1	4	4	4	4	2	3	2	3	1	2	2	4	1	2	1	1	3	2	2	4	2	3	1	4	3	4	1	1	1	1	1	2	1	2	4	3	1	1	3	1	2	1	1	1	1	3
UKSE06-192	UKSE06-192	1	1	1	4	3	2	1	4	2	2	2	1	1	4	2	4	1	2	4	2	2	4	2	3	4	0	1	1	2	3	3	4	4	1	2	3	4	1	1	2	3	3	2	3	3	1	1	3	3	1	2	2	4	2	2	1	4	1	2	2	2	4	1	1	1	3	4	4	1	2	1	2	1	1	4	4	2	3	4	1	1	1	2	2	3	1	2	2	3	4	1	4	2	1	4	3	3	2	0	1	0	3	4	2	4	1	2	3	2	2	4	2	1	1	4	3	4	1	1	3	1	1	3	1	0	4	3	1	1	3	3	2	1	3	1	1	3
UKSE06-194	UKSE06-194	3	1	1	3	1	2	1	4	4	2	2	3	3	4	2	4	1	2	4	2	2	4	2	3	4	2	1	3	2	3	1	4	4	1	2	3	4	1	1	3	3	1	4	1	1	1	3	3	3	3	2	4	4	2	2	1	4	3	4	2	1	3	1	0	1	3	4	4	1	2	1	2	4	1	4	1	2	3	3	1	1	1	2	2	3	1	2	2	4	4	1	4	4	4	4	2	3	2	3	1	2	2	4	1	2	1	1	3	2	2	4	2	3	1	4	3	4	1	1	1	1	1	2	1	2	4	3	1	1	3	1	2	1	1	1	1	3
UKSE06-195	UKSE06-195	0	2	1	4	1	4	3	4	4	2	2	3	1	4	4	3	2	2	4	2	2	2	4	1	2	2	1	3	2	3	3	4	2	1	4	3	4	1	1	2	3	3	2	1	1	3	3	3	3	3	4	0	9	1	2	2	2	3	4	2	2	4	2	1	3	3	4	1	1	2	3	1	1	3	2	4	2	3	4	3	1	3	0	2	3	1	1	2	3	3	3	2	2	1	4	2	3	2	0	3	0	2	1	2	0	4	2	1	4	2	4	2	1	1	3	1	4	1	3	3	3	0	2	1	2	2	3	3	1	4	1	4	1	1	3	0	1
UKSE06-201	UKSE06-201	0	1	1	3	1	2	1	4	4	2	2	3	3	4	2	4	1	2	4	2	2	4	2	3	4	2	1	3	2	3	1	4	4	1	2	3	4	1	1	3	3	1	4	1	1	1	3	3	3	3	2	4	4	2	2	1	4	3	4	2	1	3	1	0	1	3	4	4	1	2	1	2	4	1	4	1	2	3	3	1	1	1	2	2	3	1	2	2	4	4	1	4	4	4	4	2	3	2	0	1	2	2	4	1	2	1	1	3	2	2	4	2	3	1	4	3	4	1	1	1	1	1	2	1	2	4	3	1	1	3	1	2	1	1	1	1	3
UKSE06-202	UKSE06-202	0	1	1	3	1	2	1	4	4	2	2	3	3	4	2	4	1	2	4	2	2	4	2	3	4	2	1	3	2	3	1	4	4	1	2	3	4	1	1	3	3	1	4	1	1	1	3	3	3	0	2	4	4	2	2	1	4	3	4	2	1	0	0	0	1	3	4	4	1	2	1	2	4	1	4	1	2	3	3	1	1	1	2	2	3	1	2	2	4	4	1	4	4	4	4	2	3	2	0	1	2	2	4	1	2	1	1	3	2	2	4	2	3	1	4	3	4	1	1	1	1	1	2	1	2	4	3	1	1	3	1	2	1	1	1	1	3
UKSE06-203	UKSE06-203	0	2	1	4	1	4	3	4	4	2	2	3	1	4	4	3	2	2	4	2	2	2	4	1	2	2	1	3	2	3	3	4	2	1	4	3	4	1	1	2	3	3	2	1	1	3	3	3	3	3	4	4	0	1	2	2	2	3	4	2	2	4	2	1	3	3	4	1	1	2	3	1	1	3	2	4	2	3	4	3	1	3	0	2	3	1	1	2	3	3	3	2	2	1	4	2	3	2	3	3	0	2	1	2	4	4	2	1	4	2	4	2	1	1	3	1	4	1	3	3	3	1	2	1	2	2	3	3	1	4	1	4	1	1	3	1	1
UKSE06-204	UKSE06-204	0	1	1	3	1	2	1	4	4	2	2	3	3	4	2	4	1	2	4	2	2	4	2	3	4	2	1	3	2	3	1	4	4	1	2	3	4	1	1	3	3	1	4	1	1	1	3	3	3	3	2	4	4	2	2	1	4	3	4	2	1	3	0	3	1	3	4	4	1	2	1	2	4	1	4	1	2	3	3	1	1	1	2	2	3	1	2	2	4	4	1	4	4	4	4	2	3	2	0	1	2	2	4	1	2	1	1	3	2	2	4	2	3	1	4	3	4	1	1	1	1	1	2	1	2	4	3	1	1	3	1	2	1	1	1	1	3
UKSE06-205	UKSE06-205	3	1	1	3	1	2	1	4	4	2	2	3	3	4	2	4	1	2	4	2	2	4	2	3	4	2	1	3	2	3	1	4	4	1	2	3	4	1	1	3	3	1	4	1	1	1	3	3	3	3	2	4	4	2	2	1	4	3	4	2	1	3	1	3	1	3	4	4	1	2	1	2	4	1	4	1	2	3	3	1	1	1	2	2	3	1	2	2	4	4	1	4	4	4	4	2	3	2	3	1	2	2	4	1	2	1	1	3	2	2	4	2	3	1	4	3	4	1	1	1	1	1	2	1	2	4	3	1	1	3	1	2	1	1	1	1	3
UKSE06-211	UKSE06-211	0	2	1	4	1	4	3	4	4	2	2	3	1	4	4	3	0	2	4	2	2	2	4	1	2	0	1	3	2	3	3	4	2	1	4	3	4	0	1	2	3	3	2	1	1	3	3	3	3	0	4	4	0	1	2	2	2	0	4	2	2	4	0	1	3	3	4	1	1	2	3	1	1	0	2	4	2	3	4	0	1	3	9	2	3	1	1	2	3	3	3	2	2	1	4	0	3	2	0	3	0	2	1	2	0	4	2	1	4	2	4	2	1	1	3	1	4	1	3	3	3	0	2	1	2	2	3	3	1	4	1	4	1	1	3	1	1
UKSE06-212	UKSE06-212	0	2	1	4	1	4	3	4	4	2	2	3	1	4	4	3	2	2	4	2	2	2	4	1	2	2	1	3	2	3	3	4	2	1	4	3	4	1	1	2	3	3	2	1	1	3	3	3	3	3	4	4	2	1	2	2	2	3	4	2	2	4	0	1	3	3	4	1	1	2	3	1	1	3	2	4	2	3	4	3	0	3	0	2	3	1	1	2	3	3	3	2	2	1	4	2	3	2	0	3	0	2	1	2	4	4	2	1	4	2	4	2	1	1	3	1	4	1	3	3	3	0	2	1	2	2	3	3	1	4	1	4	1	1	3	1	1
UKSE06-213	UKSE06-213	3	2	1	4	1	4	3	4	4	2	2	3	1	4	4	3	2	2	4	2	2	2	4	1	2	2	1	3	2	3	3	4	2	1	4	3	4	1	1	2	3	3	2	1	1	3	3	3	3	3	4	4	2	1	2	2	2	3	4	2	2	4	2	1	3	3	4	1	1	2	3	1	1	3	2	4	2	3	4	3	1	3	0	2	3	1	1	2	3	3	3	2	2	1	4	2	3	2	3	3	0	2	1	2	4	4	2	1	4	2	4	2	1	1	3	1	4	1	3	3	3	0	2	1	2	2	3	3	1	4	1	4	1	1	3	1	1
UKSE06-214	UKSE06-214	0	2	1	3	1	2	1	4	4	2	2	3	3	4	2	3	2	2	4	2	2	2	4	1	2	2	1	3	2	3	3	4	2	1	4	3	4	1	1	2	3	3	2	1	1	1	3	3	3	3	2	4	9	1	2	2	4	3	4	2	2	4	2	1	3	3	4	4	1	2	1	2	4	1	4	1	2	3	3	1	1	1	2	2	3	1	1	2	3	3	3	2	2	1	4	2	3	2	3	3	0	2	1	1	2	1	5	6	9	2	4	2	1	1	3	1	4	1	3	3	3	1	2	1	2	4	3	1	1	4	1	4	1	1	3	1	1
UKSE06-215	UKSE06-215	1	1	1	4	3	2	1	4	2	2	2	1	1	4	2	4	1	2	4	2	2	4	2	3	4	2	1	1	2	3	3	4	4	1	2	3	4	1	1	2	3	3	2	3	3	1	1	3	3	1	2	2	9	2	2	1	4	1	2	2	2	4	1	1	1	3	4	4	1	2	1	2	1	1	4	4	2	3	4	1	1	1	2	2	3	1	2	2	3	4	1	4	2	1	4	3	3	2	0	1	0	3	4	2	4	1	2	3	2	2	4	2	1	1	4	3	4	1	1	3	1	1	3	1	2	4	3	1	1	3	3	2	1	3	1	1	3
UKSE06-216	UKSE06-216	0	2	1	4	1	4	3	4	4	2	2	3	1	4	4	3	2	2	4	2	2	2	4	1	4	2	1	3	2	3	1	4	4	1	2	3	4	1	1	8	3	6	9	1	1	6	3	3	3	3	9	4	4	5	2	5	9	3	4	2	1	3	0	0	1	3	4	1	1	2	3	1	1	3	2	4	2	3	10	6	1	1	2	2	3	1	2	2	3	3	3	2	2	1	4	2	3	2	3	6	0	2	7	5	9	7	1	3	2	2	4	2	3	1	4	3	4	1	1	1	1	1	2	1	2	4	3	1	1	3	1	2	1	1	1	1	3
UKSE06-217	UKSE06-217	0	1	1	3	1	2	1	4	4	2	2	3	3	4	2	3	0	2	4	2	2	2	4	1	2	2	1	3	2	3	3	4	2	1	4	3	4	1	1	2	3	3	2	1	1	3	3	3	3	3	4	0	0	1	2	2	4	3	4	0	1	3	0	0	1	3	4	4	1	2	1	2	4	1	4	0	2	3	3	1	1	1	2	2	3	1	0	2	3	3	3	2	2	1	4	2	3	2	3	3	0	2	1	1	2	0	2	1	2	2	0	2	1	1	3	1	4	0	3	3	3	6	2	1	2	4	3	1	1	3	1	2	1	1	1	0	0
UKSE06-218	UKSE06-218	1	1	1	4	3	2	1	4	2	2	2	0	1	4	2	4	1	2	4	2	2	4	2	3	4	2	1	1	2	3	3	4	4	1	2	3	4	1	1	2	3	3	2	3	3	1	1	3	3	1	2	2	0	2	2	1	4	1	2	2	2	4	0	1	1	3	4	4	1	2	1	2	1	1	4	4	2	3	4	1	1	1	2	2	3	1	2	2	3	4	1	4	2	1	4	3	3	0	0	1	0	3	4	2	4	1	2	3	2	2	4	2	1	1	4	3	4	1	1	3	1	1	3	1	2	4	3	1	1	3	3	2	1	3	1	1	3
UKSE06-219	UKSE06-219	0	2	1	4	1	4	3	4	0	2	2	3	1	4	4	3	0	2	4	2	2	2	4	1	0	0	1	3	2	3	3	4	2	1	4	0	4	1	1	2	3	3	2	1	0	3	3	3	3	0	4	0	0	1	2	2	2	3	4	2	2	0	0	1	3	3	4	1	1	2	3	1	1	3	2	4	2	3	4	3	1	3	9	2	3	1	0	2	3	3	3	2	2	1	4	2	3	2	0	3	9	2	1	2	0	4	0	0	4	2	4	2	1	1	3	1	4	0	3	3	3	0	2	1	2	2	3	3	1	4	1	4	1	1	3	0	0
UKSE06-220	UKSE06-220	3	2	1	4	1	4	3	4	4	2	2	3	1	4	4	3	2	2	4	2	2	2	4	1	2	2	1	3	2	3	3	4	2	1	4	3	4	1	1	2	3	3	2	1	1	3	3	3	3	3	4	4	2	1	2	2	2	3	4	2	2	4	2	1	3	3	4	1	1	2	3	1	1	3	2	4	2	3	4	3	1	3	0	2	3	1	1	2	3	3	3	2	2	1	4	2	3	2	3	3	4	2	1	2	4	4	2	1	4	2	4	2	1	1	3	1	4	1	3	3	0	1	2	1	2	2	3	3	1	4	1	4	1	1	3	1	1
UKSE06-221	UKSE06-221	3	2	3	3	1	2	3	4	4	2	2	3	1	4	2	3	1	2	2	1	2	4	4	3	4	2	1	3	2	3	1	4	4	1	4	3	4	1	1	2	3	3	4	1	1	3	3	3	3	3	4	4	0	1	2	2	2	3	4	2	1	4	2	1	3	3	4	1	1	2	3	1	4	1	4	4	4	1	4	3	2	3	0	2	3	1	1	2	3	3	3	2	4	1	4	2	1	2	3	3	4	2	4	2	4	4	2	1	2	2	2	2	1	1	4	1	4	1	3	3	1	3	3	3	2	2	3	3	1	3	1	2	1	1	1	1	1
UKSE06-222	UKSE06-222	3	2	1	4	1	4	3	4	4	2	2	3	1	4	4	3	2	2	4	2	2	2	4	1	2	2	1	3	2	3	3	4	2	1	4	3	4	1	1	2	3	3	2	1	1	3	3	3	3	3	4	4	2	1	2	2	2	3	4	2	2	4	2	1	3	3	4	1	1	2	3	1	1	3	2	4	2	3	4	3	1	3	0	2	3	1	1	2	3	3	3	2	2	1	4	2	3	2	3	3	4	2	1	2	4	4	2	1	4	2	4	2	1	1	3	1	4	1	3	3	0	3	2	1	2	2	3	3	1	4	1	4	1	1	3	1	1
UKSE06-223	UKSE06-223	3	2	1	4	1	4	3	4	4	2	2	3	1	4	4	3	2	2	4	2	2	2	4	1	2	2	1	3	2	3	3	4	2	1	4	3	4	1	1	2	3	3	2	1	1	3	3	3	3	3	4	4	2	1	2	2	2	3	4	2	2	4	2	1	3	3	4	1	1	2	3	1	1	3	2	4	2	3	4	3	0	3	0	2	3	1	1	2	3	3	3	2	2	1	4	2	3	2	3	3	4	2	1	2	4	4	2	1	4	2	4	2	1	1	3	1	4	1	3	3	3	1	2	1	2	2	3	3	1	4	1	4	1	1	3	1	1
UKSE06-224	UKSE06-224	3	2	3	3	1	2	3	4	4	2	2	3	1	4	2	3	1	2	2	1	2	4	4	3	4	2	1	3	2	3	1	4	4	1	4	3	4	1	1	2	3	3	4	1	1	3	3	3	3	3	4	4	2	1	2	2	2	3	4	2	1	4	2	1	3	3	4	1	1	2	3	1	4	1	4	4	4	1	4	3	2	3	4	2	3	1	1	2	3	3	3	2	4	1	4	2	1	2	3	3	4	2	4	2	4	4	2	1	2	2	2	2	1	1	4	1	4	1	3	3	1	3	3	3	2	2	3	3	1	3	1	2	1	1	1	1	1
UKSE06-225	UKSE06-225	3	2	3	3	1	2	3	4	4	2	2	3	1	4	2	3	1	2	2	1	2	4	4	3	4	2	1	3	2	3	1	4	4	1	4	3	4	1	1	2	3	3	4	1	1	3	3	3	3	3	4	4	2	1	2	2	2	3	4	2	1	4	2	1	3	3	4	1	1	2	3	1	4	1	4	4	4	1	4	3	2	3	0	2	3	1	1	2	3	3	3	2	4	1	4	2	1	2	3	3	4	2	4	2	4	4	2	1	2	2	2	2	1	1	4	1	4	1	3	3	1	3	3	3	2	2	3	3	1	3	1	2	1	1	1	1	1
UKSE06-226	UKSE06-226	3	2	3	3	1	2	3	4	4	2	2	3	1	4	2	3	1	2	2	1	2	4	4	3	4	2	1	3	2	3	1	4	4	1	4	3	4	1	1	2	3	3	4	1	1	3	3	3	3	3	4	4	2	1	2	2	2	3	4	2	1	4	2	1	3	3	4	1	1	2	3	1	4	1	4	4	4	1	4	3	0	3	4	2	3	1	1	2	3	3	3	2	4	1	4	2	1	2	3	3	4	2	4	2	4	4	2	1	2	2	2	2	1	1	4	1	4	1	3	3	1	3	3	3	2	2	3	3	1	3	1	2	1	1	1	1	1
UKSE06-227	UKSE06-227	3	2	3	3	1	2	3	4	4	2	2	3	1	4	2	3	1	2	2	1	2	4	4	3	4	2	1	3	2	3	1	4	4	1	4	3	4	1	1	2	3	3	4	1	1	3	3	3	3	3	4	4	2	1	2	2	2	3	4	2	1	4	2	1	3	3	4	1	1	2	3	1	4	1	4	4	4	1	4	3	2	3	4	2	3	1	1	2	3	3	3	2	4	1	4	2	1	2	3	3	4	2	4	2	4	4	2	1	2	2	2	2	1	1	4	1	4	1	3	3	1	3	3	3	2	2	3	3	1	3	1	2	1	1	1	1	1
UKSE06-228	UKSE06-228	3	2	3	3	1	2	3	4	4	2	2	3	1	4	2	3	1	2	2	1	2	4	4	3	4	2	1	3	2	3	1	4	4	1	4	3	4	1	1	2	3	3	4	1	1	3	3	3	3	3	4	4	2	1	2	2	2	3	4	2	1	4	2	1	3	3	4	1	1	2	3	1	4	1	4	4	4	1	4	3	2	3	4	2	3	1	1	2	3	3	3	2	4	1	4	2	1	2	3	3	4	2	4	2	4	4	2	1	2	2	2	2	1	1	4	1	4	1	3	3	1	3	3	3	2	2	3	3	1	3	1	2	1	1	1	1	1
UKSE06-231	UKSE06-231	3	1	1	3	1	2	1	4	4	2	2	3	1	4	4	3	0	2	4	2	2	9	9	6	9	2	1	3	2	3	6	4	4	1	2	3	4	1	1	3	3	1	4	1	1	3	3	3	3	3	4	4	2	1	2	2	2	3	4	2	2	4	2	1	3	3	4	1	1	2	3	1	1	3	2	4	2	3	4	3	0	3	0	2	3	1	2	2	4	4	1	4	4	4	4	2	3	2	3	6	9	2	7	0	9	7	5	3	2	2	4	2	3	1	4	3	4	1	1	1	1	1	2	1	2	4	3	1	1	3	1	2	1	1	1	1	3
UKSE06-232	UKSE06-232	3	2	1	4	1	2	1	4	4	2	2	3	1	4	4	3	2	3	2	1	2	4	4	1	4	2	1	1	2	1	1	4	2	4	2	3	4	1	3	2	1	3	4	1	1	3	3	3	3	1	4	2	2	2	2	2	2	3	4	4	2	4	2	1	3	3	4	1	1	4	3	1	4	3	2	1	4	3	4	1	0	1	2	2	3	1	2	2	3	3	1	2	2	4	2	2	1	4	4	1	4	2	1	2	2	4	2	3	2	3	4	2	1	1	4	1	4	1	1	0	0	1	3	1	2	2	3	3	1	3	1	2	1	1	3	0	1
UKSE06-234	UKSE06-234	3	2	1	4	1	2	1	4	4	2	2	3	1	4	4	3	2	3	2	1	2	4	4	1	4	2	1	1	2	1	1	4	2	4	2	3	4	1	3	2	1	3	4	1	1	3	3	3	3	1	4	2	2	2	2	2	2	3	4	4	2	4	2	1	3	3	4	1	1	4	3	1	4	3	2	1	4	3	4	1	1	1	2	2	3	1	2	2	3	3	1	2	2	4	2	2	1	4	4	1	4	2	1	2	2	4	2	3	2	3	4	2	1	1	4	1	4	1	1	0	0	1	3	1	2	2	3	3	1	3	1	2	1	1	3	1	1
UKSE06-235	UKSE06-235	3	2	1	4	1	4	3	4	4	2	2	3	1	4	4	3	2	2	4	2	2	2	4	1	2	2	1	3	2	3	3	4	2	1	4	3	4	1	1	2	3	3	2	1	1	3	3	3	3	3	4	4	2	1	2	2	2	3	4	2	2	4	2	1	3	3	4	1	1	2	3	1	1	3	2	4	2	3	4	3	1	3	4	2	3	1	1	2	3	3	3	2	2	1	4	2	3	2	3	3	4	2	1	2	4	4	2	1	4	2	4	2	1	1	3	1	4	1	3	3	3	0	2	1	2	2	3	3	1	4	1	4	1	1	3	1	1
UKSE06-236	UKSE06-236	3	2	1	4	1	2	1	4	4	2	2	3	1	4	4	3	2	3	2	1	2	4	4	1	4	2	1	1	2	1	1	4	2	4	2	3	4	1	3	2	1	3	4	1	1	3	3	3	3	1	4	2	2	2	2	2	2	3	4	4	2	4	2	1	3	3	4	1	1	4	3	1	4	3	2	1	4	3	4	1	1	1	2	2	3	1	2	2	3	3	1	2	2	4	2	2	1	4	4	1	4	2	1	2	2	4	2	3	2	3	4	2	1	1	4	1	4	1	1	0	0	1	3	1	2	2	3	3	1	3	1	2	1	1	3	1	1
UKSE06-237	UKSE06-237	3	2	1	4	1	4	3	4	4	2	2	3	1	4	4	3	2	2	4	2	2	2	4	1	2	2	1	3	2	3	3	4	2	1	4	3	4	1	1	2	3	3	2	1	1	3	3	3	3	3	4	4	9	1	2	2	2	3	4	2	2	4	2	1	3	3	4	1	1	2	3	1	1	3	2	4	2	3	4	3	0	3	0	2	3	1	1	2	3	3	3	2	2	1	4	2	3	2	3	3	4	2	1	2	4	4	2	1	4	2	4	2	1	1	3	1	4	1	3	3	0	6	2	1	2	2	3	3	1	4	1	4	1	1	3	1	1
UKSE06-238	UKSE06-238	3	2	1	4	1	2	1	4	4	2	2	3	1	4	4	3	5	3	2	0	2	4	4	1	4	0	1	1	2	1	1	4	2	4	2	3	4	1	3	2	1	3	4	1	1	3	3	3	3	1	4	2	9	2	2	2	2	3	4	4	2	4	0	1	3	3	4	1	1	0	3	1	4	3	2	1	4	3	4	1	0	1	2	2	3	1	2	2	3	3	1	2	2	4	2	0	1	4	4	1	4	2	1	2	2	4	2	3	2	3	4	2	1	1	4	1	4	1	1	3	3	1	3	1	0	2	3	3	1	3	1	2	1	1	3	1	1
UKSE06-239	UKSE06-239	3	1	1	3	1	2	1	4	4	2	2	3	3	4	2	4	1	2	4	2	2	4	2	3	4	2	1	3	2	3	3	4	2	1	4	3	4	1	1	3	3	1	4	1	1	1	3	3	3	3	9	4	4	5	2	5	9	3	4	2	2	4	2	1	3	3	4	4	1	2	1	2	4	1	4	1	2	3	3	1	0	1	2	2	3	1	2	2	3	3	3	2	2	1	4	2	3	2	3	1	2	2	1	2	4	1	2	1	4	2	4	2	1	1	4	3	4	1	1	1	1	1	2	1	2	4	3	1	1	10	1	9	1	1	1	1	3
UKSE06-240	UKSE06-240	3	2	1	4	1	4	3	4	4	2	2	3	1	4	4	3	2	2	4	2	2	2	4	1	2	2	1	3	2	3	3	4	2	1	4	3	4	1	1	2	3	3	2	1	1	3	3	3	3	3	4	4	2	1	2	2	2	3	4	2	2	4	2	1	3	3	4	1	1	2	3	1	1	3	2	4	2	3	4	3	0	3	4	2	3	1	1	2	3	3	3	2	2	1	4	2	3	2	3	3	4	2	1	2	4	4	2	1	4	2	4	2	1	1	3	1	4	1	3	3	0	1	2	1	2	2	3	3	1	4	1	4	1	1	3	1	1
UKSE06-241	UKSE06-241	3	2	1	4	1	2	1	4	4	2	2	3	1	4	4	3	2	3	2	1	2	4	4	1	4	2	1	1	2	1	1	4	2	4	2	3	4	1	3	2	1	3	4	1	1	3	3	3	3	1	4	2	2	2	2	2	2	3	4	4	2	4	2	1	3	3	4	1	1	4	3	1	4	3	2	1	4	3	4	1	1	1	2	2	3	1	2	2	3	3	1	2	2	4	2	2	1	4	4	1	4	2	1	2	2	4	2	3	2	3	4	2	1	1	4	1	4	1	1	0	0	1	3	1	2	2	3	3	1	3	1	2	1	1	3	1	1
UKSE06-243	UKSE06-243	3	2	1	4	1	2	1	4	4	2	2	3	1	4	4	3	2	3	2	1	2	4	4	1	4	2	1	1	2	1	1	4	2	4	2	3	4	1	3	2	1	3	4	1	1	3	3	3	3	1	4	2	2	2	2	2	2	3	4	4	2	4	2	1	3	3	4	1	1	4	3	1	4	3	2	1	4	3	4	1	1	1	2	2	3	1	2	2	3	3	1	2	2	4	2	2	1	4	4	1	4	2	1	2	2	4	2	3	2	3	4	2	1	1	4	1	4	1	1	0	0	1	3	1	2	2	3	3	1	3	1	2	1	1	3	1	1
UKSE06-244	UKSE06-244	3	2	1	4	1	4	3	4	4	2	2	3	1	4	4	3	0	2	4	2	2	2	4	1	2	2	1	3	2	3	3	4	2	1	4	3	4	1	1	2	3	3	2	1	1	3	3	3	3	3	4	4	4	1	2	2	2	3	4	2	2	4	2	1	3	3	4	1	1	2	3	1	1	3	2	4	2	3	4	3	0	3	0	2	3	1	1	2	3	3	3	2	2	1	4	2	3	2	3	3	4	2	1	2	4	4	2	1	4	2	4	2	1	1	3	1	4	1	3	3	0	1	2	1	2	2	3	3	1	4	1	4	1	1	3	1	1
UKSE06-245	UKSE06-245	3	2	1	0	1	4	3	4	4	2	2	3	1	4	4	3	0	2	4	2	2	2	4	1	2	2	1	3	2	3	3	4	2	1	4	3	4	1	1	2	3	3	2	0	1	3	3	3	3	3	4	4	0	1	2	2	2	3	4	2	2	4	2	1	3	3	4	1	1	2	3	1	1	0	2	4	2	3	4	3	1	3	0	2	3	1	1	2	3	3	3	2	2	1	4	2	3	2	3	3	4	2	1	2	4	4	2	1	4	2	4	2	1	1	3	1	4	1	3	3	3	1	2	1	2	2	3	3	1	4	1	4	1	1	3	1	1
UKSE06-246	UKSE06-246	0	2	1	0	3	4	3	4	4	2	4	3	3	4	4	4	1	2	2	5	2	9	9	1	4	8	1	1	5	6	3	3	2	1	4	3	4	1	1	2	3	3	2	1	6	3	1	3	4	1	2	2	4	2	2	1	9	6	9	2	5	3	1	3	1	3	1	4	1	2	1	2	1	1	4	1	2	3	4	1	0	1	2	4	1	3	1	2	4	0	1	4	2	4	4	3	1	4	3	6	4	3	7	1	4	7	5	3	2	3	2	4	6	3	10	6	10	3	3	6	1	6	8	1	5	2	1	1	1	3	3	4	1	1	3	1	1
UKSE06-247	UKSE06-247	3	2	1	4	1	4	3	4	4	2	2	3	1	4	4	3	2	2	4	2	2	2	4	1	2	2	1	3	2	3	3	4	2	1	4	3	4	1	1	2	3	3	2	1	1	3	3	3	3	3	4	4	0	1	2	2	2	3	4	2	2	4	2	1	3	3	4	1	1	2	3	1	1	3	2	4	2	3	4	3	0	3	4	2	3	1	1	2	3	3	3	2	2	1	4	2	3	2	3	3	4	2	1	2	4	4	2	1	4	2	4	2	1	1	3	1	4	1	3	3	0	3	2	1	2	2	3	3	1	4	1	4	1	1	3	1	1
UKSE06-248	UKSE06-248	3	2	1	4	1	2	1	4	4	2	2	3	1	4	4	3	2	3	2	1	2	4	4	1	4	2	1	1	2	1	1	4	2	4	2	3	4	1	3	2	1	3	4	1	1	3	3	3	3	1	4	2	2	2	2	2	2	3	4	4	2	4	2	1	3	3	4	1	1	0	3	1	4	3	2	1	4	3	4	1	0	1	2	2	3	1	2	2	3	3	1	2	2	4	2	2	1	4	4	1	4	2	1	2	2	4	2	3	2	3	4	2	1	1	4	1	4	1	1	0	3	1	3	1	2	2	3	3	1	3	1	2	1	1	3	1	1
UKSE06-249	UKSE06-249	3	2	1	4	1	4	3	4	4	2	2	3	1	4	4	3	2	2	4	2	2	2	4	1	2	2	1	3	2	3	3	4	2	1	4	3	4	1	1	2	3	3	2	1	1	3	3	3	3	3	4	4	9	1	2	2	2	3	4	2	2	4	2	1	3	3	4	1	1	2	3	1	1	3	2	4	2	3	4	3	0	3	0	2	3	1	1	2	3	3	3	2	2	1	4	2	3	2	3	3	4	2	1	2	4	4	2	1	4	2	4	2	1	1	3	1	4	1	3	3	3	6	2	1	2	2	3	3	1	4	1	4	1	1	3	1	1
UKSE06-250	UKSE06-250	3	2	1	0	1	2	1	4	4	2	2	3	1	4	4	3	0	3	2	1	2	4	4	1	4	2	1	1	2	1	1	4	2	4	2	3	4	1	3	2	1	3	4	1	1	3	3	3	3	1	4	2	2	2	2	2	2	3	4	4	2	4	2	1	3	3	4	1	1	4	3	1	4	3	2	1	4	3	4	1	0	1	2	2	3	1	2	0	3	3	1	2	2	4	2	2	1	4	4	1	4	2	1	2	2	4	2	3	2	3	4	2	1	1	4	1	4	1	1	0	0	1	3	1	2	2	3	3	1	3	1	2	1	1	3	0	1
UKSE06-251	UKSE06-251	3	2	1	4	1	4	3	4	4	2	2	3	1	4	4	3	2	2	4	2	2	2	4	1	2	2	1	3	2	3	3	4	2	1	4	3	4	1	1	2	3	3	2	1	1	3	3	3	3	3	4	4	2	1	2	2	2	3	4	2	2	4	2	1	3	3	4	1	1	2	3	1	1	3	2	4	2	3	4	3	0	3	0	2	3	1	1	2	3	3	3	2	2	1	4	2	3	2	3	3	4	2	1	2	4	4	2	1	4	2	4	2	1	1	3	1	4	1	3	3	3	1	2	1	2	2	3	3	1	4	1	4	1	1	3	1	1
UKSE06-252	UKSE06-252	1	2	1	3	3	4	3	4	4	2	4	1	1	4	4	4	1	2	2	1	2	4	4	1	4	2	1	1	2	6	3	3	9	1	4	6	4	6	6	2	3	3	2	1	1	3	3	1	3	3	4	4	4	1	2	1	9	6	9	2	2	3	1	3	1	3	4	4	1	2	1	2	1	1	4	1	2	3	4	1	0	1	2	4	1	1	5	1	3	4	3	4	4	1	4	8	1	9	3	6	4	3	4	1	4	4	1	3	2	3	2	4	1	3	4	1	4	3	3	1	3	1	2	1	1	2	1	1	1	3	3	4	1	1	3	1	1
UKSE06-253	UKSE06-253	3	2	1	3	3	9	3	4	0	2	4	3	6	4	4	4	1	2	2	5	2	9	9	0	4	8	1	1	5	6	3	3	2	1	4	1	4	3	3	2	3	3	2	1	1	0	3	1	3	3	4	4	4	1	2	1	9	1	2	2	1	0	1	1	1	3	1	4	1	2	1	2	1	1	4	1	2	3	4	1	0	1	2	4	1	1	1	2	4	0	0	4	9	7	4	8	1	0	3	6	4	3	1	1	4	1	5	3	2	3	2	4	1	3	4	1	3	3	3	1	3	1	2	1	5	2	6	1	1	3	6	4	1	1	3	1	1
UKSE06-254	UKSE06-254	3	2	1	3	3	9	3	4	9	2	4	3	6	4	4	4	1	2	2	5	2	9	9	0	4	8	1	1	5	6	3	3	2	1	4	1	4	3	3	2	3	3	2	1	6	0	3	1	3	3	4	4	4	1	2	1	9	1	2	2	1	3	1	1	1	3	1	4	1	2	1	2	1	1	4	1	2	1	4	1	0	1	2	4	1	1	1	2	4	0	1	4	2	4	4	3	1	4	3	1	4	3	1	1	4	1	1	3	2	3	2	4	1	3	4	1	10	3	3	1	0	1	2	1	2	2	3	1	1	3	6	4	1	1	3	0	1
UKSE06-255	UKSE06-255	3	2	1	4	1	4	3	4	4	2	2	3	1	4	4	3	2	2	4	2	2	2	4	1	2	2	1	3	2	3	3	4	2	1	4	3	4	1	1	2	3	3	2	1	1	3	3	3	3	3	4	4	2	1	2	2	2	3	4	2	2	4	2	1	3	3	4	1	1	2	3	1	1	3	2	4	2	3	4	3	0	3	4	2	3	1	1	2	3	3	3	2	2	1	4	2	3	2	3	3	4	2	1	2	4	4	2	1	4	2	4	2	1	1	3	1	4	1	3	3	0	0	2	1	2	2	3	3	1	4	1	4	1	1	3	1	1
UKID6	UKID6	0	2	1	4	1	2	1	4	4	2	2	3	0	4	4	3	2	3	2	0	2	4	4	1	4	2	1	1	2	1	1	4	2	4	2	3	4	1	3	2	1	3	4	1	1	3	3	3	3	1	4	2	2	2	2	2	2	3	4	4	2	4	2	1	3	3	4	1	1	4	3	1	4	3	2	1	4	3	4	1	1	1	2	2	3	3	2	2	3	0	1	2	2	4	2	2	1	4	0	1	0	2	1	2	2	4	1	3	4	2	2	2	1	1	4	1	3	1	1	3	3	1	3	1	2	2	3	3	1	3	3	2	1	1	3	1	1
UKID31	UKID31	0	1	1	4	3	2	1	1	4	2	4	3	1	1	2	3	1	2	4	1	2	4	2	1	4	2	4	1	1	1	3	4	2	4	2	0	4	1	3	3	3	3	4	1	1	1	1	0	3	1	2	4	2	2	2	2	4	3	4	4	2	3	2	3	1	3	4	1	1	2	3	1	4	3	4	1	4	3	3	3	1	1	0	2	1	3	2	2	4	3	3	2	2	4	4	3	3	2	3	1	2	2	1	2	4	1	2	1	4	2	2	2	3	1	4	3	4	1	1	3	1	3	2	3	2	2	3	1	1	3	3	2	1	1	3	1	1
CS28229	CS28229	3	2	1	4	1	4	3	4	4	2	2	3	1	4	4	3	2	2	4	2	2	2	4	1	2	2	1	3	2	3	3	4	2	1	4	3	4	1	1	2	3	3	2	1	1	3	3	3	3	3	4	4	0	1	2	2	2	3	4	2	2	4	2	1	3	3	4	1	1	2	3	1	1	3	2	4	2	3	4	3	0	3	4	2	3	1	1	2	3	3	3	2	2	1	4	2	3	2	3	3	4	2	1	2	4	4	2	1	4	2	4	2	1	1	3	1	4	1	3	3	3	3	2	1	2	2	3	3	1	4	1	4	1	1	3	1	1
