strain	category	AtMSQTsnp 2	AtMSQTsnp 4	AtMSQTsnp 8	AtMSQTsnp 9	AtMSQTsnp 10	AtMSQTsnp 11	AtMSQTsnp 12	AtMSQTsnp 14	AtMSQTsnp 15	AtMSQTsnp 18	AtMSQTsnp 21	AtMSQTsnp 22	AtMSQTsnp 27	AtMSQTsnp 29	AtMSQTsnp 30	AtMSQTsnp 31	AtMSQTsnp 33	AtMSQTsnp 38	AtMSQTsnp 40	AtMSQTsnp 41	AtMSQTsnp 47	AtMSQTsnp 48	AtMSQTsnp 49	AtMSQTsnp 53	AtMSQTsnp 54	AtMSQTsnp 57	AtMSQTsnp 58	AtMSQTsnp 60	AtMSQTsnp 61	AtMSQTsnp 62	AtMSQTsnp 63	AtMSQTsnp 65	AtMSQTsnp 67	AtMSQTsnp 69	AtMSQTsnp 73	AtMSQTsnp 76	AtMSQTsnp 85	AtMSQTsnp 87	AtMSQTsnp 88	AtMSQTsnp 90	AtMSQTsnp 91	AtMSQTsnp 92	AtMSQTsnp 97	AtMSQTsnp 100	AtMSQTsnp 101	AtMSQTsnp 104	AtMSQTsnp 108	AtMSQTsnp 114	AtMSQTsnp 118	AtMSQTsnp 123	AtMSQTsnp 126	AtMSQTsnp 128	AtMSQTsnp 129	AtMSQTsnp 130	AtMSQTsnp 132	AtMSQTsnp 138	AtMSQTsnp 140	AtMSQTsnp 142	AtMSQTsnp 143	AtMSQTsnp 145	AtMSQTsnp 146	AtMSQTsnp 155	AtMSQTsnp 156	AtMSQTsnp 159	AtMSQTsnp 164	AtMSQTsnp 169	AtMSQTsnp 170	AtMSQTsnp 173	AtMSQTsnp 174	AtMSQTsnp 177	AtMSQTsnp 184	AtMSQTsnp 186	AtMSQTsnp 187	AtMSQTsnp 188	AtMSQTsnp 189	AtMSQTsnp 191	AtMSQTsnp 194	AtMSQTsnp 197	AtMSQTsnp 198	AtMSQTsnp 203	AtMSQTsnp 205	AtMSQTsnp 214	AtMSQTsnp 220	AtMSQTsnp 222	AtMSQTsnp 223	AtMSQTsnp 231	AtMSQTsnp 232	AtMSQTsnp 235	AtMSQTsnp 237	AtMSQTsnp 242	AtMSQTsnp 244	AtMSQTsnp 249	AtMSQTsnp 254	AtMSQTsnp 260	AtMSQTsnp 263	AtMSQTsnp 266	AtMSQTsnp 267	AtMSQTsnp 274	AtMSQTsnp 278	AtMSQTsnp 279	AtMSQTsnp 281	AtMSQTsnp 282	AtMSQTsnp 285	AtMSQTsnp 286	AtMSQTsnp 288	AtMSQTsnp 292	AtMSQTsnp 294	AtMSQTsnp 300	AtMSQTsnp 304	AtMSQTsnp 306	AtMSQTsnp 307	AtMSQTsnp 310	AtMSQTsnp 312	AtMSQTsnp 315	AtMSQTsnp 321	AtMSQTsnp 323	AtMSQTsnp 325	AtMSQTsnp 327	AtMSQTsnp 331	AtMSQTsnp 334	AtMSQTsnp 343	AtMSQTsnp 350	AtMSQTsnp 351	AtMSQTsnp 355	AtMSQTsnp 358	AtMSQTsnp 359	AtMSQTsnp 360	AtMSQTsnp 361	AtMSQTsnp 368	AtMSQTsnp 370	AtMSQTsnp 372	AtMSQTsnp 373	AtMSQTsnp 378	AtMSQTsnp 379	AtMSQTsnp 388	AtMSQTsnp 390	AtMSQTsnp 392	AtMSQTsnp 394	AtMSQTsnp 395	AtMSQTsnp 397	AtMSQTsnp 398	AtMSQTsnp 399	AtMSQTsnp 404	AtMSQTsnp 406	AtMSQTsnp 408	AtMSQTsnp 409	AtMSQTsnp 410	AtMSQTsnp 412	AtMSQTsnp 415
Riv-1	Riv-1	3	2	1	3	1	2	1	1	2	2	4	1	1	4	2	3	4	1	2	4	2	2	4	4	1	4	3	1	2	3	2	1	3	4	2	4	1	4	3	4	1	3	2	3	1	4	1	1	3	1	1	3	3	2	4	0	1	4	1	4	3	3	4	2	1	3	2	3	3	1	4	1	4	2	1	1	4	1	4	4	2	1	4	3	3	1	4	2	3	1	1	1	4	3	3	1	4	4	4	2	3	1	2	4	3	4	2	1	2	4	4	1	3	4	4	3	4	4	1	3	3	3	4	4	3	1	3	1	3	2	1	1	2	3	3	3	3	3	4	1	1	3	1	1
Riv-2	Riv-2	3	2	1	3	1	2	1	1	2	2	4	1	1	4	2	3	4	1	2	4	2	2	4	4	1	4	3	1	2	3	2	1	3	4	2	4	1	4	3	4	1	3	2	3	1	4	1	1	3	1	1	3	3	2	4	2	1	4	1	4	3	3	4	2	1	3	0	3	3	1	4	1	4	2	1	1	4	1	4	4	2	1	4	3	3	1	4	2	3	1	1	1	4	3	3	1	4	4	4	2	3	1	2	4	3	4	2	1	2	4	4	1	3	4	4	3	4	4	1	3	3	3	4	4	3	1	3	1	3	2	1	1	2	3	3	3	3	3	4	1	1	3	1	1
Riv-6	Riv-6	0	2	1	3	1	2	1	1	0	2	4	1	1	4	2	3	4	1	2	4	2	2	4	4	1	4	3	1	2	3	2	1	3	4	2	4	1	4	3	4	1	3	2	3	1	4	1	1	3	1	1	3	3	2	0	2	1	4	1	4	3	3	4	2	1	3	2	3	3	1	4	1	4	2	1	1	4	1	4	4	2	1	4	3	3	1	4	2	3	1	1	1	4	3	3	1	4	4	4	2	3	0	2	4	3	0	2	1	2	4	4	1	3	4	4	3	4	4	1	3	3	3	4	4	0	1	3	1	3	2	1	1	2	3	3	3	3	3	4	1	1	3	1	1
Riv-8	Riv-8	3	2	1	3	1	2	1	1	2	2	4	1	1	4	2	3	4	1	2	4	2	2	4	4	1	4	3	1	2	3	2	1	3	4	2	4	1	4	3	4	1	3	2	3	1	4	1	1	3	1	1	3	3	2	4	2	1	4	1	4	3	3	4	2	1	3	0	3	3	1	4	1	4	2	1	1	4	1	4	4	2	1	4	3	3	1	4	2	3	1	1	1	4	3	3	1	4	4	4	2	3	1	2	4	3	0	2	1	2	4	4	1	3	4	4	3	4	4	1	3	3	3	4	4	3	1	3	1	3	2	1	1	2	3	3	3	3	3	4	1	1	3	1	1
Riv-9	Riv-9	3	2	1	3	1	2	1	1	2	2	4	1	1	4	2	3	4	1	2	4	2	2	4	4	1	4	3	1	2	3	2	1	3	4	2	4	1	4	3	4	1	3	2	3	1	4	1	1	3	1	1	3	3	2	4	2	1	4	1	4	3	3	4	2	1	3	2	3	3	1	4	1	4	2	1	1	4	1	4	4	2	1	4	3	3	1	4	2	3	1	1	1	4	3	3	1	4	4	4	2	3	1	2	4	3	4	0	1	2	4	4	1	3	4	4	3	4	4	1	3	3	3	4	4	3	1	3	1	3	2	1	1	2	3	3	3	3	3	4	1	1	3	1	1
Riv-12	Riv-12	0	2	1	3	1	2	1	1	2	2	4	1	1	4	2	3	4	1	2	4	2	2	4	4	1	4	3	1	2	0	2	1	3	4	2	4	1	4	3	4	1	3	2	3	1	4	1	0	3	1	1	3	3	2	0	2	1	4	1	4	3	3	4	0	1	3	2	3	3	1	4	1	4	2	1	1	4	1	4	4	2	1	4	3	3	1	4	2	3	1	0	1	4	3	3	1	4	4	4	2	3	0	2	4	3	4	0	1	2	4	4	1	3	4	0	3	4	4	1	3	3	3	4	4	0	1	3	1	3	2	1	1	2	3	3	3	3	3	4	1	1	3	0	0
Riv-16	Riv-16	0	2	1	3	1	2	1	1	2	2	4	1	1	4	2	3	4	1	2	4	2	2	4	4	1	4	3	1	2	3	2	1	3	4	2	4	1	4	3	4	1	3	2	3	1	4	1	1	3	1	1	3	3	2	4	2	1	4	1	4	3	3	4	2	1	3	2	3	3	1	4	1	4	2	1	1	4	1	4	4	2	1	4	3	3	1	4	2	3	1	1	1	4	3	3	1	4	4	4	2	3	1	2	4	3	9	2	1	1	4	4	1	3	4	4	3	4	4	1	3	3	3	4	4	3	1	3	1	3	2	1	1	2	3	3	3	3	3	4	1	1	3	1	1
Riv-19	Riv-19	0	2	1	3	1	2	1	1	2	2	4	1	1	4	2	3	4	1	2	4	2	2	4	4	1	4	3	1	2	3	2	1	3	4	2	4	1	4	3	4	1	3	2	3	1	4	1	1	3	1	1	3	3	2	4	2	1	4	1	4	3	3	4	2	1	3	2	3	3	1	4	1	4	2	1	1	4	1	4	4	2	1	4	3	3	1	4	2	3	1	1	1	4	3	3	1	4	4	4	2	3	0	2	4	3	4	0	1	1	4	4	1	3	4	4	3	4	4	1	3	3	3	4	4	3	1	3	1	3	2	1	1	2	3	3	3	3	3	4	1	1	3	1	1
Riv-20	Riv-20	3	2	1	3	1	2	1	1	2	2	4	1	1	4	2	3	4	1	2	4	2	2	4	4	1	4	3	1	2	3	2	1	3	4	2	4	1	4	3	4	1	3	2	3	1	4	1	1	3	1	1	3	3	2	4	2	1	4	1	4	3	3	4	2	1	3	2	3	3	1	4	1	4	2	1	1	4	1	4	4	2	1	4	3	3	1	4	2	3	1	1	1	4	3	3	1	4	4	4	2	3	1	2	4	3	0	2	1	1	4	4	1	3	4	4	3	4	4	1	3	3	3	4	4	3	1	3	1	3	2	1	1	2	3	3	3	3	3	4	1	1	3	1	1
Riv-22	Riv-22	3	2	1	3	1	2	1	1	2	2	4	1	1	4	2	3	4	1	2	4	2	2	4	4	1	4	3	1	2	3	2	1	3	4	2	4	1	4	3	4	1	3	2	3	1	4	1	1	3	1	1	3	3	2	4	2	1	4	1	4	3	3	4	2	1	3	0	3	3	1	4	1	4	2	1	1	4	1	4	4	2	1	4	3	3	1	4	2	3	1	1	1	4	3	3	1	4	4	4	2	3	1	2	4	3	4	2	1	2	4	4	1	3	4	4	3	4	4	1	3	3	3	4	4	3	1	3	1	3	2	1	1	2	3	3	3	3	3	4	1	1	3	1	1
Riv-24	Riv-24	0	2	1	3	1	2	1	1	2	2	4	1	1	4	2	3	4	1	2	4	2	2	4	4	1	4	3	1	2	3	2	1	3	4	2	4	1	4	3	4	1	3	2	3	1	4	1	1	3	1	1	3	3	2	4	2	1	4	1	4	3	3	4	2	1	3	0	3	3	1	4	1	4	2	1	1	4	1	4	4	2	1	4	3	3	1	4	2	3	1	1	1	4	3	3	1	4	4	4	2	3	1	2	4	3	4	2	1	2	4	4	1	3	4	4	3	4	4	1	3	3	3	4	4	3	1	3	1	3	2	1	1	2	3	3	3	3	3	4	1	1	3	1	1
Riv-25	Riv-25	3	2	1	3	1	2	1	1	2	2	4	1	1	4	2	3	4	1	2	4	2	2	4	4	1	4	3	1	2	3	2	1	3	4	2	4	1	4	3	4	1	3	2	3	1	4	1	1	3	1	1	3	3	2	4	2	1	4	1	4	3	3	4	2	1	3	0	3	3	1	4	1	4	2	1	1	4	1	4	4	2	1	4	3	3	1	4	2	3	1	1	1	4	3	3	1	4	4	4	2	3	1	2	4	3	4	2	1	2	4	4	1	3	4	4	3	4	4	1	3	3	3	4	4	3	1	3	1	3	2	1	1	2	3	3	3	3	3	4	1	1	3	1	1
Riv-26	Riv-26	3	2	1	3	1	2	1	1	2	2	4	1	1	4	2	3	4	1	2	4	2	2	4	4	1	4	3	1	2	3	2	1	3	4	2	4	1	4	3	4	1	3	2	3	1	4	1	1	3	1	1	3	3	2	4	2	1	4	1	4	3	3	4	2	1	3	2	3	3	1	4	1	4	2	1	1	4	1	4	4	2	1	4	3	3	1	4	2	3	1	1	1	4	3	3	1	4	4	4	2	3	1	2	4	3	4	2	1	2	4	4	1	3	4	4	3	4	4	1	3	3	3	4	4	3	1	3	1	3	2	1	1	2	3	3	3	3	3	4	1	1	3	1	1
Riv-27	Riv-27	3	2	1	3	1	2	1	1	2	2	4	1	1	4	2	3	4	1	2	4	2	2	4	4	1	4	3	1	2	3	2	1	3	4	2	4	1	4	3	4	1	3	2	3	1	4	1	1	3	1	1	3	3	2	4	2	1	4	1	4	3	3	4	2	1	3	2	3	3	1	4	1	4	2	1	1	4	1	4	4	2	1	4	3	3	1	4	2	3	1	1	1	4	3	3	1	4	4	4	2	3	1	2	4	3	4	2	1	2	4	4	1	3	4	4	3	4	4	1	3	3	3	4	4	0	1	3	1	3	2	1	1	2	3	3	3	3	3	4	1	1	3	1	1
Riv-28	Riv-28	3	2	1	3	1	2	1	1	2	2	4	1	1	4	2	3	4	1	2	4	2	2	4	4	1	4	3	1	2	3	2	1	3	4	2	4	1	4	3	4	1	3	2	3	1	4	1	1	3	1	1	3	3	2	4	2	1	4	1	4	3	3	4	2	1	3	0	3	3	1	4	1	4	2	1	1	4	1	4	4	2	1	4	3	3	1	4	2	3	1	1	1	4	3	3	1	4	4	4	2	3	1	2	4	3	4	0	1	2	4	4	1	3	4	4	3	4	4	1	3	3	3	4	4	3	1	3	1	3	2	1	1	2	3	3	3	3	3	4	1	1	3	1	1
Riv-30	Riv-30	3	2	1	3	1	2	1	1	2	2	4	1	1	4	2	3	4	1	2	4	2	2	4	4	1	4	3	1	2	3	2	1	3	4	2	4	1	4	3	4	1	3	2	3	1	4	1	1	3	1	1	3	3	2	4	2	1	4	1	4	3	3	4	2	1	3	0	3	3	1	4	1	4	2	1	1	4	1	4	4	2	1	4	3	3	1	4	2	3	1	1	1	4	3	3	1	4	4	4	2	3	0	2	0	3	4	2	1	2	4	4	1	3	4	4	3	4	4	1	3	3	3	4	4	3	1	3	1	3	2	1	1	2	3	3	3	3	3	4	1	1	3	1	1
Riv-31	Riv-31	0	2	1	3	1	2	1	1	2	2	4	1	1	4	2	3	4	1	2	4	2	2	4	4	1	4	3	1	2	3	2	1	3	4	2	4	1	4	3	4	1	3	2	3	1	4	1	1	3	1	1	3	3	2	4	2	1	4	1	4	3	3	4	2	1	3	0	3	3	1	4	1	4	2	1	1	4	1	4	4	2	1	4	3	3	1	4	2	3	1	1	1	4	3	3	1	4	4	4	2	3	0	2	4	3	0	2	1	2	4	4	1	3	4	4	3	4	4	1	3	3	3	4	4	3	1	3	1	3	2	1	1	2	3	3	3	3	3	4	1	1	3	1	1
Riv-32	Riv-32	3	2	1	3	1	2	1	1	2	2	4	1	1	4	2	3	4	1	2	4	2	2	4	4	1	4	3	1	2	3	2	1	3	4	2	4	1	4	3	4	1	3	2	3	1	4	1	1	3	1	1	3	3	2	4	2	1	4	1	4	3	3	4	2	1	3	0	3	3	1	4	1	4	2	1	1	4	1	4	4	2	1	4	3	3	1	4	2	3	1	1	1	4	3	3	1	4	4	4	2	3	0	2	4	3	4	0	1	2	4	4	1	3	4	4	3	4	4	1	3	3	3	4	4	3	1	3	1	3	2	1	1	2	3	3	3	3	3	4	1	1	3	1	1
Riv-33	Riv-33	0	2	1	3	1	2	1	1	2	2	4	1	1	4	2	3	4	1	2	4	2	2	4	4	1	4	3	1	2	3	2	1	3	4	2	4	1	4	3	4	1	3	2	3	1	4	1	1	3	1	1	3	3	2	0	2	1	4	1	4	3	3	4	2	1	3	0	3	3	1	4	1	4	2	1	1	4	1	4	4	2	1	4	3	3	1	4	2	3	1	1	1	4	3	3	1	4	4	4	2	3	1	2	4	3	9	2	1	2	4	4	1	3	4	0	3	4	4	1	3	3	3	4	4	3	1	3	1	3	2	1	1	2	3	3	3	3	3	4	1	1	3	1	1
Riv-34	Riv-34	3	2	1	3	1	2	1	1	2	2	4	1	1	4	2	3	4	1	2	4	2	2	4	4	1	4	0	1	2	3	2	1	3	4	2	4	1	4	3	4	1	3	2	3	1	4	1	1	3	1	1	3	3	2	4	2	1	4	1	4	3	3	4	2	1	3	0	3	3	1	4	1	4	2	1	1	4	1	4	4	2	1	4	3	3	1	4	2	3	1	1	1	4	3	3	1	4	4	4	2	3	1	2	4	3	9	0	1	2	4	4	1	3	4	4	3	4	4	1	3	3	3	4	4	0	1	3	1	3	2	1	1	2	3	3	3	3	3	4	1	1	3	1	1
Riv-36	Riv-36	3	2	1	0	1	2	1	1	2	2	4	1	1	4	2	3	4	1	2	4	2	2	4	4	1	4	3	1	2	3	2	1	3	4	2	4	1	4	3	4	1	3	2	3	1	4	1	1	3	1	1	3	3	2	4	2	1	4	1	4	3	3	4	2	1	3	2	3	3	1	4	1	4	2	1	1	4	1	4	4	2	1	4	0	3	1	4	2	3	1	1	1	4	3	3	1	4	4	4	2	3	1	2	0	3	4	2	1	2	4	4	1	3	4	4	3	4	4	1	3	3	3	4	4	3	1	3	1	3	2	1	1	2	3	3	3	3	3	4	1	1	3	1	1
Riv-37	Riv-37	0	2	1	3	1	2	1	1	2	2	4	1	1	4	2	3	4	1	2	4	2	2	4	4	1	4	3	1	2	3	2	1	3	4	2	4	1	4	3	4	1	3	2	3	1	4	1	1	3	1	1	3	3	2	4	2	1	4	1	4	3	3	4	2	1	3	0	3	3	1	4	1	4	2	1	1	4	1	4	4	2	1	4	3	3	1	4	2	3	1	1	1	4	3	3	1	4	4	4	2	3	1	2	4	3	4	0	1	2	4	4	1	3	4	4	3	4	4	1	3	3	3	4	4	3	1	3	1	3	2	1	1	2	3	3	3	3	3	4	1	1	3	1	1
Riv-38	Riv-38	3	2	1	3	1	2	1	1	0	2	4	1	1	4	2	3	4	1	2	4	2	2	4	4	1	4	3	1	2	3	2	1	3	4	2	4	1	4	3	4	1	3	2	3	1	4	1	1	3	1	1	3	3	2	4	2	1	4	1	4	3	3	4	2	1	3	0	3	3	1	4	1	4	2	1	1	4	1	4	4	2	1	4	3	3	1	4	2	3	1	1	1	4	3	3	1	4	4	4	2	3	1	2	4	3	4	2	1	2	4	4	1	3	4	4	3	4	4	1	3	3	3	4	4	3	1	3	1	3	2	1	1	2	3	3	3	3	3	4	1	1	3	1	1
Riv-39	Riv-39	3	2	1	3	1	2	1	1	2	2	4	1	1	4	2	3	4	1	2	4	2	2	4	4	1	4	3	1	2	3	2	1	3	4	2	4	1	4	3	4	1	3	2	3	1	4	1	1	3	1	1	3	3	2	4	2	1	4	1	4	3	3	4	2	1	3	0	3	3	1	4	1	4	2	1	1	4	1	4	4	2	1	4	3	3	1	4	2	3	1	1	1	4	3	3	1	4	4	4	2	3	1	2	4	3	4	2	1	2	4	4	1	3	4	4	3	4	4	1	3	3	3	4	4	3	1	3	1	3	2	1	1	2	3	3	3	3	3	4	1	1	3	1	1
Riv-40	Riv-40	0	2	1	3	1	2	1	1	2	2	4	1	1	4	2	3	4	1	2	4	2	2	4	4	1	4	3	1	2	3	2	1	3	4	2	4	1	4	3	4	1	3	2	3	1	4	1	1	3	1	1	3	3	2	4	2	1	4	1	4	3	3	4	2	1	3	2	3	3	1	4	1	4	2	1	1	4	1	4	4	2	1	4	3	3	1	4	2	3	1	1	1	4	3	3	1	4	4	4	2	3	0	2	4	3	0	2	1	2	4	4	1	3	4	0	3	4	4	1	3	3	3	4	4	3	1	3	1	3	2	1	1	2	3	3	3	3	3	4	1	1	3	1	0
Riv-41	Riv-41	3	2	1	3	1	2	1	1	2	2	4	1	1	4	2	3	4	1	2	4	2	2	4	4	1	4	3	1	2	3	2	1	3	4	2	4	1	4	3	4	1	3	2	3	1	4	1	1	3	1	1	3	3	2	4	2	1	4	1	4	3	3	4	2	1	3	2	3	3	1	4	1	4	2	1	1	4	1	4	4	2	1	4	3	3	1	4	2	3	1	1	1	4	3	3	1	4	4	4	2	3	1	2	4	3	4	2	1	2	4	4	1	3	4	4	3	4	4	1	3	3	3	4	4	3	1	3	1	3	2	1	1	2	3	3	3	3	3	4	1	1	3	1	1
Riv-42	Riv-42	3	2	1	3	1	2	1	1	2	2	4	1	1	4	2	3	4	1	2	4	2	2	4	4	1	4	3	1	2	3	2	1	3	4	2	4	1	4	3	4	1	3	2	3	1	4	1	1	3	1	1	3	3	2	4	2	1	4	1	4	3	3	4	2	1	3	2	3	3	1	4	1	4	2	1	1	4	1	4	4	2	1	4	3	3	1	4	2	3	1	1	1	4	3	3	1	4	4	4	2	3	1	2	4	3	4	2	1	2	4	4	1	3	4	4	3	4	4	1	3	3	3	4	4	3	1	3	1	3	2	1	1	2	3	3	3	3	3	4	1	1	3	1	1
Riv-43	Riv-43	0	2	1	3	1	2	1	1	2	2	4	1	1	4	2	3	4	1	2	4	2	2	4	4	1	4	3	1	2	3	2	1	3	4	2	4	1	4	3	4	1	3	2	3	1	4	1	1	3	1	1	3	3	2	0	2	1	4	1	4	3	3	4	2	1	3	0	3	3	1	4	1	4	2	1	1	4	1	4	4	2	1	4	3	3	1	4	2	3	1	1	1	4	3	3	1	4	4	4	2	3	0	2	4	3	4	2	1	2	4	4	1	3	4	4	3	4	4	1	3	3	3	4	4	3	1	3	1	3	2	1	1	2	3	3	3	3	3	4	1	1	3	1	1
Riv-44	Riv-44	3	2	1	3	1	2	1	1	2	2	4	1	1	4	2	3	4	1	2	4	2	2	4	4	1	4	3	1	2	3	2	1	3	4	2	4	1	4	3	4	1	3	2	3	1	4	1	1	3	1	1	3	3	2	4	2	1	4	1	4	3	3	4	2	1	3	2	3	3	1	4	1	4	2	1	1	4	1	4	4	2	1	4	3	3	1	4	2	3	1	1	1	4	3	3	1	4	4	4	2	3	1	2	4	3	4	2	1	2	4	4	1	3	4	4	3	4	4	1	3	3	3	4	4	3	1	3	1	3	2	1	1	2	3	3	3	3	3	4	1	1	3	1	1
Riv-45	Riv-45	0	2	1	3	1	2	1	1	2	2	4	1	1	4	2	3	4	1	2	4	2	2	4	4	1	4	3	1	2	3	2	1	3	4	2	4	1	4	3	4	1	3	2	3	1	4	1	1	3	1	1	3	3	2	4	2	1	4	1	4	3	3	4	2	1	3	2	3	3	1	4	1	4	2	1	1	4	1	4	4	2	1	4	3	3	1	4	2	3	1	1	1	4	3	3	1	4	4	4	2	3	0	2	4	3	4	2	1	2	4	4	1	3	4	4	3	4	4	1	3	3	3	4	4	0	1	3	1	3	2	1	1	2	3	3	3	3	3	4	1	1	3	1	1
Riv-46	Riv-46	3	2	1	3	1	2	1	1	2	2	4	1	1	4	2	3	4	1	2	4	2	2	4	4	1	4	3	1	2	3	2	1	3	4	2	4	1	4	3	4	1	3	2	3	1	4	1	1	3	1	1	3	3	2	0	2	1	4	1	4	3	3	4	2	1	3	2	3	3	1	4	1	4	2	1	1	4	1	4	4	2	1	4	3	3	1	4	2	3	1	1	1	4	3	3	1	4	4	4	2	3	1	2	4	3	4	2	1	2	4	4	1	3	4	4	3	4	4	1	3	3	3	4	4	3	1	3	1	3	2	1	1	2	3	3	3	3	3	4	1	1	3	1	1
Riv-47	Riv-47	3	2	1	3	1	2	1	1	2	2	4	1	1	4	2	3	4	1	2	4	2	2	4	4	1	4	3	1	2	3	2	1	3	4	2	4	1	4	3	4	1	3	2	3	1	4	1	1	3	1	1	3	3	2	4	2	1	4	1	4	3	3	4	2	1	3	0	3	3	1	4	1	4	2	1	1	4	1	4	4	2	1	4	3	3	1	4	2	3	1	1	1	4	3	3	1	4	4	4	2	3	1	2	4	3	4	2	1	2	4	4	1	3	4	4	3	4	4	1	3	3	3	4	4	3	1	3	1	3	2	1	1	2	3	3	3	3	3	4	1	1	3	1	1
Riv-48	Riv-48	3	2	1	3	1	2	1	1	2	2	4	1	1	4	2	3	4	1	2	4	2	2	4	4	1	4	3	1	2	3	2	1	3	4	2	4	1	4	3	4	1	3	2	3	1	4	1	1	3	1	1	3	3	2	4	2	1	4	1	4	3	3	4	2	1	3	0	3	3	1	4	1	4	2	1	1	4	1	4	4	2	1	4	3	3	1	4	2	3	1	1	1	4	3	3	1	4	4	4	2	3	0	2	0	3	4	2	1	2	4	4	1	3	4	4	3	4	4	1	3	3	3	4	4	3	1	3	1	3	2	1	1	2	3	3	3	3	3	4	1	1	3	1	1
Riv-49	Riv-49	3	2	1	3	1	2	1	1	2	2	4	1	1	4	2	3	4	1	2	4	2	2	4	4	1	4	3	1	2	3	2	1	3	4	2	4	1	4	3	4	1	3	2	3	1	4	1	1	3	1	1	3	3	2	4	2	1	4	1	4	3	3	4	2	1	3	0	3	3	1	4	1	4	2	1	1	4	1	4	4	2	1	4	3	3	1	4	2	3	1	1	1	4	3	3	1	4	4	4	2	3	1	2	4	3	4	2	1	2	4	4	1	3	4	4	3	4	4	1	3	3	3	4	4	3	1	3	1	3	2	1	1	2	3	3	3	3	3	4	1	1	3	1	1
Riv-50	Riv-50	3	2	1	3	1	2	1	1	2	2	4	1	1	4	2	3	4	1	2	4	2	2	4	4	1	4	3	1	2	3	2	1	3	4	2	4	1	4	3	4	1	3	2	3	1	4	1	1	3	1	1	3	3	2	4	2	1	4	1	4	3	3	4	2	1	3	0	3	3	1	4	1	4	2	1	1	4	1	4	4	2	1	4	3	3	1	4	2	3	1	1	1	4	3	3	1	4	4	4	2	3	1	2	4	3	4	2	1	2	4	4	1	3	4	4	3	4	4	1	3	3	3	4	4	3	1	3	1	3	2	1	1	2	3	3	3	3	3	4	1	1	3	1	1
Riv-51	Riv-51	3	2	1	3	1	2	1	1	2	2	4	1	1	4	2	3	4	1	2	4	2	2	4	4	1	4	3	1	2	3	2	1	3	4	2	4	1	4	3	4	1	3	2	3	1	4	1	1	3	1	1	3	3	2	4	2	1	4	1	4	3	3	4	2	1	3	2	3	3	1	4	1	4	2	1	1	4	1	4	4	2	1	4	3	3	1	4	2	3	1	1	1	4	3	3	1	4	4	4	2	3	1	2	4	3	4	2	1	2	4	4	1	3	4	4	3	4	4	1	3	3	3	4	4	3	1	3	1	3	2	1	1	2	3	3	3	3	3	4	1	1	3	1	1
Riv-52	Riv-52	3	2	1	3	1	2	1	1	2	2	4	1	1	4	2	3	4	1	2	4	2	2	4	4	1	4	3	1	2	3	2	1	3	4	2	4	1	4	3	4	1	3	2	3	1	4	1	1	3	1	1	3	3	2	4	2	1	4	1	4	3	3	4	2	1	3	2	3	3	1	4	1	4	2	1	1	4	1	4	4	2	1	4	3	3	1	4	2	3	1	1	1	4	3	3	1	4	4	4	2	3	1	2	4	3	4	2	1	2	4	4	1	3	4	4	3	4	4	1	3	3	3	4	4	3	1	3	1	3	2	1	1	2	3	3	3	3	3	4	1	1	3	1	1
Riv-53	Riv-53	0	2	1	3	1	2	1	1	2	2	4	1	1	4	2	3	4	1	2	4	2	2	4	4	1	4	3	1	2	3	2	1	3	4	2	4	1	4	3	4	1	3	2	3	1	4	1	1	3	1	1	3	3	2	4	2	1	4	1	4	3	3	4	2	1	3	2	3	3	1	4	1	4	2	1	1	4	1	4	4	2	1	4	3	3	1	4	2	3	1	1	1	4	3	3	1	4	4	4	2	3	0	2	4	3	9	2	1	2	4	4	1	3	4	4	3	4	4	1	3	3	3	4	4	3	1	3	1	3	2	1	1	2	3	3	3	3	3	4	1	1	3	1	1
Riv-54	Riv-54	0	2	1	3	1	2	1	1	2	2	4	1	1	4	2	3	4	1	2	4	2	2	4	4	1	4	3	1	2	3	2	1	3	4	2	4	1	4	3	4	1	3	2	3	1	4	1	1	3	1	1	3	3	2	4	2	1	4	1	4	3	3	4	2	1	3	2	3	3	1	4	1	4	2	1	1	4	1	4	4	2	1	4	3	3	1	4	2	3	1	1	1	4	3	3	1	4	4	4	2	3	0	2	4	3	0	2	1	2	4	4	1	3	4	4	3	4	4	1	3	3	3	4	4	0	1	3	1	3	2	1	1	2	3	3	3	3	3	4	1	1	3	1	1
Riv-55	Riv-55	3	2	1	3	1	2	1	1	2	2	4	1	1	4	2	3	4	1	2	4	2	2	4	4	1	4	3	1	2	3	2	1	3	4	2	4	1	4	3	4	1	3	2	3	1	4	1	1	3	1	1	3	3	2	4	2	1	4	1	4	3	3	4	2	1	3	2	3	3	1	4	1	4	2	1	1	4	1	4	4	2	1	4	3	3	1	4	2	3	1	1	1	4	3	3	1	4	4	4	2	3	1	2	4	3	4	2	1	2	4	4	1	3	4	4	3	4	4	1	3	3	3	4	4	3	1	3	1	3	2	1	1	2	3	3	3	3	3	4	1	1	3	1	1
Riv-56	Riv-56	0	2	0	3	1	2	1	1	0	2	4	1	1	4	2	3	4	1	2	4	2	2	4	4	1	4	3	1	2	0	2	1	3	4	2	4	1	4	3	4	1	3	2	3	1	4	1	1	3	1	1	3	3	2	0	2	1	4	1	4	3	3	4	0	1	3	0	0	3	1	4	1	4	2	1	1	4	1	4	4	2	1	4	3	3	1	4	2	0	1	0	1	4	3	3	1	4	4	4	2	3	0	2	4	3	4	0	1	2	4	4	0	3	4	0	3	4	4	1	3	3	3	4	4	0	1	3	1	3	2	1	0	2	3	3	3	3	3	4	1	1	3	0	0
Riv-58	Riv-58	0	2	1	3	1	2	1	1	2	2	4	1	1	4	2	3	4	1	2	4	2	2	4	4	1	4	3	1	2	3	2	1	3	4	2	4	1	4	0	4	1	3	2	3	1	4	1	1	3	1	1	3	3	2	0	2	1	4	1	4	3	3	4	0	1	3	2	3	3	1	4	1	4	2	1	1	4	1	4	4	2	1	4	3	3	1	4	2	3	1	1	1	4	3	3	1	4	4	4	2	3	0	2	4	3	0	0	1	2	0	4	1	3	4	0	3	4	4	1	3	3	3	4	4	0	1	3	1	3	2	1	0	2	3	3	3	3	3	4	1	1	3	1	1
Riv-59	Riv-59	3	2	1	3	1	2	1	1	2	2	4	1	1	4	2	3	4	1	2	4	2	2	4	4	1	4	3	1	2	3	2	1	3	4	2	4	1	4	3	4	1	3	2	3	1	4	1	1	3	1	1	3	3	2	4	2	1	4	1	4	3	3	4	2	1	3	2	3	3	1	4	1	4	2	1	1	4	1	4	4	2	1	4	3	3	1	4	2	3	1	1	1	4	3	3	1	4	4	4	2	3	1	2	4	3	0	2	1	2	4	4	1	3	4	4	3	4	4	1	3	3	3	4	4	3	1	3	1	3	2	1	1	2	3	3	3	3	3	4	1	1	3	1	1
Riv-60	Riv-60	0	2	1	3	1	2	1	1	2	2	4	1	1	4	2	3	4	1	2	4	2	2	4	4	1	4	3	1	2	3	2	1	3	4	2	4	1	4	0	4	1	3	2	3	1	4	1	1	3	1	1	3	3	2	4	2	1	4	1	4	3	3	4	2	1	3	0	3	3	1	4	1	4	2	1	1	4	1	4	4	2	1	4	3	3	1	4	2	3	1	1	1	4	3	3	1	4	4	4	2	3	1	2	4	3	4	0	1	2	4	4	1	3	4	4	3	4	4	1	3	3	3	4	4	3	1	3	1	3	2	1	1	2	3	3	3	3	3	4	1	1	3	1	1
Ker-1	Ker-1	3	2	1	3	1	2	1	1	2	2	4	1	1	4	2	3	0	1	2	4	2	2	4	4	1	4	3	1	2	3	2	1	3	4	0	4	1	4	3	4	1	3	2	3	1	4	1	1	3	1	1	3	3	2	4	2	1	4	1	4	3	3	4	2	1	3	2	3	3	1	4	1	4	2	1	1	4	1	4	4	2	1	4	3	3	1	4	2	3	1	1	1	4	3	3	1	4	4	4	2	3	1	2	4	3	4	2	1	2	4	4	1	3	4	0	3	4	4	1	3	3	3	4	4	3	1	3	1	3	2	1	1	2	3	3	3	3	3	4	1	1	3	1	1
Ker-3	Ker-3	3	2	1	3	1	2	1	1	2	2	4	1	1	4	2	3	0	1	2	4	2	2	4	4	1	4	3	1	2	3	2	1	3	4	2	4	1	4	3	4	1	3	2	3	1	4	1	1	3	1	1	3	3	2	4	2	1	4	1	4	3	3	4	2	1	3	2	3	3	1	4	1	4	2	1	1	4	1	4	4	2	1	4	3	3	1	4	2	3	1	1	1	4	3	3	1	4	4	4	2	3	1	2	4	3	4	2	1	2	4	4	1	3	4	0	3	4	4	1	3	3	3	4	4	3	1	3	1	3	2	1	1	2	3	3	3	3	3	4	1	1	3	1	1
Ker-4	Ker-4	3	2	1	3	1	2	1	1	2	2	4	1	1	4	2	3	0	1	2	4	2	2	4	4	1	4	3	1	2	3	2	1	3	4	2	4	1	4	3	4	1	3	2	3	1	4	1	1	3	1	1	3	3	2	4	2	1	4	1	4	3	3	4	2	1	3	2	3	3	1	4	1	4	2	1	1	4	1	4	4	2	1	4	3	3	1	4	2	3	1	1	1	4	3	3	1	4	4	4	2	3	1	2	4	3	4	2	1	2	4	4	1	3	4	4	3	4	4	1	3	3	3	4	4	3	1	3	1	3	2	1	1	2	3	3	3	3	3	4	1	1	3	1	1
Ker-5	Ker-5	3	2	1	0	1	2	0	1	2	2	4	1	1	4	2	3	0	1	2	4	2	2	4	4	1	4	3	1	0	3	2	1	3	4	2	4	1	4	3	4	1	3	2	3	1	4	0	1	3	1	1	3	3	2	4	2	1	4	1	4	0	3	4	2	1	3	2	3	3	1	4	1	4	2	1	1	4	1	4	4	2	1	4	3	3	1	4	2	3	1	1	1	4	3	0	1	4	4	4	2	3	1	2	4	3	4	2	1	2	4	4	1	3	4	0	3	4	4	1	3	3	3	4	4	3	1	3	1	3	2	1	1	2	3	3	3	3	3	4	1	1	3	1	1
Ker-7	Ker-7	3	2	1	3	1	2	1	1	2	2	4	1	1	4	2	3	0	1	2	4	2	2	4	4	1	4	3	1	0	3	2	1	3	4	2	4	1	4	3	4	1	3	2	3	1	0	1	1	3	1	1	3	3	2	4	2	1	4	1	4	3	3	4	2	1	3	2	3	3	1	4	1	4	2	1	1	4	1	4	4	2	1	4	0	3	1	4	2	3	1	1	1	4	3	3	1	4	4	4	2	3	1	2	4	3	4	2	1	2	4	4	1	3	4	4	3	4	4	1	3	3	3	4	4	3	1	3	1	3	2	1	1	2	3	3	3	3	3	4	1	1	3	1	1
Ker-8	Ker-8	3	2	1	3	1	2	1	1	2	2	4	1	1	4	2	3	0	1	2	4	2	2	4	4	1	4	3	1	2	3	2	1	3	4	2	4	1	4	3	4	1	3	2	3	1	4	1	1	3	1	1	3	3	2	4	2	1	4	1	4	3	3	4	2	1	3	2	3	3	1	4	1	4	2	1	1	4	1	4	4	2	1	4	3	3	1	4	2	3	1	1	1	4	3	3	1	4	4	4	2	3	1	2	4	3	4	2	1	2	4	4	1	3	4	4	3	4	4	1	3	3	3	4	4	3	1	3	1	3	2	1	1	2	3	3	3	3	3	4	1	1	3	1	1
Ker-9	Ker-9	3	2	1	3	1	2	1	1	2	2	4	1	1	4	2	3	0	1	2	4	2	2	4	4	1	4	3	1	2	3	2	1	3	4	2	4	1	4	3	4	1	3	2	3	1	4	1	1	3	1	1	3	3	2	4	2	1	4	1	4	3	3	4	2	1	3	2	3	3	1	4	1	4	2	1	1	4	1	4	4	2	1	4	3	3	1	4	2	3	1	1	1	4	3	3	1	4	4	4	2	3	1	2	4	3	4	2	1	2	4	4	1	3	4	4	3	4	4	1	3	3	3	4	4	3	1	3	1	3	2	1	1	2	3	3	3	3	3	4	1	1	3	1	1
Ker-10	Ker-10	3	2	1	3	1	2	1	1	2	2	4	1	1	4	2	3	0	1	2	4	2	2	4	4	1	4	0	1	2	3	2	1	3	4	2	4	1	4	3	4	1	3	2	3	1	4	1	1	3	1	1	3	3	2	4	2	1	4	1	4	3	3	4	2	1	3	0	3	3	1	4	1	4	2	1	1	4	1	4	4	2	1	4	3	3	1	0	2	3	1	1	1	4	3	3	1	4	4	4	2	3	1	2	4	3	4	2	1	2	4	4	1	3	4	4	3	4	4	1	3	3	3	4	0	3	0	3	1	3	2	1	1	2	3	3	3	3	3	4	1	1	3	1	1
Ker-11	Ker-11	3	2	1	3	1	2	1	1	2	2	4	1	1	4	2	3	0	1	2	4	2	2	4	4	1	4	3	1	2	3	2	1	3	4	2	4	1	4	3	4	1	3	2	3	1	4	1	1	3	1	1	3	3	2	4	2	1	4	1	4	3	3	4	2	1	3	2	3	3	1	4	1	4	2	1	1	4	1	4	4	2	1	4	3	3	1	4	2	3	1	1	1	4	3	3	1	4	4	4	2	3	1	2	4	3	4	2	1	2	4	4	1	3	4	0	3	4	4	1	3	3	3	4	4	3	1	3	1	3	2	1	1	2	3	3	3	3	3	4	1	1	3	1	1
Ker-13	Ker-13	3	2	1	3	1	2	1	1	2	2	4	1	1	4	2	3	0	1	2	4	2	2	4	4	1	4	3	1	2	3	2	1	3	4	2	4	1	4	3	4	1	3	2	3	1	4	1	1	3	1	1	3	3	2	4	2	1	4	1	4	3	3	4	2	1	3	2	3	3	1	4	1	4	2	1	1	4	1	4	4	2	1	4	3	3	1	4	2	3	1	1	1	4	3	3	1	4	4	4	2	3	1	2	4	3	4	2	1	2	4	4	1	3	4	0	3	4	4	1	3	3	3	4	4	3	1	3	1	3	2	1	1	2	3	3	3	3	3	4	1	1	3	1	1
Ker-14	Ker-14	3	2	1	3	1	2	1	1	2	2	4	1	1	4	2	3	0	1	2	4	2	2	4	4	1	4	3	1	2	3	2	1	3	4	2	4	1	4	3	4	1	3	2	3	1	4	1	1	3	1	1	3	3	2	4	2	1	4	1	4	3	3	4	2	1	3	2	3	3	1	4	1	4	2	1	1	4	1	4	4	2	1	4	3	3	1	4	2	3	1	1	1	4	3	3	1	4	4	4	2	3	1	2	4	3	4	2	1	2	4	4	1	3	4	0	3	4	4	1	3	3	3	4	4	3	1	3	1	3	2	1	1	2	3	3	3	3	3	4	1	1	3	1	1
Ker-17	Ker-17	3	2	1	3	1	2	1	1	2	2	4	1	1	4	2	3	0	1	2	4	2	2	4	4	1	4	3	1	2	3	2	1	3	4	2	4	1	4	3	4	1	3	2	3	1	4	1	1	3	1	1	3	3	2	4	2	1	4	1	4	3	3	4	2	1	3	0	3	3	1	4	1	4	2	1	1	4	1	4	4	2	1	4	3	3	1	0	2	3	1	1	1	4	3	3	1	4	4	4	2	3	1	2	4	3	4	2	1	2	4	4	1	3	4	4	3	4	4	1	3	3	3	4	0	3	0	3	1	3	2	1	1	2	3	3	3	3	3	4	1	1	3	1	1
Ker-18	Ker-18	3	2	1	3	1	2	1	1	2	2	4	1	1	4	2	3	0	1	2	4	2	2	4	4	1	4	3	1	2	3	2	1	3	4	0	4	1	4	3	4	1	3	2	3	1	4	1	1	3	1	1	3	3	2	4	2	1	4	1	4	3	3	4	2	1	3	0	3	3	1	4	1	4	2	1	1	4	1	4	4	2	1	4	3	3	1	0	2	3	1	1	1	4	3	3	1	4	4	4	2	3	1	2	4	3	4	2	1	2	4	4	1	3	4	0	3	4	4	1	3	3	3	4	0	3	1	3	1	3	2	1	1	2	3	3	3	3	3	4	1	1	3	1	1
Ker-21	Ker-21	3	2	1	3	1	2	1	1	2	2	4	1	1	4	2	3	0	1	2	4	2	2	4	4	1	4	3	1	2	3	2	1	3	4	0	4	1	4	3	4	1	3	2	3	1	4	1	1	3	1	1	3	3	2	4	2	1	4	1	4	3	3	4	2	0	3	0	3	3	1	4	1	4	2	1	1	4	1	4	4	2	1	4	3	3	1	0	2	3	1	1	1	4	3	3	1	4	4	4	2	3	1	2	4	3	4	2	1	2	4	4	1	3	4	0	3	4	4	1	3	3	3	4	4	3	0	3	1	3	2	1	1	2	3	3	3	3	3	4	1	1	3	1	1
Ker-23	Ker-23	3	2	1	3	1	2	1	1	2	2	4	1	1	4	2	3	0	1	2	4	2	2	4	4	1	4	3	1	2	3	2	1	3	4	2	4	1	4	3	4	1	3	2	3	1	4	1	1	3	1	1	3	3	2	4	2	1	4	1	4	3	3	4	2	1	3	2	3	3	1	4	1	4	2	1	1	4	1	4	4	2	1	4	3	3	1	4	2	3	1	1	1	4	3	3	1	4	4	4	2	3	1	2	4	3	4	2	1	2	4	4	1	3	4	0	3	4	4	1	3	3	3	4	4	3	1	3	1	3	2	1	1	2	3	3	3	3	3	4	1	1	3	1	1
Ker-24	Ker-24	3	2	1	3	1	2	1	1	2	2	4	1	1	4	2	3	0	1	2	4	0	2	4	4	1	4	0	1	2	3	2	1	3	4	0	4	1	0	3	4	1	3	2	3	1	4	1	1	3	1	1	3	3	2	4	2	1	4	1	0	3	3	4	2	1	3	0	3	3	1	4	1	4	2	1	1	4	1	4	4	2	1	4	3	3	1	0	2	3	1	1	1	4	3	3	1	4	4	4	2	3	1	2	4	3	4	2	1	2	4	4	1	3	4	0	3	4	4	1	3	3	3	4	0	3	0	3	1	3	2	1	1	2	3	3	3	3	3	4	1	1	3	1	1
Ker-25	Ker-25	3	2	1	3	1	2	1	1	2	2	4	1	1	4	2	3	0	1	2	4	2	2	4	4	1	4	3	1	2	3	2	1	3	4	0	4	1	4	3	4	1	3	2	3	1	4	1	1	3	1	1	3	3	2	4	2	1	4	1	4	3	3	4	2	1	3	0	3	3	1	4	1	4	2	1	1	4	1	4	4	2	1	4	3	3	1	0	2	3	1	1	1	4	3	3	1	4	4	4	2	3	1	2	4	3	4	2	1	2	4	4	1	3	4	0	3	4	4	1	3	3	3	4	4	3	0	3	1	3	2	1	1	2	3	3	3	3	3	4	1	1	3	1	1
Ker-26	Ker-26	3	2	1	3	1	2	1	1	2	2	4	1	1	4	2	3	0	1	2	4	2	2	4	4	1	4	3	1	0	3	2	1	3	4	2	4	1	4	3	4	1	3	2	3	1	4	1	1	3	1	1	3	3	2	4	2	1	4	1	4	3	3	4	2	1	3	2	3	3	1	4	1	4	2	1	1	4	1	4	4	2	1	4	3	3	1	4	2	3	1	1	1	4	3	3	1	4	4	4	2	3	1	2	4	3	4	2	1	2	4	4	1	3	4	0	3	4	4	1	3	3	3	4	4	3	1	3	1	3	2	1	1	2	3	3	3	3	3	4	1	1	3	1	1
Ker-27	Ker-27	3	2	1	3	1	2	1	1	2	2	4	1	1	4	2	3	0	1	2	4	0	2	4	4	1	4	3	1	2	3	2	1	0	4	2	4	1	4	3	4	1	3	2	3	1	4	1	1	3	1	1	3	3	2	4	2	1	4	1	0	3	3	4	2	0	3	0	3	3	1	4	1	4	2	1	1	4	1	4	4	2	1	4	3	3	1	0	2	3	1	1	1	4	3	3	1	4	4	4	2	3	1	2	4	3	4	2	1	2	4	4	1	3	4	4	3	4	4	1	3	3	3	4	0	3	0	3	1	3	2	1	1	2	3	3	3	3	3	4	1	1	3	1	1
Ker-28	Ker-28	3	2	1	3	1	2	1	1	2	2	4	1	1	4	2	3	0	1	2	4	2	2	4	4	1	4	3	1	2	3	2	1	3	4	2	4	1	4	3	4	1	3	2	3	1	4	1	1	3	1	1	3	3	2	4	2	1	4	1	4	3	3	4	2	1	3	2	3	3	1	4	1	4	2	1	1	4	1	4	4	2	1	4	3	3	1	4	2	3	1	1	1	4	3	3	1	4	4	4	2	3	1	2	4	3	4	2	1	2	4	4	1	3	4	4	3	4	4	1	3	3	3	4	4	3	1	3	1	3	2	1	1	2	3	3	3	3	3	4	1	1	3	1	1
Ker-29	Ker-29	3	2	1	3	1	2	1	1	2	2	4	1	1	4	2	3	0	1	2	4	2	2	4	4	1	4	3	1	2	3	2	1	3	4	2	4	1	4	3	4	1	3	2	3	1	4	1	1	3	1	1	3	3	2	4	2	1	4	1	4	3	3	4	2	1	3	2	3	3	1	4	1	4	2	1	1	4	1	4	4	2	1	4	3	3	1	4	2	3	1	1	1	4	3	3	1	4	4	4	2	3	1	2	4	3	4	2	1	2	4	4	1	3	4	0	3	4	4	1	3	3	3	4	4	3	1	3	1	3	2	1	1	2	3	3	3	3	3	4	1	1	3	1	1
Ker-30	Ker-30	3	2	1	3	1	2	1	1	2	2	4	1	1	4	2	3	0	1	2	4	2	2	4	4	1	4	3	1	2	3	2	1	3	4	2	4	1	4	3	4	1	3	2	3	1	4	1	1	3	1	1	3	3	2	4	2	1	4	1	4	3	3	4	2	1	3	2	3	3	1	4	1	4	2	1	1	4	1	4	4	2	1	4	3	3	1	4	2	3	1	1	1	4	3	3	1	4	4	4	2	3	1	2	4	3	4	2	1	2	4	4	1	3	4	0	3	4	4	1	3	3	3	4	4	3	1	3	1	3	2	1	1	2	3	3	3	3	3	4	1	1	3	1	1
Ker-31	Ker-31	3	2	1	3	1	2	1	1	2	2	4	1	1	4	2	3	0	1	2	4	2	2	4	4	1	4	3	1	2	3	2	1	3	4	2	4	1	4	3	4	1	3	2	3	1	4	1	1	3	1	1	3	3	2	4	0	1	4	1	4	3	3	4	2	1	3	2	3	3	1	4	1	4	2	1	1	4	1	4	4	2	1	4	3	3	1	4	2	3	1	1	1	4	3	3	1	4	4	4	2	3	1	2	4	3	4	2	1	2	4	4	1	3	4	0	3	4	4	1	3	3	3	4	4	3	1	3	1	3	2	1	1	2	3	3	3	3	3	4	1	1	3	1	1
Ker-32	Ker-32	3	2	1	3	1	2	1	1	2	2	4	1	1	4	2	3	0	1	2	4	2	2	4	4	1	4	3	1	2	3	2	1	3	4	2	4	1	4	3	4	1	3	2	3	1	4	1	1	3	1	1	3	3	2	4	2	1	4	1	4	3	3	4	2	1	3	2	3	3	1	4	1	4	2	1	1	4	1	4	4	2	1	4	3	3	1	4	2	3	1	1	1	4	3	3	1	4	4	4	2	3	1	2	4	3	4	2	1	2	4	4	1	3	4	0	3	4	4	1	3	3	3	4	4	3	1	3	1	3	2	1	1	2	3	3	3	3	3	4	1	1	3	1	1
Ker-33	Ker-33	3	2	1	3	1	2	1	1	2	2	4	1	1	4	2	3	0	1	2	4	2	2	4	4	1	4	3	1	2	3	2	1	3	4	2	4	1	4	3	4	1	3	2	3	1	4	1	1	3	1	1	3	3	2	4	2	1	4	1	4	3	3	4	2	1	3	2	3	3	1	4	1	4	2	1	1	4	1	4	4	2	1	4	3	3	1	4	2	3	1	1	1	4	3	3	1	4	4	4	2	3	1	2	4	3	4	2	1	2	4	4	1	3	4	0	3	4	4	1	3	3	3	4	4	3	1	3	1	3	2	1	1	2	3	3	3	3	3	4	1	1	3	1	1
Ker-35	Ker-35	3	2	1	3	1	2	1	1	0	2	4	1	1	4	2	3	0	1	2	4	2	2	4	4	1	4	3	1	2	3	2	1	3	4	2	4	1	4	3	4	1	3	2	3	1	4	1	1	3	1	1	3	3	2	4	2	1	4	1	4	3	3	4	2	1	3	2	3	3	1	4	1	4	2	1	1	4	1	4	4	2	1	4	3	3	1	4	2	3	1	0	1	4	3	3	1	4	4	4	2	3	1	2	4	3	4	0	1	2	4	4	1	3	4	0	3	4	4	1	3	3	3	4	4	3	1	3	1	3	2	1	1	2	3	3	3	3	3	4	1	1	3	1	1
Ker-36	Ker-36	3	2	1	3	1	2	1	1	2	2	4	1	1	4	2	3	0	1	2	4	2	2	4	4	1	4	3	1	2	3	2	1	3	4	2	4	1	4	3	4	1	3	2	3	1	4	1	1	3	1	1	3	3	2	4	2	1	4	1	4	3	3	4	2	1	3	2	3	3	1	4	1	4	2	1	1	4	1	4	4	2	1	4	3	3	1	4	2	3	1	1	1	4	3	3	1	4	4	4	2	3	1	2	4	3	4	2	1	2	4	4	1	3	4	0	3	4	4	1	3	3	3	4	4	3	1	3	1	3	2	1	1	2	3	3	3	3	3	4	1	1	3	1	1
Ker-38	Ker-38	3	2	1	3	1	2	1	1	2	2	4	1	1	4	2	3	0	1	2	4	2	2	4	4	1	4	3	1	2	1	1	1	3	4	4	4	1	4	3	4	1	3	2	3	1	4	1	1	3	1	3	4	3	4	4	0	2	4	1	4	1	3	4	2	1	3	2	3	3	3	4	1	4	2	1	1	4	1	4	4	2	1	4	3	3	1	4	2	3	1	1	2	2	4	4	3	4	2	4	4	3	3	2	3	1	4	2	1	2	2	1	2	3	2	4	2	2	2	1	3	3	3	4	4	3	1	3	1	3	2	1	1	2	3	3	3	3	3	4	1	1	1	1	1
Ker-39	Ker-39	3	2	1	3	1	2	1	1	2	2	4	1	1	4	2	3	0	1	2	4	2	2	4	4	1	4	3	1	0	1	1	1	3	4	4	4	1	4	3	4	1	3	2	3	1	4	1	1	3	1	3	4	3	4	4	2	2	4	1	4	0	3	4	2	1	3	2	3	3	3	4	1	4	2	1	1	4	1	4	4	2	1	4	3	3	1	4	2	3	1	1	2	2	4	4	3	4	2	4	4	3	3	2	3	1	4	2	1	2	2	1	2	3	2	4	2	2	2	1	3	3	3	4	4	3	1	3	1	3	2	1	1	2	3	3	3	3	3	4	1	1	1	1	1
Ker-40	Ker-40	3	2	1	3	1	2	1	1	2	2	4	1	1	4	2	3	0	1	2	4	2	2	4	4	1	4	3	1	2	3	2	1	3	4	2	4	1	4	3	4	1	3	2	3	1	4	1	1	3	1	1	3	3	2	4	2	1	4	1	4	3	3	4	2	1	3	2	3	3	1	4	1	4	2	1	1	4	1	4	4	2	1	4	3	3	1	4	2	3	1	1	1	4	3	3	1	4	4	4	2	3	1	2	4	3	4	2	1	2	4	4	1	3	4	0	3	4	4	1	3	3	3	4	4	3	1	3	1	3	2	1	1	2	3	3	3	3	3	4	1	1	3	1	1
Ker-41	Ker-41	3	2	1	3	1	2	1	1	2	2	4	1	1	4	2	3	0	1	2	4	2	2	4	4	1	4	3	1	2	3	2	1	3	4	2	4	1	4	3	4	1	3	2	3	1	4	1	1	3	1	1	3	3	2	4	0	1	4	1	4	3	3	4	2	1	3	2	3	3	1	4	1	4	2	1	1	4	1	4	4	2	1	4	3	3	1	4	2	3	1	1	1	4	3	3	1	4	4	4	2	3	1	2	4	3	4	2	1	2	4	4	1	3	4	0	3	4	4	1	3	3	3	4	4	3	1	3	1	3	2	1	1	2	3	3	3	3	3	4	1	1	3	1	1
Ker-42	Ker-42	3	2	1	3	1	2	1	1	2	2	4	1	1	4	2	3	0	1	2	4	2	2	4	4	1	4	3	1	2	3	2	1	3	4	2	4	1	4	3	4	1	3	2	3	1	4	1	1	3	1	1	3	3	2	4	2	1	4	1	4	3	3	4	2	1	3	2	3	3	1	4	1	4	2	1	1	4	1	4	4	2	1	4	3	3	1	4	2	3	1	1	1	4	3	3	1	4	4	4	2	3	1	2	4	3	4	2	1	2	4	4	1	3	4	0	3	4	4	1	3	3	3	4	4	3	1	3	1	3	2	1	1	2	3	3	3	3	3	4	1	1	3	1	1
Ker-43	Ker-43	3	2	1	3	0	2	1	1	2	2	4	1	1	4	2	3	0	1	2	4	0	2	4	4	1	4	0	1	2	3	2	1	3	4	0	4	1	4	3	4	0	3	2	3	1	4	1	1	3	1	1	3	0	2	4	2	1	4	1	0	3	0	4	2	0	3	0	3	3	1	4	1	4	2	1	1	4	1	4	4	2	1	4	3	3	1	9	2	3	1	1	1	4	3	3	1	4	4	4	2	0	1	2	4	3	4	2	1	2	4	4	1	3	4	0	3	4	4	1	3	3	3	4	0	3	0	3	1	3	2	1	1	2	3	3	3	3	3	4	1	1	3	1	1
Ker-44	Ker-44	3	2	1	3	1	2	1	1	2	2	4	1	1	4	2	3	0	1	2	4	2	2	4	4	1	4	3	1	2	3	2	1	3	4	2	4	1	4	3	4	1	3	2	3	1	4	1	1	3	1	1	3	3	2	4	2	1	4	1	4	3	3	4	2	1	3	2	3	3	1	4	1	4	2	1	1	4	1	4	4	2	1	4	3	3	1	4	2	3	1	1	1	4	3	3	1	4	4	4	2	3	1	2	4	3	4	2	1	2	4	4	1	3	4	4	3	4	4	1	3	3	3	4	4	3	1	3	1	3	2	1	1	2	3	3	3	3	3	4	1	1	3	1	1
Map-3	Map-3	3	2	1	3	1	2	1	1	2	2	4	1	1	4	2	3	4	1	2	4	2	2	4	4	1	4	3	1	2	3	2	1	3	4	2	4	1	4	3	4	1	3	2	3	1	4	1	1	3	1	1	3	3	2	4	2	1	4	1	4	3	3	4	2	1	3	0	3	3	1	4	1	4	2	1	1	4	1	4	4	2	1	4	3	3	1	4	2	3	1	1	1	4	3	3	1	4	4	4	2	3	1	2	4	3	4	2	1	2	4	4	1	3	4	4	3	4	4	1	3	3	3	4	4	3	1	3	1	3	2	1	1	2	3	3	3	3	3	4	1	1	3	1	1
Map-6	Map-6	3	2	1	3	1	2	1	1	2	2	4	1	1	4	2	3	4	1	2	4	2	2	4	4	1	4	3	1	2	0	2	1	3	4	2	4	1	4	3	4	1	3	2	3	1	4	1	1	3	1	1	3	3	2	4	2	1	4	1	4	3	3	4	2	1	3	2	3	3	1	4	1	4	2	1	1	4	1	4	4	2	1	4	3	3	1	4	2	3	1	1	1	4	3	3	1	4	4	4	2	3	1	2	4	3	4	0	1	2	4	4	1	3	4	0	3	4	4	1	3	3	3	4	4	3	1	3	1	3	2	1	0	2	3	3	3	3	3	4	1	1	3	1	0
Map-8	Map-8	3	2	1	3	1	2	1	1	2	2	4	1	1	4	2	3	4	1	2	4	2	2	4	4	1	4	3	1	2	3	2	1	3	4	2	4	1	4	3	4	1	3	2	3	1	4	1	1	3	1	1	3	3	2	4	2	1	4	1	4	3	3	4	2	1	3	2	3	3	1	4	1	4	2	1	1	4	1	4	4	2	1	4	3	3	1	4	2	3	1	1	1	4	3	3	1	4	4	4	2	3	1	2	4	3	0	2	1	2	4	4	1	3	4	4	3	4	4	1	3	3	3	4	4	3	1	3	1	3	2	1	1	2	3	3	3	3	3	4	1	1	3	1	1
Map-9	Map-9	0	2	0	3	1	2	1	1	0	2	4	1	1	4	2	3	0	1	2	4	2	2	4	4	1	4	3	1	2	0	2	1	3	4	0	4	1	4	0	0	1	3	2	3	1	4	1	0	3	1	1	3	3	2	0	0	1	4	1	4	3	3	4	0	1	0	0	3	3	1	4	1	4	2	1	1	4	1	4	4	2	0	4	3	0	1	4	2	3	1	0	1	4	3	3	1	4	4	4	2	3	0	2	4	3	0	0	1	2	4	4	1	3	4	0	3	4	4	1	3	3	3	4	4	0	1	3	1	3	2	1	0	2	3	3	3	3	3	4	1	1	3	0	0
Map-10	Map-10	0	2	1	3	1	2	1	1	2	2	4	1	1	4	2	3	4	1	2	4	2	2	4	4	1	4	3	1	2	3	2	1	3	4	2	4	1	4	3	4	1	3	2	3	1	4	1	0	3	1	1	3	3	2	0	2	1	4	1	4	3	3	4	2	1	3	2	3	3	1	4	1	4	2	1	1	4	1	4	4	2	1	4	3	3	1	4	2	3	1	1	1	4	3	3	1	4	4	4	2	3	1	2	4	3	0	0	1	2	4	4	1	3	4	4	3	4	4	1	3	3	3	4	4	3	1	3	1	3	2	1	0	2	3	3	3	3	3	4	1	1	3	1	1
Map-11	Map-11	3	2	1	3	1	2	0	1	2	2	4	1	1	4	2	3	4	1	2	4	2	2	4	4	1	4	3	1	2	3	2	1	3	4	2	4	1	4	3	4	1	3	2	3	1	4	0	1	3	1	1	3	3	2	4	2	1	4	1	4	3	3	4	2	1	3	2	3	3	1	4	1	4	2	1	1	4	1	4	4	2	1	4	3	3	1	4	2	3	1	1	1	4	3	3	0	4	4	4	2	3	1	2	4	3	0	2	1	2	4	4	1	3	4	4	3	4	4	1	3	3	3	4	4	3	1	3	1	3	2	1	1	2	3	3	3	3	3	4	1	1	3	1	1
Map-12	Map-12	0	1	1	3	1	2	1	1	2	2	4	1	1	4	2	3	4	1	2	4	1	2	4	4	1	4	2	1	2	3	2	1	3	4	2	4	1	4	3	4	1	3	2	3	1	4	1	1	3	3	3	3	0	4	4	4	2	2	1	4	3	3	4	2	1	3	0	3	3	1	4	1	4	2	1	1	4	1	4	4	2	1	4	3	3	1	4	2	3	1	1	1	4	4	4	1	4	4	4	2	3	0	2	4	3	4	0	1	2	4	4	2	1	4	4	3	4	4	1	3	3	3	4	4	3	1	3	1	0	2	3	2	4	3	3	1	3	1	2	1	1	1	1	1
Map-13	Map-13	0	2	1	3	1	2	1	1	2	2	4	1	1	4	2	3	4	1	2	4	2	2	4	4	1	4	3	1	2	3	2	1	3	4	2	4	1	4	3	4	1	3	2	3	1	4	1	1	3	1	1	3	3	2	4	2	1	4	1	4	3	3	4	2	1	3	2	3	3	1	4	1	4	2	1	1	4	1	4	4	2	1	4	3	3	1	4	2	3	1	1	1	4	3	3	1	4	4	4	2	3	0	2	4	3	0	2	1	2	4	4	1	3	4	4	3	4	4	1	3	3	3	4	4	0	1	3	1	3	2	1	1	2	3	3	3	3	3	4	1	1	3	1	1
Map-14	Map-14	3	2	1	3	1	2	1	1	2	2	4	1	1	4	2	3	4	1	2	4	2	2	4	4	1	4	3	1	2	3	2	1	3	4	2	4	1	4	3	4	1	3	2	3	1	4	1	1	3	1	1	3	3	2	4	9	1	4	1	4	3	3	4	2	1	3	0	3	3	1	4	1	4	2	1	1	4	1	4	4	2	1	4	3	3	1	4	2	3	1	1	1	4	3	3	1	4	4	4	2	3	1	2	0	3	4	2	1	2	4	4	1	3	4	4	3	4	4	1	3	3	3	4	4	3	1	3	1	3	2	1	1	2	3	3	3	3	3	4	1	1	3	1	1
Map-15	Map-15	0	2	1	3	1	2	1	1	2	2	4	1	1	4	2	3	4	1	2	4	2	2	4	4	1	4	3	1	2	3	2	1	3	4	2	4	1	4	3	4	1	3	2	3	1	4	1	1	3	1	1	3	3	2	4	2	1	4	1	4	3	3	4	2	1	3	2	3	3	1	4	1	4	2	1	1	4	1	4	4	2	1	4	3	3	1	4	2	3	1	1	1	4	3	3	1	4	4	4	2	3	1	2	4	3	4	2	1	2	4	4	1	3	4	4	3	4	4	1	3	3	3	4	4	3	1	3	1	3	2	1	1	2	3	3	3	3	3	4	1	1	3	1	1
Map-17	Map-17	0	2	1	3	1	2	1	1	2	2	4	1	1	4	2	3	4	1	2	4	2	2	4	4	1	4	3	1	2	3	2	1	3	4	2	4	1	4	3	4	1	3	2	3	1	4	1	1	3	1	1	3	3	2	0	2	1	4	1	4	3	3	4	2	1	3	0	3	3	1	4	1	4	2	1	1	4	1	4	4	2	1	4	3	3	1	4	2	3	1	1	1	4	3	3	1	4	4	4	2	3	0	2	4	3	4	2	1	2	4	4	1	3	4	4	3	4	4	1	3	3	3	4	4	0	1	3	1	3	2	1	1	2	3	3	3	3	3	4	1	1	3	1	1
Map-18	Map-18	3	2	1	3	1	2	1	1	2	2	4	1	1	4	2	3	4	1	2	4	2	2	4	4	1	4	3	1	2	3	2	1	3	4	2	4	1	4	3	4	1	3	2	3	1	4	1	1	3	1	1	3	3	2	4	2	1	4	1	4	3	3	4	2	1	3	2	3	3	1	4	1	4	2	1	1	4	1	4	4	2	1	4	3	3	1	4	2	3	1	1	1	4	3	3	1	4	4	4	2	3	1	2	4	3	4	2	1	2	4	4	1	3	4	4	3	4	4	1	3	3	3	4	4	3	1	3	1	3	2	1	1	2	3	3	3	3	3	4	1	1	3	1	1
Map-21	Map-21	0	2	0	3	1	2	1	1	0	2	4	1	1	4	2	3	0	1	2	4	2	2	4	4	1	4	3	1	2	0	2	1	3	4	0	4	1	4	0	0	1	3	2	0	1	4	1	0	3	1	1	3	3	0	0	0	1	4	1	4	3	3	4	0	1	0	2	3	3	1	4	1	4	2	1	1	4	1	4	4	2	1	4	3	0	1	4	2	3	1	0	1	4	3	3	1	4	4	4	2	3	0	2	0	3	0	0	1	2	4	4	0	3	4	0	3	4	4	1	3	3	3	4	4	0	1	3	1	3	2	1	0	2	3	3	3	3	3	4	1	1	3	0	0
Map-22	Map-22	0	2	1	3	1	2	1	1	0	2	4	1	1	4	2	3	4	1	2	4	2	2	4	4	1	0	3	1	2	0	2	1	3	4	2	4	1	4	3	4	1	3	2	3	1	4	1	0	3	1	1	3	3	0	0	9	1	4	1	4	3	3	4	2	1	3	2	3	3	1	4	1	4	2	1	1	4	1	4	4	2	1	4	3	0	1	4	2	3	1	1	1	4	3	3	1	4	4	4	2	3	0	2	4	3	0	0	1	2	4	4	1	3	4	0	3	4	4	1	3	3	3	4	4	3	1	3	1	3	2	1	0	2	3	3	3	3	3	4	1	1	3	0	0
Map-23	Map-23	3	2	1	3	1	2	1	1	2	2	4	1	1	4	2	3	4	1	2	4	2	2	4	4	1	4	3	1	2	3	2	1	3	4	2	4	1	4	3	4	1	3	2	3	1	4	1	1	3	1	1	3	3	2	4	2	1	4	1	4	3	3	4	2	1	3	0	3	3	1	4	1	4	2	1	1	4	1	4	4	2	1	4	3	3	1	4	2	3	1	1	1	4	3	3	1	4	4	4	2	3	1	2	4	3	4	2	1	2	4	4	1	3	4	4	3	4	4	1	3	3	3	4	4	3	1	3	1	3	2	1	1	2	3	3	3	3	3	4	1	1	3	1	1
Map-25	Map-25	3	2	1	3	1	2	1	1	2	2	4	1	1	4	2	3	4	1	2	4	2	2	4	4	1	4	3	1	2	3	2	1	3	4	2	4	1	4	3	4	1	3	2	3	1	4	1	1	3	1	1	3	3	2	4	2	1	4	1	4	3	3	4	2	1	3	0	3	3	1	4	1	4	2	1	1	4	1	4	4	2	1	4	3	3	1	4	2	3	1	1	1	4	3	3	1	4	4	4	2	3	1	2	4	3	4	2	1	2	4	4	1	3	4	4	3	4	4	1	3	3	3	4	4	3	1	3	1	3	2	1	1	2	3	3	3	3	3	4	1	1	3	1	1
Map-26	Map-26	0	1	1	3	1	2	1	1	2	2	4	1	1	4	2	3	4	1	2	4	1	2	4	4	1	4	2	1	2	3	2	1	3	4	2	4	1	4	3	4	1	3	2	3	1	4	1	1	3	3	3	3	1	4	4	4	2	2	1	4	3	3	4	2	1	3	2	3	3	1	4	1	4	2	1	1	4	1	4	4	2	1	4	3	3	1	4	2	3	1	1	1	4	4	4	1	4	4	4	2	3	0	2	4	3	4	0	1	2	4	4	2	1	4	4	3	4	4	1	3	3	3	4	4	3	1	3	1	0	2	3	2	4	3	3	1	3	1	2	1	1	1	1	1
Map-28	Map-28	0	2	1	3	1	2	1	1	2	2	4	1	1	4	2	3	4	1	2	4	2	2	4	4	1	4	3	1	2	3	2	1	3	4	2	4	1	4	3	4	1	3	2	3	1	4	1	1	3	1	1	3	3	2	4	2	1	4	1	4	3	3	4	2	1	3	2	3	3	1	4	1	4	2	1	1	4	1	4	4	2	1	4	3	3	1	4	2	3	1	1	1	4	3	3	1	4	4	4	2	3	1	2	4	3	0	0	1	2	4	4	1	3	4	4	3	4	4	1	3	3	3	4	4	3	1	3	1	3	2	1	1	2	3	3	3	3	3	4	1	1	3	1	1
Map-29	Map-29	3	2	1	3	1	2	1	1	2	2	4	1	1	4	2	3	4	1	2	4	2	2	4	4	1	4	3	1	2	3	2	1	3	4	2	4	1	4	3	4	1	3	2	3	1	4	1	1	3	1	1	3	3	2	4	0	1	4	1	4	3	3	4	2	1	3	2	3	3	1	4	1	4	2	1	1	4	1	4	4	2	1	4	3	3	1	4	2	3	1	1	1	4	3	3	1	4	4	4	2	3	1	2	4	3	4	2	1	2	4	4	1	3	4	0	3	4	4	1	3	3	3	4	4	3	1	3	1	3	2	1	1	2	3	3	3	3	3	4	1	1	3	1	1
Map-30	Map-30	3	2	1	3	1	2	1	1	2	2	4	1	1	4	2	3	4	1	2	4	2	2	4	4	1	4	3	1	2	3	2	1	3	4	2	4	1	4	3	4	1	3	2	3	1	4	1	1	3	1	1	3	3	2	4	9	1	4	1	4	3	3	4	2	1	3	0	3	3	1	4	1	4	2	1	1	4	1	4	4	2	1	4	3	3	1	4	2	3	1	1	1	4	3	3	1	4	4	4	2	3	1	2	4	3	4	0	1	2	4	4	1	3	4	4	3	4	4	1	3	3	3	4	4	3	1	3	1	3	2	1	1	2	3	3	3	3	3	4	1	1	3	1	1
Map-31	Map-31	3	2	1	3	1	2	1	1	2	2	4	1	1	4	2	3	4	1	2	4	2	2	4	4	1	4	3	1	2	3	2	1	3	4	2	4	1	4	3	4	1	3	2	3	1	4	1	1	3	1	1	3	3	2	4	2	1	4	1	4	3	3	4	2	1	3	0	3	3	1	4	1	4	2	1	1	4	1	4	4	2	1	4	3	3	1	4	2	3	1	1	1	4	3	3	1	4	4	4	2	3	1	2	4	3	4	2	1	2	4	4	1	3	4	4	3	4	4	1	3	3	3	4	4	3	1	3	1	3	2	1	1	2	3	3	3	3	3	4	1	1	3	1	1
Map-33	Map-33	0	2	1	3	1	2	0	1	0	0	4	1	1	4	2	3	0	1	0	4	2	2	0	4	1	4	3	1	2	0	2	1	3	4	0	4	1	4	0	0	1	3	2	3	1	4	1	1	3	1	1	3	3	0	4	2	0	0	1	4	0	3	4	0	1	3	0	0	3	1	4	1	0	2	1	1	4	1	4	4	2	1	4	3	3	1	4	2	3	1	1	1	4	3	0	1	4	4	4	2	3	0	0	4	3	4	2	1	2	4	4	1	3	4	0	3	4	4	1	3	3	3	4	4	3	1	3	0	3	0	1	0	2	3	3	0	3	3	4	0	1	3	1	1
Map-34	Map-34	0	2	1	3	1	2	1	1	0	2	4	1	1	4	2	3	4	1	2	4	2	2	4	4	1	4	3	1	2	0	2	1	3	4	2	4	1	4	3	4	1	3	2	3	1	4	1	0	3	1	1	3	3	2	0	2	1	4	1	4	3	3	4	0	1	3	0	3	3	1	4	1	4	2	1	1	4	1	4	4	2	1	4	3	3	1	4	2	3	1	0	1	4	3	3	1	4	4	4	2	3	0	2	4	3	0	0	1	2	4	4	1	3	4	0	3	4	4	1	3	3	3	4	4	0	1	3	1	3	2	1	1	2	3	3	3	3	3	4	1	1	3	0	1
Map-35	Map-35	3	2	1	3	1	2	1	1	2	2	4	1	1	4	2	3	4	1	2	4	2	2	4	4	1	4	3	1	2	3	2	1	3	4	2	4	1	4	3	4	1	3	2	3	1	4	1	1	3	1	1	3	3	2	4	2	1	4	1	4	3	3	4	2	1	3	0	3	3	1	4	1	4	2	1	1	4	1	4	4	2	1	4	3	3	1	4	2	3	1	1	1	4	3	3	1	4	4	4	2	3	1	2	4	3	4	2	1	2	4	4	1	3	4	4	3	4	4	1	3	3	3	4	4	3	1	3	1	3	2	1	1	2	3	3	3	3	3	4	1	1	3	1	1
Map-36	Map-36	0	2	1	3	1	2	1	1	0	2	4	1	1	4	2	3	4	1	2	4	2	2	4	4	1	0	3	1	2	0	2	1	3	4	2	4	1	4	0	4	1	3	2	3	1	4	1	0	3	1	1	3	3	0	0	2	1	4	1	4	3	3	4	0	1	0	0	3	3	1	4	1	4	2	1	1	4	1	4	4	2	1	4	3	0	1	4	2	3	1	0	1	4	3	3	1	4	4	4	2	3	0	2	4	3	0	0	1	2	4	4	0	3	4	0	3	4	4	1	3	3	3	4	4	3	1	3	1	3	2	1	0	2	3	3	3	3	3	4	1	1	3	0	0
Map-39	Map-39	3	2	1	3	1	2	1	1	2	2	4	1	1	4	2	3	4	1	2	4	2	2	4	4	1	4	3	1	2	3	2	1	3	4	2	4	1	4	3	4	1	3	2	3	1	4	1	1	3	1	1	3	3	2	4	2	1	4	1	4	3	3	4	2	1	3	2	3	3	1	4	1	4	2	1	1	4	1	4	4	2	1	4	3	3	1	4	2	3	1	1	1	4	3	3	1	4	4	4	2	3	1	2	4	3	4	2	1	2	4	4	1	3	4	4	3	4	4	1	3	3	3	4	4	3	1	3	1	3	2	1	1	2	3	3	3	3	3	4	1	1	3	1	1
Map-41	Map-41	0	1	1	3	1	2	0	1	0	2	4	1	1	4	2	3	4	1	2	4	1	2	4	4	1	0	2	1	2	3	2	1	3	4	2	4	1	4	3	4	1	3	2	3	1	4	1	0	3	3	3	3	1	0	0	4	2	2	1	4	3	3	4	0	1	3	2	3	3	1	4	1	4	2	1	1	4	1	4	4	2	1	4	3	0	1	4	2	0	1	1	1	4	4	4	1	4	4	4	2	3	0	2	4	3	0	0	1	0	4	4	0	1	4	0	3	4	4	1	3	3	3	4	4	0	1	3	1	3	2	3	0	4	3	3	0	3	1	0	1	1	1	0	1
Map-42	Map-42	0	1	1	3	1	2	0	1	2	2	4	1	1	4	2	3	4	1	2	4	1	2	4	4	1	4	2	1	2	3	2	1	3	4	2	4	1	4	3	4	1	3	2	3	1	4	1	1	3	3	3	3	1	4	4	4	2	2	1	4	0	3	4	2	1	3	2	3	3	1	4	1	4	2	1	1	4	1	4	4	2	1	4	3	3	1	4	2	3	1	1	1	4	4	4	1	4	4	4	2	3	1	2	4	3	4	2	1	2	4	4	2	1	4	4	3	4	4	1	3	3	3	4	4	3	1	3	1	0	2	3	2	4	3	3	0	3	1	2	1	1	1	1	1
Map-43	Map-43	0	1	0	3	1	2	1	1	2	2	4	1	1	4	2	3	4	1	2	4	1	2	4	4	1	4	2	1	2	3	2	1	3	4	2	4	1	4	3	0	1	3	2	0	1	4	1	1	3	3	3	3	1	4	0	4	2	2	1	4	3	3	4	0	1	3	2	3	3	1	4	1	4	2	1	1	4	1	4	4	2	1	4	3	3	1	4	2	3	1	0	1	4	4	4	1	4	4	4	2	3	0	2	4	3	4	8	1	2	4	4	2	1	4	0	3	4	4	1	3	3	3	4	4	0	1	3	1	3	2	3	0	4	3	3	1	3	1	2	1	1	1	1	1
Map-44	Map-44	0	2	1	3	1	2	1	1	2	2	4	1	1	4	2	3	4	1	2	4	2	2	4	4	1	4	3	1	2	3	2	1	3	4	2	4	1	4	3	4	1	3	2	3	1	4	1	1	3	1	1	3	3	2	0	2	1	4	1	4	3	3	4	0	1	3	2	0	3	1	4	1	4	2	1	1	4	1	4	4	2	1	4	3	3	1	4	2	3	1	1	1	4	3	3	1	4	4	4	2	3	0	2	4	3	9	0	1	2	4	4	1	3	4	4	3	4	4	1	3	3	3	4	4	3	1	3	1	3	2	1	1	2	3	3	3	3	3	4	1	1	3	1	1
Map-45	Map-45	3	2	1	3	1	2	1	1	2	2	4	1	1	4	2	3	4	1	2	4	2	2	4	4	1	4	3	1	2	3	2	1	3	4	2	4	1	4	3	4	1	3	2	3	1	4	1	1	3	1	1	3	3	2	4	2	1	4	1	4	3	3	4	2	1	3	0	3	3	1	4	1	4	2	1	1	4	1	4	4	2	1	4	3	3	1	4	2	3	1	1	1	4	3	3	1	4	4	4	2	3	1	2	4	3	4	2	1	2	4	4	1	3	4	4	3	4	4	1	3	3	3	4	4	0	1	3	1	3	2	1	1	2	3	3	3	3	3	4	1	1	3	1	1
Paw-1	Paw-1	3	2	1	3	1	2	1	1	2	2	4	1	1	4	2	3	4	1	2	4	2	2	4	4	1	4	3	1	2	3	2	1	3	4	2	4	1	4	3	4	1	3	2	3	1	4	1	1	3	1	1	3	3	2	4	2	1	4	1	4	3	3	4	2	1	3	2	3	3	1	4	1	4	2	1	1	4	1	4	4	2	3	4	3	3	3	2	4	1	1	1	1	4	3	4	1	4	4	4	4	2	3	4	3	1	4	3	4	1	4	4	1	3	4	4	3	4	4	1	3	3	3	4	4	3	1	3	1	3	2	1	1	2	3	3	3	3	3	4	1	1	3	1	1
Paw-2	Paw-2	3	2	1	3	1	2	1	1	2	2	4	1	1	4	2	3	4	1	2	4	2	2	4	4	1	4	3	1	2	3	2	1	3	4	2	4	1	4	3	4	1	3	2	3	1	4	1	1	3	1	1	3	3	2	4	2	1	4	1	4	3	3	4	2	1	3	0	3	3	1	4	1	4	2	1	1	4	1	4	4	2	1	4	3	3	1	4	2	3	1	1	1	4	3	3	1	4	4	4	2	3	1	2	4	3	4	2	1	2	4	4	1	3	4	4	3	4	4	1	3	3	3	4	4	3	1	3	1	3	2	1	1	2	3	3	3	3	3	4	1	1	3	1	1
Paw-3	Paw-3	0	1	1	3	1	2	1	1	2	2	4	1	1	4	2	3	4	1	2	4	2	2	4	4	1	4	3	1	2	3	2	3	1	3	4	2	1	2	0	2	3	3	2	3	3	4	1	0	3	1	1	3	3	2	0	4	1	4	1	2	1	1	2	2	1	3	2	3	1	3	4	1	1	2	3	1	4	1	4	4	4	3	4	3	3	3	2	2	3	1	1	1	4	3	3	3	4	2	4	4	3	3	2	3	1	0	0	1	2	4	4	1	3	4	4	2	4	4	1	3	4	3	4	3	1	1	3	3	3	3	3	0	2	3	3	3	3	3	4	1	1	3	1	1
Paw-4	Paw-4	0	2	1	3	1	2	1	1	2	2	4	1	1	4	2	3	4	1	2	4	2	2	4	4	1	4	3	1	2	3	2	3	1	3	4	2	1	2	3	2	3	3	2	3	3	4	1	1	3	1	1	3	3	2	4	4	1	4	1	2	1	1	2	2	1	3	2	3	1	3	4	4	1	2	3	2	1	1	4	1	2	3	4	3	3	3	2	2	3	1	1	1	4	3	3	1	4	2	4	4	3	3	2	3	1	0	0	1	2	4	4	1	3	4	4	3	2	4	1	3	4	3	4	3	1	1	3	3	0	3	3	1	2	3	3	3	3	3	4	1	1	3	1	1
Paw-5	Paw-5	3	2	1	3	1	2	1	1	2	2	4	1	1	4	2	3	4	1	2	4	2	2	4	4	1	4	3	1	2	3	2	3	1	3	4	2	1	2	3	2	3	3	2	3	3	4	1	1	3	1	1	3	3	2	4	4	1	4	1	2	1	1	2	2	1	3	2	3	1	3	4	4	1	2	3	2	1	1	4	1	2	3	4	3	3	3	2	2	3	1	1	1	4	3	3	1	4	2	4	4	3	3	2	3	1	4	3	1	2	4	4	1	3	4	4	3	2	4	1	3	4	3	4	3	1	1	3	3	0	3	3	1	2	3	3	3	3	3	4	1	1	3	1	1
Paw-7	Paw-7	3	2	1	3	1	2	1	1	2	2	4	1	1	4	2	3	4	1	2	4	2	2	4	4	1	4	3	1	2	3	2	1	3	4	2	4	1	4	3	4	1	3	2	3	1	4	1	1	3	1	1	3	3	2	4	2	1	4	1	4	3	3	4	2	1	3	2	3	3	1	4	1	4	2	1	1	4	1	4	4	2	1	4	3	3	1	4	2	3	1	1	1	4	3	3	1	4	4	4	2	3	1	2	4	3	4	2	1	2	4	4	1	3	4	4	3	4	4	1	3	3	3	4	4	3	1	3	1	3	2	1	1	2	3	3	3	3	3	4	1	1	3	1	1
Paw-8	Paw-8	3	2	1	3	1	2	1	1	2	2	4	1	1	4	2	3	4	1	2	4	2	2	4	4	1	4	3	1	2	3	2	1	3	4	2	4	1	4	3	4	1	3	2	3	1	4	1	1	3	1	1	3	3	2	0	2	1	4	1	4	3	3	4	2	1	3	2	3	3	1	4	1	4	2	1	1	4	1	4	4	2	1	4	3	3	1	4	2	3	1	1	1	4	3	3	1	4	4	4	2	3	0	2	4	3	4	2	1	2	4	4	1	3	4	4	3	4	4	1	3	3	3	4	4	3	1	3	1	3	2	1	1	2	3	3	3	3	3	4	1	1	3	1	1
Paw-9	Paw-9	0	1	1	3	6	2	3	1	2	3	2	3	1	4	2	3	4	1	2	4	2	2	4	4	1	4	3	1	2	3	2	1	3	4	2	4	1	4	3	4	1	3	2	3	1	4	1	1	3	1	1	3	3	2	4	2	1	4	1	4	3	3	4	2	1	0	1	3	3	1	4	7	7	2	3	1	4	1	4	4	9	1	3	3	1	3	4	2	3	1	2	1	4	3	3	1	4	4	4	2	3	1	2	3	1	4	2	1	2	2	4	2	1	4	4	2	4	2	1	1	4	3	4	4	0	1	3	1	3	2	3	2	4	3	3	1	3	1	4	1	1	1	1	1
Paw-10	Paw-10	3	2	1	3	1	2	1	1	2	2	4	1	1	4	2	3	4	1	2	4	2	2	4	4	1	4	3	1	2	3	2	1	3	4	2	4	1	4	3	4	1	3	2	3	1	4	1	1	3	1	1	3	3	2	4	2	1	4	1	4	3	3	4	2	1	3	0	3	3	1	4	1	4	2	1	1	4	1	4	4	2	1	4	3	3	1	4	2	3	1	1	1	4	3	3	1	4	4	4	2	3	1	2	4	3	4	2	1	2	4	4	1	3	4	4	3	4	4	1	3	3	3	4	4	3	1	3	1	3	2	1	1	2	3	3	3	3	3	4	1	1	3	1	1
Paw-11	Paw-11	0	1	1	3	3	2	3	1	2	3	2	3	1	4	2	3	4	2	2	2	1	2	4	4	3	4	2	1	2	1	2	1	3	4	4	2	1	2	3	4	1	1	2	3	3	4	1	3	3	1	1	3	3	2	4	2	1	4	1	4	3	3	4	4	1	4	1	1	3	3	4	1	1	2	3	1	4	1	4	4	4	1	3	3	3	1	4	2	3	1	1	1	4	3	3	3	4	2	4	4	2	3	2	3	3	0	2	1	2	4	4	1	3	4	4	2	4	2	1	1	4	3	4	4	3	1	3	1	3	2	3	1	2	3	3	3	3	3	4	1	1	3	1	1
Paw-12	Paw-12	1	1	1	3	3	2	3	1	2	3	2	3	1	4	2	3	4	2	2	2	1	2	4	4	3	4	2	1	2	1	2	1	3	4	4	2	1	2	3	4	1	1	2	3	3	4	1	3	3	1	1	3	3	2	4	2	1	4	1	4	3	3	4	4	1	4	1	1	3	3	4	1	1	2	3	1	4	1	4	4	4	1	3	3	3	1	4	2	3	1	1	1	4	3	3	3	4	2	4	4	2	3	2	3	3	0	2	1	2	4	4	1	3	4	4	2	4	2	1	1	4	3	4	4	3	1	3	1	3	2	3	1	2	3	3	3	3	3	4	1	1	3	1	1
Paw-13	Paw-13	3	2	1	3	1	2	1	1	2	2	4	1	1	4	2	3	4	1	2	4	2	2	4	4	1	4	3	1	2	3	2	1	3	4	2	4	1	4	3	4	1	3	2	3	1	4	1	1	3	1	1	3	3	2	4	2	1	4	1	4	3	3	4	2	1	3	2	3	3	1	4	1	4	2	1	1	4	1	4	4	2	1	4	3	3	1	4	2	3	1	1	1	4	3	3	1	4	4	4	2	3	1	2	4	3	4	2	1	2	4	4	1	3	4	4	3	4	4	1	3	3	3	4	4	3	1	3	1	3	2	1	1	2	3	3	3	3	3	4	1	1	3	1	1
Paw-14	Paw-14	0	2	1	3	1	2	1	1	2	2	4	1	1	4	2	3	4	1	2	4	5	2	9	9	1	4	2	1	4	3	1	1	3	3	4	2	1	4	1	2	1	3	2	3	1	4	1	1	3	1	6	3	0	9	9	2	1	4	1	9	0	3	4	2	1	3	2	1	3	6	7	7	7	9	6	1	4	1	4	7	2	3	10	3	3	1	4	2	3	1	1	1	9	3	3	1	4	4	4	2	3	1	2	4	3	0	2	1	2	0	1	1	3	4	4	3	4	4	1	3	3	3	4	4	3	1	3	1	3	2	1	1	2	6	3	6	3	6	9	1	3	1	1	3
Paw-15	Paw-15	3	2	1	3	1	2	1	1	2	2	4	1	1	4	2	3	4	1	2	4	2	2	4	4	1	4	3	1	2	3	2	1	3	4	2	4	1	4	3	4	1	3	2	3	1	4	1	1	3	1	1	3	3	2	4	2	1	4	1	4	3	3	4	2	1	3	2	3	3	1	4	1	4	2	1	1	4	1	4	4	2	1	4	3	3	1	4	2	3	1	1	1	4	3	3	1	4	4	4	2	3	1	2	4	3	0	2	1	2	4	4	1	3	4	4	3	4	4	1	3	3	3	4	4	3	1	3	1	3	2	1	1	2	3	3	3	3	3	4	1	1	3	1	1
Paw-16	Paw-16	3	2	1	3	1	2	1	1	2	2	4	1	1	4	2	3	4	1	2	4	2	2	4	4	1	4	3	1	2	3	2	1	3	4	2	4	1	4	3	4	1	3	2	3	1	4	1	1	3	1	1	3	3	2	4	2	1	4	1	4	3	3	4	2	1	3	2	3	3	1	4	1	4	2	1	1	4	1	4	4	2	1	4	3	3	1	4	2	3	1	1	1	4	3	3	1	4	4	4	2	3	1	2	4	3	0	2	1	2	4	4	1	3	4	4	3	4	4	1	3	3	3	4	4	3	1	3	1	3	2	1	1	2	3	3	3	3	3	4	1	1	3	1	1
Paw-17	Paw-17	3	2	1	3	1	2	1	1	2	2	4	1	1	4	2	3	4	1	2	4	2	2	4	4	1	4	3	1	2	3	2	1	3	4	2	4	1	4	3	4	1	3	2	3	1	4	1	1	3	1	1	3	3	2	4	2	1	4	1	4	3	3	4	2	1	3	0	3	3	1	4	1	4	2	1	1	4	1	4	4	2	1	4	3	3	1	4	2	3	1	1	1	4	3	3	1	4	4	4	2	3	1	2	4	3	0	2	1	2	4	4	1	3	4	4	3	4	4	1	3	3	3	4	4	3	1	3	1	3	2	1	1	2	3	3	3	3	3	4	1	1	3	1	1
Paw-18	Paw-18	3	2	1	3	1	2	1	1	2	2	4	1	1	4	2	3	4	1	2	4	2	2	4	4	1	4	3	1	2	3	2	1	3	4	2	4	1	4	3	4	1	3	2	3	1	4	1	1	3	1	1	3	3	2	4	2	1	4	1	4	3	3	4	2	1	3	2	3	3	1	4	1	4	2	1	1	4	1	4	4	2	1	4	3	3	1	4	2	3	1	1	1	4	3	3	1	4	4	4	2	3	1	2	4	3	0	2	1	2	4	4	1	3	4	4	3	4	4	1	3	3	3	4	4	3	1	3	1	3	2	1	1	2	3	3	3	3	3	4	1	1	3	1	1
Paw-19	Paw-19	3	2	1	3	1	2	1	1	2	2	4	1	1	4	2	3	4	1	2	4	2	2	4	4	1	4	3	1	2	3	2	1	3	4	2	4	1	4	3	4	1	3	2	3	1	4	1	1	3	1	1	3	3	2	4	2	1	4	1	4	3	3	4	2	1	3	0	3	3	1	4	1	4	2	1	1	4	1	4	4	2	1	4	3	3	1	4	2	3	1	1	1	4	3	3	1	4	4	4	2	3	1	2	4	3	0	2	1	2	4	4	1	3	4	4	3	4	4	1	3	3	3	4	4	3	1	3	1	3	2	1	1	2	3	3	3	3	3	4	1	1	3	1	1
Paw-20	Paw-20	3	2	1	3	1	2	1	1	2	2	4	1	1	4	2	3	4	1	2	4	2	2	4	4	1	4	3	1	2	3	2	1	3	4	2	4	1	4	3	4	1	3	2	3	1	4	1	1	3	1	1	3	3	2	4	2	1	4	1	4	3	3	4	2	1	3	2	3	3	1	4	1	4	2	1	1	4	1	4	4	2	1	4	3	3	1	4	2	3	1	1	1	4	3	3	1	4	4	4	2	3	1	2	4	3	4	2	1	2	4	4	1	3	4	4	3	4	4	1	3	3	3	4	4	3	1	3	1	3	2	1	1	2	3	3	3	3	3	4	1	1	3	1	1
Paw-21	Paw-21	0	2	1	4	3	4	1	1	2	2	2	1	1	4	2	3	3	1	2	4	1	2	2	2	1	4	2	1	4	3	1	1	3	3	4	2	1	4	1	2	1	1	3	3	3	2	1	1	3	3	3	3	1	4	2	2	1	4	1	2	1	3	4	2	2	3	2	1	3	3	1	4	1	4	3	1	4	1	4	1	2	3	3	3	3	1	2	2	1	1	2	1	2	3	3	1	4	2	4	4	3	3	4	4	1	9	3	4	1	2	1	2	1	2	4	3	2	2	3	3	4	3	4	3	1	3	3	3	3	2	3	2	2	1	3	1	3	1	2	1	3	1	1	3
Paw-24	Paw-24	3	2	1	3	1	2	1	1	2	2	4	1	1	4	2	3	4	1	2	4	2	2	4	4	1	4	3	1	2	3	2	1	3	4	2	4	1	4	3	4	1	3	2	3	1	4	1	1	3	1	1	3	3	2	4	2	1	4	1	4	3	3	4	2	1	3	0	3	3	1	4	1	4	2	1	1	4	1	4	4	2	1	4	3	3	1	4	2	3	1	1	1	4	3	3	1	4	4	4	2	3	0	2	4	3	4	2	1	2	4	4	1	3	4	4	3	4	4	1	3	3	3	4	4	3	1	3	1	3	2	1	1	2	3	3	3	3	3	4	1	1	3	1	1
Paw-25	Paw-25	3	2	1	3	1	2	1	1	2	2	4	1	1	4	2	3	4	1	2	4	2	2	4	4	1	4	3	1	2	3	2	1	3	4	2	4	1	4	3	4	1	3	2	3	1	4	1	1	3	1	1	3	3	2	4	2	1	4	1	4	3	3	4	2	1	3	2	3	3	1	4	1	4	2	1	1	4	1	4	4	2	1	4	3	3	1	4	2	3	1	1	1	4	3	3	1	4	4	4	2	3	1	2	4	3	4	2	1	2	4	4	1	3	4	4	3	4	4	1	3	3	3	4	4	3	1	3	1	3	2	1	1	2	3	3	3	3	3	4	1	1	3	1	1
Paw-26	Paw-26	1	2	1	4	3	4	1	1	2	2	2	1	0	4	2	3	4	2	2	2	1	2	4	4	3	4	2	1	2	1	2	1	3	4	4	2	1	2	3	4	1	1	2	3	3	4	1	3	3	3	3	3	1	4	2	2	1	4	1	4	3	3	4	4	1	4	1	1	3	3	4	4	1	4	3	1	4	1	4	1	2	3	3	3	3	1	2	2	1	1	1	1	2	3	3	1	4	2	4	4	8	3	9	0	3	0	2	1	2	4	4	2	1	2	4	3	2	2	3	3	4	3	4	3	1	3	3	3	3	2	3	2	2	1	3	1	3	1	2	1	3	1	1	3
Paw-27	Paw-27	1	1	1	3	3	2	3	1	2	3	2	3	1	4	2	3	4	2	2	2	1	2	4	4	3	4	2	1	2	1	2	1	3	4	4	2	1	2	3	4	1	1	2	3	3	4	1	3	3	1	1	3	3	2	4	2	1	4	1	4	3	3	4	4	1	4	1	1	3	3	4	1	1	2	3	1	4	1	4	4	4	1	3	3	3	1	4	2	3	1	1	1	4	3	3	3	4	2	4	4	2	3	2	3	3	0	2	1	2	4	4	1	3	4	4	2	4	4	1	3	3	3	4	4	3	1	3	1	3	2	3	1	2	3	3	3	3	3	4	1	1	3	1	1
Paw-29	Paw-29	0	2	1	3	1	2	1	1	2	2	4	1	1	4	2	3	4	1	2	4	2	2	4	4	1	4	3	1	2	3	2	1	3	4	2	4	1	4	3	4	1	3	2	3	1	4	1	1	3	1	1	3	3	2	4	2	1	4	1	4	3	3	4	2	1	3	2	3	3	1	4	1	4	2	1	1	4	1	4	4	2	1	4	3	3	1	4	2	3	1	1	1	4	3	3	1	4	4	4	2	3	1	2	0	3	0	0	1	2	4	4	1	3	4	4	3	4	4	1	3	3	3	4	4	0	1	3	1	3	2	1	1	2	3	3	3	3	3	4	1	1	3	1	1
Paw-30	Paw-30	3	2	1	3	1	2	1	1	2	2	4	1	1	4	2	3	4	1	2	4	2	2	4	4	1	4	3	1	2	3	2	1	3	4	2	4	1	4	3	4	1	3	2	3	1	4	1	1	3	1	1	3	3	2	4	2	1	4	1	4	3	3	4	2	1	3	2	3	3	1	4	1	4	2	1	1	4	1	4	4	2	1	4	3	3	1	4	2	3	1	1	1	4	3	3	1	4	4	4	2	3	1	2	4	3	4	2	1	2	4	4	1	3	4	4	3	4	4	1	3	3	3	4	4	3	1	3	1	3	2	1	1	2	3	3	3	3	3	4	1	1	3	1	1
Paw-31	Paw-31	0	2	1	4	3	4	1	1	2	2	2	1	1	4	2	3	3	1	2	4	1	2	2	2	1	4	2	1	4	3	1	1	3	3	4	2	1	4	1	2	1	1	3	3	3	2	1	1	3	3	3	3	1	4	2	2	1	4	1	2	1	3	4	2	2	3	2	1	3	3	1	4	1	4	3	1	4	1	4	1	2	3	3	3	3	1	2	2	1	1	2	1	2	3	3	1	4	2	4	4	3	3	4	4	1	0	3	4	1	2	1	2	1	2	4	3	2	2	3	3	4	3	4	3	1	3	3	3	3	2	3	2	2	1	3	1	3	1	2	1	3	1	1	3
Paw-32	Paw-32	1	1	1	3	3	2	3	1	2	3	2	3	1	4	2	3	4	2	2	2	1	2	4	4	3	4	2	1	2	1	2	1	3	4	4	2	1	2	3	4	1	1	2	3	3	4	1	3	3	1	1	3	3	2	4	2	1	4	1	4	3	3	4	4	1	4	1	1	3	3	4	1	1	2	3	1	4	1	4	4	4	1	3	3	3	1	4	2	3	1	1	1	4	3	3	3	4	2	4	4	2	3	2	3	3	4	2	1	2	4	4	1	3	4	4	2	4	4	1	3	3	3	4	4	3	1	3	1	3	2	3	1	2	3	3	3	3	3	4	1	1	3	1	1
Paw-33	Paw-33	3	2	1	3	1	2	1	1	2	2	4	1	1	4	2	3	4	1	2	4	2	2	4	4	1	4	3	1	2	3	2	1	3	4	2	4	1	4	3	4	1	3	2	3	1	4	1	1	3	1	1	3	3	2	4	2	1	4	1	4	3	3	4	2	1	3	0	3	3	1	4	1	4	2	1	1	4	1	4	4	2	1	4	3	3	1	4	2	3	1	1	1	4	3	3	1	4	4	4	2	3	1	2	4	3	4	2	1	2	4	4	1	3	4	4	3	4	4	1	3	3	3	4	4	3	1	3	1	3	2	1	1	2	3	3	3	3	3	4	1	1	3	1	1
Paw-36	Paw-36	3	2	1	3	1	2	1	1	2	2	4	1	1	4	2	3	4	1	2	4	0	2	4	4	1	4	3	1	2	3	2	1	3	4	2	4	1	4	3	4	1	3	2	3	1	4	1	1	3	1	1	3	3	2	4	2	1	4	1	4	3	3	4	2	1	3	2	3	3	1	4	1	4	2	1	1	4	1	4	4	2	1	4	3	3	1	4	2	3	1	1	1	4	3	3	1	4	4	4	2	3	1	2	4	3	4	2	1	2	4	4	1	3	4	4	3	4	4	1	3	3	3	4	4	3	1	3	1	3	2	1	1	2	3	3	3	3	3	4	1	1	3	1	1
Paw-39	Paw-39	1	1	1	3	3	2	3	1	2	3	2	3	1	4	2	3	4	2	2	2	1	2	4	4	0	4	2	1	2	1	2	1	3	4	4	2	1	2	3	4	1	1	2	3	3	4	1	3	3	1	1	3	3	2	4	2	1	4	1	4	3	3	4	4	1	4	1	1	3	3	4	1	1	2	3	1	4	1	4	4	4	1	3	3	3	1	4	2	3	1	1	1	4	3	3	3	4	2	4	4	2	3	2	3	3	4	2	1	2	4	4	1	3	4	4	2	4	4	1	3	3	3	4	4	3	1	3	1	3	2	3	1	2	3	3	3	3	3	4	1	1	3	1	1
Paw-40	Paw-40	3	2	1	3	1	2	1	1	2	2	9	1	1	4	2	3	0	1	2	4	2	2	4	4	1	4	3	1	2	3	2	1	3	4	2	4	1	4	3	4	1	3	3	3	3	2	1	1	3	1	1	3	3	2	4	2	1	4	1	4	3	3	4	2	1	3	2	3	3	1	4	4	1	4	3	1	4	1	4	1	2	3	3	3	3	1	2	2	1	1	0	1	4	3	3	1	4	4	4	2	3	1	2	4	1	4	0	4	2	9	7	2	1	2	4	3	2	2	3	3	4	3	4	3	1	1	3	1	3	2	1	1	2	3	3	3	3	3	4	1	1	3	1	1
Paw-42	Paw-42	0	1	1	3	3	2	3	1	2	3	2	3	1	4	2	3	4	2	2	2	0	2	4	4	3	4	2	1	2	1	2	1	3	4	4	2	1	2	3	4	1	1	2	3	3	4	1	3	3	1	6	3	3	4	4	2	1	4	1	4	3	3	4	4	1	4	1	0	3	3	4	1	1	2	3	1	4	1	4	4	4	1	3	3	3	1	4	2	3	1	5	1	4	3	3	3	4	2	4	4	2	3	2	3	6	4	2	1	2	4	4	1	3	4	4	2	4	4	1	3	3	3	4	4	3	1	3	1	3	2	3	1	2	3	3	3	3	3	4	1	1	3	1	1
Paw-43	Paw-43	0	2	0	3	1	2	1	1	0	2	4	1	1	4	2	3	4	1	2	4	2	2	4	4	3	4	2	1	2	1	2	1	3	4	4	2	1	2	3	4	1	1	2	3	3	4	1	3	3	1	3	3	1	4	0	4	2	2	1	4	3	3	4	0	1	4	1	1	3	3	4	1	4	2	1	1	4	1	4	4	2	1	3	3	1	1	4	2	3	1	2	1	4	3	3	3	4	2	4	4	2	0	2	3	1	9	2	1	2	4	4	1	3	4	4	2	4	4	1	3	3	3	4	4	3	1	3	1	3	2	1	1	2	3	3	3	3	3	4	1	1	3	1	1
Paw-44	Paw-44	0	2	1	3	1	2	1	1	2	2	4	1	1	4	2	3	4	1	2	4	2	2	4	4	1	4	3	1	2	3	2	1	3	4	2	4	1	4	3	4	1	3	2	3	1	4	1	1	3	1	1	3	3	2	0	0	1	4	1	4	3	3	4	0	1	3	2	0	3	1	4	1	4	2	1	1	4	1	4	4	2	1	4	0	3	1	4	2	3	1	1	1	4	3	3	1	4	4	4	2	3	0	2	4	3	0	0	1	2	4	4	1	3	4	4	3	4	4	1	3	3	3	4	4	0	1	3	1	3	2	1	0	2	3	3	3	3	3	4	1	1	3	1	1
Paw-45	Paw-45	0	1	1	3	3	2	3	1	2	3	2	3	1	4	2	3	4	2	2	2	1	2	4	4	3	4	2	1	2	1	2	1	3	4	4	2	1	2	3	4	1	1	2	3	3	4	1	3	3	1	1	3	3	2	4	2	1	4	1	4	3	3	4	4	1	4	1	1	3	3	4	1	1	2	3	1	4	1	4	4	4	1	3	3	3	1	4	2	3	1	1	1	4	3	3	3	4	2	4	4	2	3	2	3	3	0	2	1	2	4	4	1	3	4	4	2	4	4	1	3	3	3	4	4	3	1	3	1	3	2	3	1	2	3	3	3	3	3	4	1	1	3	1	1
Paw-48	Paw-48	0	1	1	3	3	2	3	1	2	3	2	3	1	4	2	3	4	2	2	2	1	2	4	4	3	4	2	1	2	1	5	1	3	4	4	0	1	2	3	2	6	6	8	3	3	4	1	3	3	1	1	3	3	9	0	2	1	4	1	4	3	3	4	4	1	4	1	1	3	3	4	1	1	2	3	1	4	1	4	4	9	1	3	3	3	1	4	2	3	1	1	1	4	3	3	3	4	2	4	4	2	0	2	3	3	0	0	1	2	4	4	5	0	4	4	2	4	9	1	6	10	3	4	4	3	1	3	1	3	2	3	0	4	3	3	1	3	1	4	1	1	1	1	1
Paw-51	Paw-51	0	2	1	3	1	2	1	1	2	2	4	1	1	4	2	3	4	1	2	4	2	2	4	4	1	4	3	1	2	3	2	1	3	4	2	4	1	4	3	4	1	3	2	3	1	4	1	1	3	1	1	3	3	2	4	9	1	4	1	4	3	3	4	2	1	3	0	3	3	1	4	1	4	2	1	1	4	1	4	4	2	1	4	3	3	1	4	2	3	1	1	1	4	3	3	1	4	4	4	2	3	0	2	4	3	4	2	1	2	4	4	1	3	4	4	3	4	4	1	3	3	3	4	4	3	1	3	1	3	2	1	1	2	3	3	3	3	3	4	1	1	3	1	1
