strain	category	AtMSQTsnp 2	AtMSQTsnp 4	AtMSQTsnp 8	AtMSQTsnp 9	AtMSQTsnp 10	AtMSQTsnp 11	AtMSQTsnp 12	AtMSQTsnp 14	AtMSQTsnp 15	AtMSQTsnp 18	AtMSQTsnp 21	AtMSQTsnp 22	AtMSQTsnp 27	AtMSQTsnp 29	AtMSQTsnp 30	AtMSQTsnp 31	AtMSQTsnp 33	AtMSQTsnp 38	AtMSQTsnp 40	AtMSQTsnp 41	AtMSQTsnp 47	AtMSQTsnp 48	AtMSQTsnp 49	AtMSQTsnp 53	AtMSQTsnp 54	AtMSQTsnp 57	AtMSQTsnp 58	AtMSQTsnp 60	AtMSQTsnp 61	AtMSQTsnp 62	AtMSQTsnp 63	AtMSQTsnp 65	AtMSQTsnp 67	AtMSQTsnp 69	AtMSQTsnp 73	AtMSQTsnp 76	AtMSQTsnp 85	AtMSQTsnp 87	AtMSQTsnp 88	AtMSQTsnp 90	AtMSQTsnp 91	AtMSQTsnp 92	AtMSQTsnp 97	AtMSQTsnp 100	AtMSQTsnp 101	AtMSQTsnp 104	AtMSQTsnp 108	AtMSQTsnp 114	AtMSQTsnp 118	AtMSQTsnp 123	AtMSQTsnp 126	AtMSQTsnp 128	AtMSQTsnp 129	AtMSQTsnp 130	AtMSQTsnp 132	AtMSQTsnp 138	AtMSQTsnp 140	AtMSQTsnp 142	AtMSQTsnp 143	AtMSQTsnp 145	AtMSQTsnp 146	AtMSQTsnp 155	AtMSQTsnp 156	AtMSQTsnp 159	AtMSQTsnp 164	AtMSQTsnp 169	AtMSQTsnp 170	AtMSQTsnp 173	AtMSQTsnp 174	AtMSQTsnp 177	AtMSQTsnp 184	AtMSQTsnp 186	AtMSQTsnp 187	AtMSQTsnp 188	AtMSQTsnp 189	AtMSQTsnp 191	AtMSQTsnp 194	AtMSQTsnp 197	AtMSQTsnp 198	AtMSQTsnp 203	AtMSQTsnp 205	AtMSQTsnp 214	AtMSQTsnp 220	AtMSQTsnp 222	AtMSQTsnp 223	AtMSQTsnp 231	AtMSQTsnp 232	AtMSQTsnp 235	AtMSQTsnp 237	AtMSQTsnp 242	AtMSQTsnp 244	AtMSQTsnp 249	AtMSQTsnp 254	AtMSQTsnp 260	AtMSQTsnp 263	AtMSQTsnp 266	AtMSQTsnp 267	AtMSQTsnp 274	AtMSQTsnp 278	AtMSQTsnp 279	AtMSQTsnp 281	AtMSQTsnp 282	AtMSQTsnp 285	AtMSQTsnp 286	AtMSQTsnp 288	AtMSQTsnp 292	AtMSQTsnp 294	AtMSQTsnp 300	AtMSQTsnp 304	AtMSQTsnp 306	AtMSQTsnp 307	AtMSQTsnp 310	AtMSQTsnp 312	AtMSQTsnp 315	AtMSQTsnp 321	AtMSQTsnp 323	AtMSQTsnp 325	AtMSQTsnp 327	AtMSQTsnp 331	AtMSQTsnp 334	AtMSQTsnp 343	AtMSQTsnp 350	AtMSQTsnp 351	AtMSQTsnp 355	AtMSQTsnp 358	AtMSQTsnp 359	AtMSQTsnp 360	AtMSQTsnp 361	AtMSQTsnp 368	AtMSQTsnp 370	AtMSQTsnp 372	AtMSQTsnp 373	AtMSQTsnp 378	AtMSQTsnp 379	AtMSQTsnp 388	AtMSQTsnp 390	AtMSQTsnp 392	AtMSQTsnp 394	AtMSQTsnp 395	AtMSQTsnp 397	AtMSQTsnp 398	AtMSQTsnp 399	AtMSQTsnp 404	AtMSQTsnp 406	AtMSQTsnp 408	AtMSQTsnp 409	AtMSQTsnp 410	AtMSQTsnp 412	AtMSQTsnp 415
UKNW06-212	UKNW06-212	1	1	1	3	1	4	1	4	2	0	4	3	1	0	2	3	5	3	4	1	4	0	0	0	0	3	4	0	2	3	1	3	0	7	2	3	4	0	3	2	3	0	4	3	3	0	1	3	10	3	4	4	4	1	2	2	2	3	4	0	2	10	2	6	1	0	4	1	1	2	3	1	4	0	0	4	4	1	0	0	6	0	0	0	2	6	3	0	1	4	3	3	4	2	0	4	2	3	2	3	4	3	0	0	0	4	2	1	0	3	0	0	1	3	4	1	0	10	0	0	3	1	2	1	1	9	3	0	0	4	2	1	2	3	1	0	1	0	3
UKNW06-213	UKNW06-213	1	1	1	0	1	4	1	4	2	3	4	3	1	1	2	3	2	3	4	1	4	2	2	3	4	3	4	1	2	3	1	3	4	4	2	3	4	3	3	2	3	1	4	3	3	1	1	3	3	3	4	4	4	1	2	2	2	3	4	4	2	3	2	3	1	1	4	1	1	2	3	1	4	1	4	4	4	1	1	4	1	0	1	2	2	1	3	1	1	4	3	3	4	2	4	4	2	3	2	3	4	3	4	1	0	4	2	1	2	3	2	4	1	3	4	1	3	0	3	3	3	1	2	1	1	4	3	1	3	4	2	1	2	3	1	4	1	1	3
UKNW06-401	UKNW06-401	3	2	1	3	3	2	3	1	2	3	2	3	1	4	2	3	2	2	2	1	4	2	4	3	4	3	1	1	2	1	3	3	4	4	2	3	4	1	1	2	3	1	4	1	1	3	3	3	4	1	4	4	4	2	2	1	2	3	4	2	2	4	2	1	3	3	4	1	1	2	3	1	4	3	4	4	4	1	1	4	3	1	1	2	2	3	3	2	2	4	4	1	4	4	4	2	2	3	2	1	4	2	1	1	4	4	2	3	4	2	2	2	3	1	4	3	4	0	1	1	3	3	2	1	2	2	3	1	3	3	3	3	2	1	1	2	1	1	1
UKNW06-403	UKNW06-403	3	2	1	4	1	2	1	4	4	2	2	3	1	4	4	3	2	3	2	1	4	2	4	3	4	2	1	3	2	3	3	4	2	1	4	3	4	1	1	2	3	3	2	1	1	3	3	3	3	3	4	4	4	2	4	1	2	3	4	4	1	4	2	1	3	3	4	1	1	2	3	1	1	3	2	1	4	1	3	4	3	1	3	2	2	3	1	2	2	4	3	3	2	2	4	4	2	3	2	3	4	2	1	2	4	4	2	3	4	2	4	2	1	1	3	1	4	4	1	3	3	3	2	3	2	2	3	3	1	3	3	1	2	1	1	2	3	1	1
UKNW06-404	UKNW06-404	3	2	1	4	1	2	1	4	4	2	2	3	1	4	4	3	2	3	2	1	4	2	4	3	4	2	1	3	2	3	3	4	2	1	4	3	4	1	1	2	3	3	2	1	1	3	3	3	3	3	4	4	4	2	4	1	2	3	4	4	1	4	2	1	3	3	4	1	1	2	3	1	1	3	2	1	4	1	3	4	3	1	3	2	2	3	1	2	2	4	3	3	2	2	4	4	2	3	2	3	4	2	1	2	4	4	2	3	4	2	4	2	1	1	3	1	4	4	1	3	3	0	2	3	2	2	3	3	1	3	3	1	2	1	1	2	3	1	1
UKNW06-406	UKNW06-406	3	2	1	4	1	2	1	4	4	2	2	3	1	4	4	3	2	3	2	1	4	2	4	3	4	2	1	3	2	3	3	4	2	1	4	3	4	1	1	2	3	3	2	1	1	3	3	3	3	3	4	4	4	2	4	1	2	3	4	4	1	4	2	1	3	3	4	1	1	2	3	1	1	3	2	1	4	1	3	4	3	1	3	2	2	3	1	2	2	4	3	3	2	2	4	4	2	3	2	3	4	2	1	2	4	4	2	3	4	2	4	2	1	1	3	1	4	4	1	3	3	1	2	3	2	2	3	3	1	3	3	1	2	1	1	2	3	1	1
UKNW06-407	UKNW06-407	3	1	3	4	3	4	3	1	4	2	4	1	1	1	4	4	1	2	2	2	4	4	4	3	4	3	1	1	1	3	3	4	4	1	2	3	4	1	3	3	3	1	4	1	1	3	3	3	3	3	4	4	2	2	4	1	2	1	2	2	2	4	1	3	1	3	4	1	1	4	3	1	1	3	4	4	4	3	1	3	3	1	3	4	2	3	1	1	1	2	3	3	2	2	4	2	2	3	4	1	4	2	4	2	4	1	2	3	4	2	2	2	3	1	3	3	4	3	1	1	1	0	2	3	2	2	3	1	3	3	3	1	4	1	3	4	3	1	1
UKNW06-408	UKNW06-408	3	1	3	4	3	4	3	1	4	2	4	1	1	1	4	4	1	2	2	2	4	4	4	3	4	3	1	1	1	3	3	4	4	1	2	3	4	1	3	3	3	1	4	1	1	3	3	3	3	3	4	4	2	2	4	1	2	1	2	2	2	4	1	3	1	3	4	1	1	4	3	1	1	3	4	4	4	3	1	3	3	1	3	4	2	3	1	1	1	2	3	3	2	2	4	2	2	3	4	1	4	2	4	2	4	1	2	3	4	2	2	2	3	1	3	3	4	0	1	1	1	1	2	3	0	2	3	1	3	3	3	1	4	1	3	4	3	1	1
UKNW06-410	UKNW06-410	3	1	1	4	1	2	3	4	4	2	4	3	1	4	4	3	1	2	2	1	4	4	4	1	4	2	4	1	2	3	3	4	4	1	4	3	4	1	1	2	3	1	4	1	1	3	3	3	4	1	4	4	4	2	2	2	2	3	4	2	1	4	2	1	3	3	4	1	1	2	3	1	4	3	4	4	4	3	1	3	3	1	3	2	2	3	3	2	2	4	4	1	4	4	4	2	2	3	2	3	4	2	4	2	0	4	2	3	2	2	2	2	1	1	3	1	4	4	1	1	1	1	2	1	0	2	3	1	3	3	3	3	2	1	1	2	1	1	1
UKNW06-411	UKNW06-411	3	1	1	4	1	2	3	4	4	2	9	3	1	4	4	3	1	2	2	1	4	4	4	1	4	2	4	1	2	3	3	4	4	1	4	3	4	1	1	2	3	1	4	1	1	3	3	3	4	1	4	4	4	2	2	2	2	3	4	2	1	4	2	1	3	3	4	1	1	2	3	1	4	3	4	4	4	3	1	3	3	1	3	2	2	3	3	2	2	4	4	1	4	4	4	2	2	3	2	3	4	2	4	2	4	4	2	3	2	2	2	2	1	1	3	1	4	4	1	1	1	1	2	1	0	2	3	1	3	3	3	3	2	1	1	2	1	1	1
UKNW06-412	UKNW06-412	3	1	1	0	1	2	3	4	4	2	2	3	1	4	4	3	1	2	2	1	4	4	4	1	4	2	4	1	2	3	3	4	4	1	4	3	4	1	1	2	3	1	4	1	1	3	3	3	4	1	4	4	4	2	2	2	2	3	4	2	1	4	2	1	3	3	4	1	1	2	3	1	4	3	4	4	4	3	1	3	3	1	3	2	2	3	3	2	2	4	4	1	4	4	4	2	2	3	2	3	4	2	4	2	4	4	2	3	2	2	2	2	1	1	3	1	4	4	1	1	1	1	2	1	2	2	3	1	3	3	3	3	2	1	1	2	1	1	1
UKNW06-413	UKNW06-413	3	1	1	0	1	2	3	4	4	2	4	3	1	4	4	3	1	2	2	1	4	4	4	0	4	2	4	1	2	3	3	4	4	1	4	3	4	1	1	2	3	1	4	1	1	3	3	3	4	1	4	4	4	2	2	2	2	3	4	2	1	4	2	1	3	3	4	1	1	2	3	1	4	3	4	4	4	3	1	3	3	1	3	2	2	3	3	2	2	4	4	1	4	4	4	2	2	3	2	3	4	2	4	2	4	4	2	3	2	2	2	2	1	1	3	1	4	4	1	1	1	1	2	1	2	2	3	1	3	3	3	3	2	1	1	2	1	1	1
UKNW06-414	UKNW06-414	3	1	1	4	1	2	3	4	4	2	2	3	1	4	4	3	1	2	2	1	4	4	4	1	4	2	4	1	2	3	3	4	4	1	4	3	4	1	1	2	3	1	4	1	1	3	3	3	4	1	4	4	4	2	2	2	2	3	4	2	1	4	2	1	3	3	4	1	1	2	3	1	4	3	4	4	4	3	1	3	3	1	3	2	2	3	3	2	2	4	4	1	4	4	4	2	2	3	2	3	4	2	4	2	4	4	2	3	2	2	2	2	1	1	3	1	4	4	1	1	1	1	2	1	2	2	3	1	3	3	3	3	2	1	1	2	1	1	1
UKNW06-415	UKNW06-415	3	1	1	4	1	2	3	4	4	2	0	3	1	4	4	3	1	2	2	1	4	4	4	1	4	2	4	1	2	3	3	4	4	1	4	3	4	1	1	2	3	1	4	1	1	3	3	3	4	1	4	4	4	2	2	2	2	3	4	2	1	4	2	1	3	3	4	1	1	2	3	1	4	3	4	4	4	3	1	3	3	1	3	2	2	3	3	2	2	4	4	1	4	4	4	2	2	3	2	3	4	2	4	2	4	4	2	3	2	2	2	2	1	1	3	1	4	4	1	1	0	1	2	1	2	2	3	1	3	3	3	3	2	1	0	2	1	1	1
UKNW06-416	UKNW06-416	3	1	1	4	1	2	3	4	4	2	0	3	1	4	4	3	1	2	2	1	4	4	4	1	4	2	4	1	2	3	3	4	4	1	4	3	4	1	1	2	3	1	4	1	1	3	3	3	4	1	4	4	4	2	2	2	2	3	4	2	1	4	2	1	3	3	4	1	1	2	3	1	4	3	4	4	4	3	1	3	3	1	3	2	2	3	3	2	2	4	4	1	4	4	4	2	2	3	2	3	4	2	4	2	4	4	2	3	2	2	2	2	1	1	3	1	4	4	1	1	1	1	2	1	2	2	3	1	3	3	3	3	2	1	1	2	1	1	1
UKNW06-417	UKNW06-417	3	2	3	3	1	2	3	4	4	2	4	3	1	4	2	3	1	2	4	2	2	4	4	1	4	2	1	3	2	1	3	4	2	1	2	3	4	1	1	2	3	3	4	1	1	3	3	3	3	1	4	4	2	1	2	2	2	3	4	2	2	4	2	1	3	3	4	1	1	2	3	1	4	3	2	4	2	3	1	3	3	1	3	4	2	3	1	2	2	4	3	1	4	2	1	4	2	3	2	3	4	2	1	2	2	1	2	1	4	2	4	2	1	1	4	1	4	4	1	1	3	1	3	3	0	4	3	3	1	4	3	1	2	1	1	2	1	1	1
UKNW06-418	UKNW06-418	1	1	3	4	1	4	3	4	2	2	2	3	3	4	2	4	1	2	4	1	4	2	2	3	4	3	1	1	2	3	3	4	2	1	2	3	4	1	1	3	3	1	4	1	1	1	3	3	4	3	4	4	2	2	2	2	4	3	4	2	1	3	1	3	3	1	4	4	4	2	3	1	1	1	4	1	2	3	3	4	1	1	1	2	2	3	1	2	1	2	4	1	2	2	4	4	2	3	2	1	4	2	1	1	4	1	2	3	4	2	2	4	1	3	4	1	4	4	3	1	3	1	2	1	2	2	1	1	1	3	2	1	2	3	3	4	1	1	1
UKNW06-419	UKNW06-419	1	1	3	4	1	4	3	4	2	2	2	3	3	4	2	4	1	2	4	1	4	2	2	3	4	3	1	1	2	3	3	4	2	1	2	3	4	1	1	3	3	1	4	1	1	1	3	3	4	3	4	4	2	2	2	2	4	3	4	2	1	3	1	3	3	1	4	4	4	2	3	1	1	1	4	1	2	3	3	4	1	1	1	2	2	3	1	2	1	2	4	1	2	2	4	4	2	3	2	1	4	2	1	1	4	1	2	3	4	2	2	4	1	3	4	1	4	4	3	1	3	1	2	1	2	2	1	1	1	3	2	1	2	3	3	4	1	1	1
UKNW06-420	UKNW06-420	1	1	3	4	1	4	3	4	2	2	2	3	3	4	2	4	1	2	4	1	4	2	2	3	4	3	1	1	2	3	3	4	2	1	2	3	4	1	1	3	3	1	4	1	1	1	3	3	4	3	4	4	2	2	2	2	4	3	4	2	1	3	1	3	3	1	4	4	4	2	3	1	1	1	4	1	2	3	3	4	1	1	1	2	2	3	1	2	1	2	4	1	2	2	4	4	2	3	2	1	4	2	1	1	4	1	2	3	4	2	2	4	1	3	4	1	4	4	3	1	3	1	2	1	2	2	1	1	1	3	2	1	2	3	3	4	1	1	1
UKNW06-421	UKNW06-421	3	2	1	0	1	2	1	4	4	2	2	3	1	4	4	3	2	3	2	1	4	2	4	3	4	2	1	3	2	3	3	4	2	1	4	3	4	1	1	2	3	3	2	1	1	3	3	3	3	3	4	4	4	2	4	1	2	3	4	4	1	4	2	1	3	3	4	1	1	2	3	1	1	3	2	1	4	1	3	4	3	1	3	2	2	3	1	2	2	4	3	3	2	2	4	4	2	3	2	3	4	2	1	2	4	4	2	3	4	2	4	2	1	1	3	1	4	4	1	3	3	1	2	3	0	2	3	3	1	3	3	1	2	1	1	2	3	1	1
UKNW06-422	UKNW06-422	3	2	1	4	1	2	1	4	4	2	2	3	1	4	4	3	2	3	2	1	4	2	4	3	4	2	1	3	2	3	3	4	2	1	4	3	4	1	1	2	3	3	2	1	1	3	3	3	3	3	4	4	4	2	4	1	2	3	4	4	1	4	2	1	3	3	4	1	1	2	3	1	1	3	2	1	4	1	3	4	3	1	3	2	2	3	1	2	2	4	3	3	2	2	4	4	2	3	2	3	4	2	1	2	4	4	2	3	4	2	4	2	1	1	3	1	4	4	1	3	3	3	2	3	2	2	3	3	1	3	3	1	2	1	1	2	3	1	1
UKNW06-423	UKNW06-423	3	2	1	0	1	2	1	4	4	2	2	3	1	4	4	3	2	3	2	1	4	2	4	3	4	2	1	3	2	3	3	4	2	1	4	3	4	1	1	2	3	3	2	1	1	3	3	3	3	3	4	4	4	2	4	1	2	3	4	4	1	4	2	1	3	3	4	1	1	2	3	1	1	3	2	1	4	1	3	4	3	1	3	2	2	3	1	2	2	4	3	3	2	2	4	4	2	3	2	3	4	2	1	2	4	4	2	3	4	2	4	2	1	1	3	1	4	4	1	3	3	0	2	3	2	2	3	3	1	3	3	1	2	1	1	2	3	1	1
UKNW06-425	UKNW06-425	3	2	1	0	1	2	1	4	2	2	2	3	1	4	2	3	1	2	2	1	2	4	2	1	4	2	4	1	1	1	3	3	2	4	2	3	4	1	1	2	3	1	4	1	3	3	1	1	4	1	2	4	0	2	4	1	4	3	4	4	2	3	1	1	3	3	1	1	1	4	3	1	4	1	2	4	4	1	3	4	1	1	1	4	2	3	1	2	1	4	3	1	2	4	1	2	2	1	2	1	4	2	1	1	2	4	2	3	2	3	4	2	3	1	4	3	4	0	3	1	3	3	2	3	1	2	3	3	3	3	2	1	2	1	3	2	3	1	1
UKNW06-426	UKNW06-426	3	2	1	0	1	2	1	4	4	2	2	3	1	4	4	3	2	3	2	1	2	4	4	1	4	2	1	1	2	1	1	4	2	4	2	3	4	1	3	2	1	3	4	1	1	3	3	3	3	1	4	2	2	2	2	2	2	3	4	4	2	4	2	1	3	3	4	1	1	4	3	1	4	3	2	1	4	1	3	4	1	3	1	2	2	3	1	2	2	4	3	1	2	2	4	2	2	1	4	1	4	2	1	2	2	4	2	3	2	3	4	2	1	1	4	1	4	4	1	1	0	1	3	1	0	2	3	3	1	3	3	1	2	1	1	2	3	1	1
UKNW06-427	UKNW06-427	3	2	1	0	1	2	1	4	4	2	2	3	1	4	4	3	2	3	2	1	2	4	4	1	4	2	1	1	2	1	1	4	2	4	2	3	4	1	3	2	1	3	4	1	1	3	3	3	3	1	4	2	2	2	2	2	2	3	4	4	2	4	2	1	3	3	4	1	1	4	3	1	4	3	2	1	4	1	3	4	1	3	1	2	2	3	1	2	2	4	3	1	2	2	4	2	2	1	4	1	4	2	1	2	2	4	2	3	2	3	4	2	1	1	4	1	4	4	1	1	0	1	3	1	2	2	3	3	1	3	3	1	2	1	1	2	3	1	1
UKNW06-428	UKNW06-428	3	1	3	0	3	4	3	1	4	2	4	1	1	1	4	0	1	0	2	2	4	0	4	0	4	3	1	1	1	3	3	0	0	1	2	3	4	1	3	3	3	0	4	1	1	0	3	0	0	3	4	4	2	0	0	1	2	1	2	2	2	4	1	3	1	0	4	1	0	0	3	0	1	0	0	0	4	3	1	3	3	1	3	4	0	3	1	1	1	0	0	3	0	2	4	0	2	3	4	0	4	2	4	2	4	0	2	3	4	2	0	0	3	1	3	3	0	0	1	1	0	0	0	3	2	2	3	0	3	0	3	1	4	1	0	0	3	1	1
UKNW06-429	UKNW06-429	3	1	3	0	3	4	3	1	4	2	4	1	1	1	4	4	1	2	2	2	4	4	4	3	4	3	1	1	1	3	3	4	4	1	2	3	4	1	3	3	3	1	4	1	1	3	3	3	3	3	4	4	2	2	4	1	2	1	2	2	2	4	1	3	1	3	4	1	1	4	3	1	1	3	4	4	4	3	1	3	3	1	3	4	2	3	1	1	1	2	3	3	2	2	4	2	2	3	4	1	4	2	4	2	4	1	2	3	4	2	2	2	3	1	3	3	4	0	1	1	1	1	2	3	2	2	3	1	3	3	3	1	4	1	3	4	3	1	1
UKNW06-430	UKNW06-430	3	1	3	4	3	4	3	1	4	2	4	1	1	1	4	4	1	2	2	2	4	4	4	3	4	3	1	1	1	3	3	4	4	1	2	3	4	1	3	3	3	1	4	1	1	3	3	3	3	3	4	4	2	2	4	1	2	1	2	2	2	4	1	3	1	3	4	1	1	4	3	1	1	3	4	4	4	3	1	3	3	1	3	4	2	3	1	1	1	2	3	3	2	2	4	2	2	3	4	1	4	2	4	2	4	1	2	3	4	2	2	2	3	1	3	3	4	0	1	1	1	3	2	3	2	2	3	1	3	3	3	1	4	1	3	4	3	1	1
UKNW06-431	UKNW06-431	3	1	3	0	3	4	3	1	4	2	4	1	1	1	4	4	1	2	2	2	4	4	4	3	4	3	1	1	1	3	3	4	4	1	2	3	4	1	3	3	3	1	4	1	1	3	3	3	3	3	4	4	4	2	4	1	2	1	2	2	2	4	1	3	1	3	4	1	1	4	3	1	1	3	4	4	4	3	1	3	3	1	3	4	2	3	1	1	1	2	3	3	2	2	4	2	2	3	4	1	4	2	4	2	4	1	2	3	4	2	2	2	3	1	3	3	4	0	1	1	1	1	2	3	2	2	3	1	3	3	3	1	4	1	3	4	3	1	1
UKNW06-432	UKNW06-432	3	1	3	0	3	4	3	1	4	2	4	1	1	1	4	4	1	2	2	2	4	4	4	3	4	3	1	1	1	3	3	4	4	1	2	3	4	1	3	3	3	1	4	1	1	3	3	3	3	3	4	4	2	2	4	1	2	1	2	2	2	4	1	3	1	3	4	1	1	4	3	1	1	3	4	4	4	3	1	3	3	1	3	4	2	3	1	1	1	2	3	3	2	2	4	2	2	3	4	1	4	2	4	2	4	1	2	3	4	2	2	2	3	1	3	3	4	0	1	1	1	0	2	3	2	2	3	1	3	3	3	1	4	1	3	4	3	1	1
UKNW06-433	UKNW06-433	3	1	3	4	3	4	3	1	4	2	4	1	1	1	4	4	1	2	2	2	4	4	4	3	4	3	1	1	1	3	3	4	4	1	2	3	4	1	3	3	3	1	4	1	1	3	3	3	3	3	4	4	2	2	4	1	2	1	2	2	2	4	1	3	1	3	4	1	1	4	3	1	1	3	4	4	4	3	1	3	3	1	3	4	2	3	1	1	1	2	3	3	2	2	4	2	2	3	4	1	4	2	4	2	4	1	2	3	4	2	2	2	3	1	3	3	4	0	1	1	1	0	2	3	2	2	3	1	3	3	3	1	4	1	3	4	3	1	1
UKNW06-434	UKNW06-434	3	1	3	0	3	4	3	1	4	2	4	1	1	1	4	4	1	2	2	2	4	4	4	3	4	3	1	1	1	3	3	4	4	1	2	3	4	1	3	3	3	1	4	1	1	3	3	3	3	3	4	4	2	2	4	1	2	1	2	2	2	4	1	3	1	3	4	1	1	4	3	1	1	3	4	4	4	3	1	3	3	1	3	4	2	3	1	1	1	2	3	3	2	2	4	2	2	3	4	1	4	2	4	2	4	1	2	3	4	2	2	2	3	1	3	3	4	0	1	1	1	0	2	3	2	2	3	1	3	3	3	1	4	1	3	4	3	1	1
UKNW06-436	UKNW06-436	3	1	3	4	3	4	3	4	4	3	9	3	3	4	4	3	1	2	2	2	2	4	4	1	4	2	1	1	1	1	1	4	4	4	4	3	2	1	3	3	3	3	4	3	3	1	3	3	3	1	4	4	4	1	2	2	2	3	4	2	2	3	1	3	3	1	4	1	1	2	3	1	1	1	4	4	4	1	3	3	1	1	1	2	2	1	1	1	1	4	4	1	2	2	4	4	3	1	2	3	4	2	1	2	4	1	2	1	4	2	4	2	3	1	3	3	3	4	3	3	1	1	3	1	2	4	3	1	3	4	2	1	2	3	1	2	1	1	3
UKNW06-438	UKNW06-438	3	1	3	0	3	4	3	4	4	3	0	3	3	4	4	3	1	2	2	2	2	4	4	1	4	2	1	1	1	1	1	4	4	4	4	3	2	1	3	3	3	3	4	3	3	1	3	3	3	1	4	4	4	1	2	2	2	3	4	2	2	3	1	3	3	1	4	1	1	2	3	1	1	1	4	4	4	1	3	3	1	1	1	2	2	1	1	1	1	4	4	1	2	2	4	4	3	1	2	3	4	2	1	2	4	1	2	1	4	2	4	2	3	1	3	3	3	4	3	3	1	0	3	1	0	4	3	1	3	4	2	1	2	3	1	2	1	1	3
UKNW06-439	UKNW06-439	3	1	3	0	3	4	3	4	4	3	4	3	3	4	4	3	1	2	2	2	2	4	4	1	4	2	1	1	1	1	1	4	4	4	4	3	2	1	3	3	3	3	4	3	3	1	3	3	3	1	4	4	4	1	2	2	2	3	4	2	2	3	1	3	3	1	4	1	1	2	3	1	1	1	4	4	4	1	3	3	1	1	1	2	2	1	1	1	1	4	4	1	2	2	4	4	3	1	2	3	4	2	1	2	4	1	2	1	4	2	4	2	3	1	3	3	3	4	3	3	1	1	3	1	2	4	3	1	3	4	2	1	2	3	1	2	1	1	3
UKNW06-441	UKNW06-441	3	1	3	0	3	4	3	4	4	3	4	3	3	4	4	3	1	2	2	2	2	4	4	1	4	2	1	1	1	1	1	4	4	4	4	3	2	1	3	3	3	3	4	3	3	1	3	3	3	1	4	4	4	1	2	2	2	3	4	2	2	3	1	3	3	1	4	1	1	2	3	1	1	1	4	4	4	1	3	3	1	1	1	2	2	1	1	1	1	4	4	1	2	2	4	4	3	1	2	3	4	2	1	2	4	1	2	1	4	2	4	2	3	1	3	3	3	4	3	3	1	3	3	1	0	4	3	1	3	4	2	1	2	3	1	2	1	1	3
UKNW06-442	UKNW06-442	3	2	1	4	3	4	3	4	4	2	4	1	1	4	2	3	1	3	2	1	4	4	4	1	4	2	1	3	2	1	3	3	2	4	2	3	4	1	3	2	3	3	2	1	3	3	3	1	3	1	2	4	2	2	4	1	4	3	4	2	2	4	2	1	1	3	4	4	1	2	1	1	4	3	4	1	2	1	1	4	1	3	1	4	2	3	1	2	2	4	3	3	4	2	1	4	2	1	2	3	2	2	1	1	2	4	2	1	4	2	0	2	3	3	3	1	4	0	3	1	0	3	3	1	2	4	1	1	3	3	3	3	4	1	3	2	3	1	3
UKNW06-443	UKNW06-443	3	1	3	4	3	4	3	4	4	3	0	3	3	4	4	3	1	2	2	2	2	4	4	1	4	2	1	1	1	1	1	4	4	4	4	3	2	1	3	3	3	3	4	3	3	1	3	3	3	1	4	4	4	1	2	2	2	3	4	2	2	3	1	3	3	1	4	1	1	2	3	1	1	1	4	4	4	1	3	3	1	1	1	2	2	1	1	1	1	4	4	1	2	2	0	4	3	1	2	3	4	2	1	2	4	1	2	1	4	2	4	2	3	1	3	3	3	4	3	3	1	0	3	1	0	4	3	1	3	4	2	1	2	3	1	2	1	1	3
UKNW06-444	UKNW06-444	3	1	3	4	3	4	3	4	4	3	0	3	3	4	4	3	1	2	2	2	2	4	4	1	4	2	1	1	1	1	1	4	4	4	4	3	2	1	3	3	3	3	4	3	3	1	3	3	3	1	4	4	4	1	2	2	2	3	4	2	2	3	1	3	3	1	4	1	1	2	3	1	1	1	4	4	4	1	3	3	1	1	1	2	2	1	1	1	1	4	4	1	2	2	4	4	3	1	2	3	4	2	1	2	4	1	2	1	4	2	4	2	3	1	3	3	3	4	3	3	1	0	3	1	0	4	3	1	3	4	2	1	2	3	1	2	1	1	3
UKNW06-445	UKNW06-445	3	1	3	4	3	4	3	4	4	3	4	3	3	4	4	3	1	2	2	2	2	4	4	1	4	2	1	1	1	1	1	4	4	4	4	3	2	1	3	3	3	3	4	3	3	1	3	3	3	1	4	4	4	1	2	2	2	3	4	2	2	3	1	3	3	1	4	1	1	2	3	1	1	1	4	4	4	1	3	3	1	1	1	2	2	1	1	1	1	4	4	1	2	2	4	4	3	1	2	3	4	2	1	2	4	1	2	1	4	2	4	2	3	1	3	3	3	4	3	3	1	3	3	1	0	4	3	1	3	4	2	1	2	3	1	2	1	1	3
UKNW06-446	UKNW06-446	3	1	3	4	3	4	3	4	4	3	0	3	3	4	4	3	1	2	2	2	2	4	4	1	4	2	1	1	1	1	1	4	4	4	4	3	2	1	3	3	3	3	4	3	3	1	3	3	3	1	4	4	4	1	2	2	2	3	4	2	2	3	1	3	3	1	4	1	1	2	3	1	1	1	4	4	4	1	3	3	1	1	1	2	2	1	1	1	1	4	4	1	2	2	0	4	3	1	2	3	4	2	1	2	4	1	2	1	4	2	4	2	3	1	3	3	3	4	3	3	1	0	3	1	2	4	3	1	3	4	2	1	2	3	1	2	1	1	3
UKNW06-447	UKNW06-447	3	1	3	4	3	4	3	4	4	3	0	3	3	4	4	3	1	2	2	2	2	4	4	1	4	2	1	1	1	1	1	4	4	4	4	3	2	1	3	3	3	3	4	3	3	1	3	3	3	1	4	4	4	1	2	2	2	3	4	2	2	3	1	3	3	1	4	1	1	2	3	1	1	1	4	4	4	1	3	3	1	1	1	2	2	1	1	1	1	4	4	1	2	2	4	4	3	1	2	3	4	2	1	2	4	1	2	1	4	2	4	2	3	1	3	3	3	4	3	3	1	0	3	1	0	4	3	1	3	4	2	1	2	3	1	2	1	1	3
UKNW06-448	UKNW06-448	3	1	3	0	3	4	3	4	4	3	0	3	3	4	4	3	1	2	2	2	2	4	4	1	4	2	1	1	1	1	1	4	4	4	4	3	2	1	3	3	3	3	4	3	3	1	3	3	3	1	4	4	4	1	2	2	2	3	4	2	2	3	1	3	3	1	4	1	1	2	3	1	1	1	4	4	4	1	3	3	1	1	1	2	2	1	1	1	1	4	4	1	2	2	4	4	3	1	2	3	4	2	1	2	4	1	2	1	4	2	4	2	3	1	3	3	3	4	3	3	1	0	3	1	2	4	3	1	3	4	2	1	2	3	1	2	1	1	3
UKNW06-449	UKNW06-449	3	1	3	4	3	4	3	4	4	3	0	3	3	4	4	3	1	2	2	2	2	4	4	1	4	2	1	1	1	1	1	4	4	4	4	3	2	1	3	3	3	3	4	3	3	1	3	3	3	1	4	4	4	1	2	2	2	3	4	2	2	3	1	3	3	1	4	1	1	2	3	1	1	1	4	4	4	1	3	3	1	1	1	2	2	1	1	1	1	4	4	1	2	2	4	4	3	1	2	3	4	2	1	2	4	1	2	1	4	2	4	2	3	1	3	3	3	4	3	3	1	0	3	1	0	4	3	1	3	4	2	1	2	3	1	2	1	1	3
UKNW06-450	UKNW06-450	3	2	1	4	3	4	3	4	4	2	4	1	1	4	2	3	1	3	2	1	4	4	4	1	4	2	1	3	2	1	3	3	2	4	2	3	4	1	3	2	3	3	2	1	3	3	3	1	3	1	2	4	2	2	4	1	4	3	4	2	2	4	2	1	1	3	4	4	1	2	1	1	4	3	4	1	2	1	1	4	1	3	1	4	2	3	1	2	2	4	3	3	4	2	0	4	2	1	2	3	2	2	1	1	2	4	2	1	4	2	4	2	3	3	3	1	4	0	3	1	3	3	3	1	2	4	1	1	3	3	3	3	4	1	3	2	3	1	3
UKNW06-451	UKNW06-451	3	2	1	4	3	4	3	4	4	2	4	1	1	4	2	3	1	3	2	1	4	4	4	1	4	2	1	3	2	1	3	3	2	4	2	3	4	1	3	2	3	3	2	1	3	3	3	1	3	1	2	4	2	2	4	1	4	3	4	2	2	4	2	1	1	3	4	4	1	2	1	1	4	3	4	1	2	1	1	4	1	3	1	4	2	3	1	2	2	4	3	3	4	2	1	4	2	1	2	3	2	2	1	1	2	4	2	1	4	2	4	2	3	3	3	1	4	0	3	1	3	3	3	1	0	4	1	1	3	3	3	3	4	1	3	2	3	1	3
UKNW06-452	UKNW06-452	3	2	1	4	3	4	3	4	4	2	4	1	1	4	2	3	1	3	2	1	4	4	4	1	4	2	1	3	2	1	3	3	2	4	2	3	4	1	3	2	3	3	2	1	3	3	3	1	3	1	2	4	2	2	4	1	4	3	4	2	2	4	2	1	1	3	4	4	1	2	1	1	4	3	4	1	2	1	1	4	1	3	1	4	2	3	1	2	2	4	3	3	4	2	1	4	2	1	2	3	2	2	1	1	2	4	2	1	4	2	4	2	3	3	3	1	4	0	3	1	3	3	3	1	2	4	1	1	3	3	3	3	4	1	3	2	3	1	3
UKNW06-453	UKNW06-453	3	2	1	4	1	2	1	4	4	2	2	3	1	4	4	3	2	3	2	1	4	2	4	3	4	2	1	3	2	3	3	4	2	1	4	3	4	1	1	2	3	3	2	1	1	3	3	3	3	3	4	4	4	2	4	1	2	3	4	4	1	4	2	1	3	3	4	1	1	2	3	1	1	3	2	1	4	1	3	4	3	1	3	2	2	3	1	2	2	4	3	3	2	2	4	4	2	3	2	3	4	2	1	2	4	4	2	3	4	2	4	2	1	1	3	1	4	4	1	3	3	0	2	3	0	2	3	3	1	3	3	1	2	1	1	2	3	1	1
UKNW06-455	UKNW06-455	3	2	1	4	3	4	3	4	4	2	4	1	1	4	2	3	1	3	2	1	4	4	4	1	4	2	1	3	2	1	3	3	2	4	2	3	4	1	3	2	3	3	2	1	3	3	3	1	3	1	2	4	2	2	4	1	4	3	4	2	2	4	2	1	1	3	4	4	1	2	1	1	4	3	4	1	2	1	1	4	1	3	1	4	2	3	1	2	2	4	3	3	4	2	0	4	2	1	2	3	2	2	1	1	2	4	2	1	4	2	4	2	3	3	3	1	4	3	3	1	6	3	3	1	2	4	1	1	3	3	3	3	4	1	3	2	3	1	3
UKNW06-456	UKNW06-456	3	2	1	0	3	4	3	4	4	2	4	1	1	4	2	3	1	3	2	1	4	4	4	1	4	2	1	3	2	1	3	3	2	4	2	3	4	1	3	2	3	3	2	1	3	3	3	1	3	1	2	4	2	2	4	1	4	3	4	2	2	4	2	1	1	3	4	4	1	2	1	1	4	3	4	1	2	1	1	4	1	3	1	4	2	3	1	2	2	4	3	3	4	2	1	4	2	1	2	3	2	2	1	1	2	4	2	1	4	2	4	2	3	3	3	1	4	0	3	1	3	3	3	1	2	4	1	1	3	3	3	3	4	1	3	2	3	1	3
UKNW06-457	UKNW06-457	3	1	3	0	3	4	3	4	4	3	0	3	3	4	4	3	1	2	2	2	2	4	4	1	4	2	1	1	1	1	1	4	4	4	4	3	2	1	3	3	3	3	4	3	3	1	3	3	3	1	4	4	4	1	2	2	2	3	4	2	2	3	1	3	3	1	4	1	1	2	3	1	1	1	4	4	4	1	3	3	1	1	1	2	2	1	1	1	1	4	4	1	2	2	4	4	3	1	2	3	4	2	1	2	4	1	2	1	4	2	4	2	3	1	3	3	3	4	3	3	1	0	3	1	2	4	3	1	3	4	2	1	2	3	1	2	1	1	3
UKNW06-458	UKNW06-458	3	2	1	0	1	2	1	4	4	2	2	3	1	4	4	3	2	0	2	1	4	0	4	3	4	2	1	3	2	3	3	4	2	1	4	3	4	1	1	2	3	3	2	1	1	3	3	0	3	3	4	4	4	0	4	1	2	3	4	4	1	4	2	1	3	3	4	1	1	2	3	1	1	3	2	1	4	1	3	4	3	1	3	2	0	3	1	2	2	4	3	3	2	2	4	4	2	3	2	3	4	2	1	2	4	4	2	3	4	2	4	2	1	1	3	1	4	4	1	3	0	0	0	3	0	2	3	3	1	3	3	1	2	1	1	2	3	1	1
UKNW06-459	UKNW06-459	3	1	3	0	3	4	3	4	4	3	0	3	3	4	4	3	1	2	2	2	2	4	4	1	4	2	1	1	1	1	1	4	4	4	4	3	0	1	3	3	3	3	4	3	3	1	3	3	3	1	4	4	4	1	2	2	2	3	4	2	2	3	1	3	3	1	4	1	1	2	3	1	1	1	4	4	4	1	3	3	1	1	1	2	2	1	1	1	1	4	4	1	2	2	0	4	3	1	2	3	4	2	1	2	4	1	2	1	4	2	4	2	3	1	3	3	3	4	3	3	1	3	3	1	0	4	3	1	3	4	2	1	2	3	1	2	1	1	3
UKNW06-460	UKNW06-460	3	2	1	4	3	4	3	4	4	2	4	1	1	4	2	3	1	3	2	1	4	4	4	1	4	2	1	3	2	1	3	3	2	4	2	3	4	1	3	2	3	3	2	1	3	3	3	1	3	1	2	4	2	2	4	1	4	3	4	2	2	4	2	1	1	3	4	4	1	2	1	1	4	3	4	1	2	1	1	4	1	3	1	4	2	3	1	2	2	4	3	3	4	2	1	4	2	1	2	3	2	2	1	1	2	4	2	1	4	2	4	2	3	3	3	1	4	0	3	1	3	3	3	1	0	4	1	1	3	3	3	3	4	1	3	2	3	1	3
UKNW06-461	UKNW06-461	3	2	1	0	1	2	1	4	4	2	2	3	1	4	4	3	2	3	2	1	4	2	4	3	4	2	1	3	2	3	3	4	2	1	4	3	4	1	1	2	3	3	2	1	1	3	3	3	3	3	4	4	4	2	4	1	2	3	4	4	1	4	2	1	3	3	4	1	1	2	3	1	1	3	2	1	4	1	3	4	3	1	3	2	2	3	1	2	2	4	3	3	2	2	4	4	2	3	2	3	4	2	1	2	4	4	2	3	4	2	4	2	1	1	3	1	4	4	1	3	3	3	2	3	2	2	3	3	1	3	3	1	2	1	1	2	3	1	1
UKNW06-463	UKNW06-463	3	2	1	4	1	2	1	4	4	2	2	3	1	4	4	3	2	3	2	1	4	2	4	3	4	2	1	3	2	3	3	4	2	1	4	3	4	1	1	2	3	3	2	1	1	3	3	3	3	3	4	4	4	2	4	1	2	3	4	4	1	4	2	1	3	3	4	1	1	2	3	1	1	3	2	1	4	1	3	4	3	1	3	2	2	3	1	2	2	4	3	3	2	2	4	4	2	3	2	3	4	2	1	2	4	4	2	3	4	2	4	2	1	1	3	1	4	4	1	3	3	0	2	3	0	2	3	3	1	3	3	1	2	1	1	2	3	1	1
UKNW06-467	UKNW06-467	3	2	1	3	3	2	3	1	2	3	2	3	1	4	4	3	2	2	4	2	2	2	4	1	2	2	1	3	2	3	3	4	2	1	4	3	4	1	1	2	3	3	2	1	1	3	3	3	3	3	4	4	0	1	2	2	2	3	4	2	2	4	2	1	3	3	4	1	1	2	3	1	1	3	2	4	2	3	3	4	3	1	1	2	2	3	3	2	2	4	4	1	4	2	0	4	2	3	2	1	4	2	1	1	4	4	2	1	4	2	4	2	1	1	3	1	4	4	1	3	3	0	2	1	0	2	3	3	1	4	3	1	2	1	1	2	1	1	1
UKNW06-468	UKNW06-468	3	2	1	3	3	2	3	1	2	3	2	3	1	4	4	3	2	2	4	2	2	2	4	1	2	2	1	3	2	3	3	4	2	1	4	3	4	1	1	2	3	3	2	1	1	3	3	3	3	3	4	4	2	1	2	2	2	3	4	2	2	4	2	1	3	3	4	1	1	2	3	1	1	3	2	4	2	3	3	4	3	1	1	2	2	3	3	2	2	4	4	1	4	2	1	4	2	3	2	1	4	2	1	1	4	4	2	1	4	2	4	2	1	1	3	1	4	4	1	3	3	0	2	1	2	2	3	3	1	4	3	1	2	1	1	2	1	1	1
UKNW06-469	UKNW06-469	3	2	1	0	3	2	3	1	2	3	2	3	1	4	4	3	2	2	4	2	2	2	4	1	2	2	1	3	2	3	3	4	2	1	4	3	4	1	1	2	3	3	2	1	1	3	3	3	3	3	4	4	2	1	2	2	2	3	4	2	2	4	2	1	3	3	4	1	1	2	3	1	1	3	2	4	2	3	3	4	3	1	1	2	2	3	3	2	2	4	4	1	4	2	1	4	2	3	2	1	4	2	1	1	4	4	2	1	4	2	4	2	1	1	3	1	4	4	1	3	3	1	2	1	0	2	3	3	1	4	3	1	2	1	1	2	1	1	1
UKNW06-470	UKNW06-470	3	2	1	0	3	2	3	1	2	3	2	3	0	4	0	3	2	2	4	0	2	2	4	1	2	0	0	3	2	3	3	4	2	1	0	3	4	0	0	2	3	3	2	1	1	3	3	3	3	0	4	4	2	1	2	2	2	0	4	2	2	4	0	1	3	3	4	0	1	2	0	1	1	3	2	4	0	3	3	4	3	1	0	2	2	3	3	2	2	4	4	1	4	2	1	4	2	3	2	1	4	2	1	1	4	4	2	1	4	0	4	2	1	1	3	1	4	4	1	3	3	0	2	1	2	2	3	3	1	4	3	1	2	0	1	2	1	1	1
UKNW06-471	UKNW06-471	3	2	1	4	1	2	1	4	4	2	2	3	1	4	4	0	2	0	2	1	4	0	4	0	4	2	1	3	2	3	3	0	0	1	4	3	4	1	1	2	3	0	2	1	1	0	3	0	0	3	4	4	4	0	0	1	2	3	4	4	1	4	2	1	3	0	4	1	0	0	3	0	1	0	0	0	4	1	3	4	3	1	3	2	0	3	1	2	2	0	0	3	0	2	4	0	2	3	2	0	4	2	1	2	4	0	2	3	4	2	0	0	1	1	3	1	0	4	1	3	0	0	0	3	2	2	3	0	1	0	3	1	2	1	0	0	3	1	1
UKNW06-473	UKNW06-473	3	2	1	4	1	2	1	4	4	2	2	3	1	4	4	3	2	3	2	1	4	2	4	3	4	2	1	3	2	3	3	4	2	1	4	3	4	1	1	2	3	3	2	1	1	3	3	3	3	3	4	4	4	2	4	1	2	3	4	4	1	4	2	1	3	3	4	1	1	2	3	1	1	3	2	1	4	1	3	4	3	1	3	2	2	3	1	2	2	4	3	3	2	2	4	4	2	3	2	3	4	2	1	2	4	4	2	3	4	2	4	2	1	1	3	1	4	4	1	3	3	0	2	3	2	2	3	3	1	3	3	1	2	1	1	2	3	1	1
UKNW06-474	UKNW06-474	3	2	1	4	1	2	1	4	4	2	2	3	1	4	4	3	2	3	2	1	4	2	4	3	4	2	1	3	2	3	3	4	2	1	4	3	4	1	1	2	3	3	2	1	1	3	3	3	3	3	4	4	4	2	4	1	2	3	4	4	1	4	2	1	3	3	4	1	1	2	3	1	1	3	2	1	4	1	3	4	3	1	3	2	2	3	1	2	2	4	3	3	2	2	4	4	2	3	2	3	4	2	1	2	4	4	2	3	4	2	4	2	1	1	3	1	4	4	1	3	3	0	2	3	2	2	3	3	1	3	3	1	2	1	1	2	3	1	1
UKNW06-475	UKNW06-475	3	2	1	4	1	2	1	4	4	2	2	3	1	4	4	3	2	3	2	1	4	2	4	3	4	2	1	3	2	3	3	4	2	1	4	3	4	1	1	2	3	3	2	1	1	3	3	3	3	3	4	4	4	2	4	1	2	3	4	4	1	4	2	1	3	3	4	1	1	2	3	1	1	3	2	1	4	1	3	4	3	1	3	2	2	3	1	2	2	4	3	3	2	2	4	4	2	3	2	3	4	2	1	2	4	4	2	3	4	2	4	2	1	1	3	1	4	4	1	3	3	1	2	3	2	2	3	3	1	3	3	1	2	1	1	2	3	1	1
UKNW06-476	UKNW06-476	3	2	1	3	3	2	3	4	2	2	2	1	1	4	4	4	1	2	2	1	2	4	4	1	4	2	1	1	2	3	3	3	4	1	4	1	4	3	3	2	3	3	2	1	1	1	1	3	4	1	2	2	4	2	2	1	2	3	4	2	2	3	1	3	1	3	4	4	4	2	1	2	4	1	4	4	2	1	1	4	1	3	1	2	4	1	1	1	2	2	4	1	4	2	0	4	3	1	4	1	4	3	1	1	4	1	2	3	2	3	2	4	3	3	3	3	3	3	3	3	1	1	2	1	1	2	1	1	1	3	3	3	4	1	1	2	3	1	1
UKNW06-477	UKNW06-477	1	1	3	4	3	4	1	4	2	3	4	1	1	4	2	4	2	3	2	1	4	4	2	1	4	2	1	1	1	1	3	4	2	1	4	3	2	1	3	3	1	3	2	1	3	1	3	1	3	1	4	4	4	1	2	1	2	1	2	2	1	4	1	3	3	3	1	1	1	2	3	1	4	3	2	4	4	3	3	3	3	3	3	2	2	3	1	2	1	4	4	3	2	4	4	2	3	1	2	3	2	2	1	1	4	1	2	1	2	2	4	2	1	1	4	3	4	4	1	1	3	1	3	3	2	2	3	3	1	3	2	1	2	1	1	2	1	1	3
UKNW06-478	UKNW06-478	1	1	3	0	3	4	1	4	2	3	4	1	1	4	2	4	2	3	2	1	4	4	2	1	4	2	1	1	1	1	3	4	2	1	4	3	2	1	3	3	1	3	2	1	3	1	3	1	3	1	4	4	4	1	2	1	2	1	2	2	1	4	1	3	3	3	1	1	1	2	3	1	4	3	2	4	4	3	3	3	3	3	3	2	2	3	1	2	1	4	4	3	2	4	4	2	3	1	2	3	2	2	1	1	0	1	2	1	2	2	4	2	1	1	4	3	4	4	1	1	3	0	3	3	2	2	3	3	1	3	2	1	2	1	1	2	1	1	3
UKNW06-479	UKNW06-479	3	2	1	3	3	2	3	1	2	3	2	3	1	4	4	3	2	2	4	2	2	2	4	1	2	2	1	3	2	3	3	4	2	1	4	3	4	1	1	2	3	3	2	1	1	3	3	3	3	3	4	4	9	1	2	2	2	3	4	2	2	4	2	1	3	3	4	1	1	2	3	1	1	3	2	4	2	3	3	4	3	1	1	2	2	3	3	2	2	4	4	1	4	2	1	4	2	3	2	1	4	2	1	1	4	4	2	1	4	2	4	2	1	1	3	1	4	4	1	3	3	0	2	1	2	2	3	3	1	4	3	1	2	1	1	2	1	1	1
UKNW06-480	UKNW06-480	1	1	3	0	3	4	1	4	2	3	4	1	1	4	2	4	2	3	2	1	4	4	2	1	4	2	1	1	1	1	3	4	2	1	4	3	2	1	3	3	1	3	2	1	3	1	3	1	3	1	4	4	4	1	2	1	2	1	2	2	1	4	1	3	3	3	1	1	1	2	3	1	4	3	2	4	4	3	3	3	3	3	3	2	2	3	1	2	1	4	4	3	2	4	0	2	3	1	2	3	2	2	1	1	4	1	2	1	2	2	4	2	1	1	4	3	4	4	1	1	3	0	3	3	2	2	3	3	1	3	2	1	2	1	1	2	1	1	3
UKID22	UKID22	1	1	3	4	3	4	1	4	2	3	4	1	1	4	2	4	2	3	2	1	4	4	2	1	4	2	1	1	1	1	3	4	2	1	4	3	2	1	3	3	1	3	2	1	3	1	3	1	3	1	4	4	4	1	2	1	2	1	2	2	1	4	1	3	3	3	1	1	1	2	3	1	4	3	2	4	4	0	3	3	3	3	3	2	2	3	1	2	1	9	4	3	2	4	4	2	3	1	2	3	2	2	1	1	4	1	2	1	2	2	4	2	1	1	4	3	4	4	1	1	3	1	3	3	2	2	3	3	1	3	0	1	2	1	1	0	1	1	3
