strain	category	AtMSQTsnp 2	AtMSQTsnp 4	AtMSQTsnp 8	AtMSQTsnp 9	AtMSQTsnp 10	AtMSQTsnp 11	AtMSQTsnp 12	AtMSQTsnp 14	AtMSQTsnp 15	AtMSQTsnp 18	AtMSQTsnp 21	AtMSQTsnp 22	AtMSQTsnp 27	AtMSQTsnp 29	AtMSQTsnp 30	AtMSQTsnp 31	AtMSQTsnp 33	AtMSQTsnp 38	AtMSQTsnp 40	AtMSQTsnp 41	AtMSQTsnp 47	AtMSQTsnp 48	AtMSQTsnp 49	AtMSQTsnp 53	AtMSQTsnp 54	AtMSQTsnp 57	AtMSQTsnp 58	AtMSQTsnp 60	AtMSQTsnp 61	AtMSQTsnp 62	AtMSQTsnp 63	AtMSQTsnp 65	AtMSQTsnp 67	AtMSQTsnp 69	AtMSQTsnp 73	AtMSQTsnp 76	AtMSQTsnp 85	AtMSQTsnp 87	AtMSQTsnp 88	AtMSQTsnp 90	AtMSQTsnp 91	AtMSQTsnp 92	AtMSQTsnp 97	AtMSQTsnp 100	AtMSQTsnp 101	AtMSQTsnp 104	AtMSQTsnp 108	AtMSQTsnp 114	AtMSQTsnp 118	AtMSQTsnp 123	AtMSQTsnp 126	AtMSQTsnp 128	AtMSQTsnp 129	AtMSQTsnp 130	AtMSQTsnp 132	AtMSQTsnp 138	AtMSQTsnp 140	AtMSQTsnp 142	AtMSQTsnp 143	AtMSQTsnp 145	AtMSQTsnp 146	AtMSQTsnp 155	AtMSQTsnp 156	AtMSQTsnp 159	AtMSQTsnp 164	AtMSQTsnp 169	AtMSQTsnp 170	AtMSQTsnp 173	AtMSQTsnp 174	AtMSQTsnp 177	AtMSQTsnp 184	AtMSQTsnp 186	AtMSQTsnp 187	AtMSQTsnp 188	AtMSQTsnp 189	AtMSQTsnp 191	AtMSQTsnp 194	AtMSQTsnp 197	AtMSQTsnp 198	AtMSQTsnp 203	AtMSQTsnp 205	AtMSQTsnp 214	AtMSQTsnp 220	AtMSQTsnp 222	AtMSQTsnp 223	AtMSQTsnp 231	AtMSQTsnp 232	AtMSQTsnp 235	AtMSQTsnp 237	AtMSQTsnp 242	AtMSQTsnp 244	AtMSQTsnp 249	AtMSQTsnp 254	AtMSQTsnp 260	AtMSQTsnp 263	AtMSQTsnp 266	AtMSQTsnp 267	AtMSQTsnp 274	AtMSQTsnp 278	AtMSQTsnp 279	AtMSQTsnp 281	AtMSQTsnp 282	AtMSQTsnp 285	AtMSQTsnp 286	AtMSQTsnp 288	AtMSQTsnp 292	AtMSQTsnp 294	AtMSQTsnp 300	AtMSQTsnp 304	AtMSQTsnp 306	AtMSQTsnp 307	AtMSQTsnp 310	AtMSQTsnp 312	AtMSQTsnp 315	AtMSQTsnp 321	AtMSQTsnp 323	AtMSQTsnp 325	AtMSQTsnp 327	AtMSQTsnp 331	AtMSQTsnp 334	AtMSQTsnp 343	AtMSQTsnp 350	AtMSQTsnp 351	AtMSQTsnp 355	AtMSQTsnp 358	AtMSQTsnp 359	AtMSQTsnp 360	AtMSQTsnp 361	AtMSQTsnp 368	AtMSQTsnp 370	AtMSQTsnp 372	AtMSQTsnp 373	AtMSQTsnp 378	AtMSQTsnp 379	AtMSQTsnp 388	AtMSQTsnp 390	AtMSQTsnp 392	AtMSQTsnp 394	AtMSQTsnp 395	AtMSQTsnp 397	AtMSQTsnp 398	AtMSQTsnp 399	AtMSQTsnp 404	AtMSQTsnp 406	AtMSQTsnp 408	AtMSQTsnp 409	AtMSQTsnp 410	AtMSQTsnp 412	AtMSQTsnp 415
UKSW06-177	UKSW06-177	3	1	1	3	4	1	4	2	3	2	3	1	4	2	4	1	2	2	1	4	2	4	1	4	2	1	3	2	1	1	4	2	1	2	3	2	1	3	2	3	3	2	1	1	3	1	3	3	1	2	4	1	4	1	2	1	2	4	2	3	1	3	3	3	4	1	1	4	3	1	4	1	4	4	2	1	3	3	3	3	2	2	3	1	1	1	4	3	0	1	2	4	4	4	2	3	2	4	1	2	2	1	2	4	2	3	4	3	4	2	3	3	4	1	4	1	1	3	3	3	1	2	2	1	3	3	3	2	1	2	3	1	2	1	1
UKSW06-178	UKSW06-178	3	2	1	3	2	3	4	2	2	2	1	1	4	4	4	1	2	2	1	2	4	4	1	4	2	1	1	2	3	3	3	4	1	4	1	4	3	3	2	3	3	2	0	1	1	1	3	4	1	2	2	2	2	1	2	3	4	2	2	3	1	3	1	3	4	4	4	2	1	2	4	1	4	4	2	1	1	4	1	1	2	4	1	1	1	2	2	4	4	1	4	2	4	4	3	1	4	3	1	4	3	1	1	1	2	3	2	3	2	4	3	3	3	3	3	3	3	1	1	2	1	1	2	1	1	1	3	3	3	4	1	1	2	3	1
UKSW06-179	UKSW06-179	3	1	1	3	4	0	4	2	3	2	3	1	4	2	4	1	2	2	1	4	2	4	1	4	2	1	3	2	1	1	4	2	1	2	3	2	1	3	2	3	3	2	1	1	3	1	3	3	1	2	4	1	4	1	2	1	2	4	2	3	1	3	3	3	4	1	1	4	3	1	4	1	4	4	2	1	3	3	3	3	2	2	3	1	1	1	4	3	0	1	2	4	4	4	2	3	2	4	1	2	2	1	2	4	2	3	4	3	4	2	3	3	4	1	4	1	1	3	3	3	1	2	2	1	3	3	3	2	1	2	3	1	2	1	1
UKSW06-180	UKSW06-180	3	1	3	3	2	3	4	4	2	2	3	1	4	4	3	2	2	4	1	2	4	4	1	4	2	4	1	2	3	3	4	4	1	4	3	2	1	3	3	3	1	4	3	1	1	1	3	4	1	4	4	1	2	1	2	1	2	2	2	4	2	1	3	3	4	4	1	4	3	1	4	1	4	1	4	3	1	3	3	3	2	2	3	1	1	2	4	4	4	3	4	4	1	2	2	3	2	4	1	2	2	1	0	4	2	3	2	3	4	2	1	1	3	1	4	1	1	1	1	2	3	2	4	3	3	1	4	3	1	2	1	1	2	1	1
UKSW06-181	UKSW06-181	1	2	1	3	4	3	4	4	2	4	3	3	4	4	4	1	2	2	2	2	2	2	1	4	0	1	1	1	1	3	3	2	1	4	3	4	1	1	2	3	3	2	1	3	3	3	1	3	3	4	4	1	2	1	4	1	2	2	1	3	0	1	1	3	1	4	1	2	1	2	1	1	4	1	2	3	3	4	1	1	2	4	1	3	2	1	4	3	0	3	4	4	1	4	2	1	2	3	3	4	3	4	1	4	1	3	2	3	2	4	1	3	4	1	4	3	3	3	3	3	1	2	2	3	1	1	3	3	1	4	3	3	2	3	3
UKSW06-182	UKSW06-182	3	1	3	3	2	3	4	4	2	2	3	1	4	4	3	2	2	4	1	2	4	4	1	4	2	4	1	2	3	3	4	4	1	4	3	2	1	3	3	3	1	4	3	1	1	1	3	4	1	4	4	1	2	1	2	1	2	2	2	4	2	1	3	3	4	4	1	4	3	1	4	1	4	1	4	3	1	3	3	3	2	2	3	1	1	2	4	4	4	3	4	4	1	2	2	3	2	4	1	2	2	1	2	4	2	3	2	3	4	2	1	1	3	1	4	1	1	1	1	2	3	2	4	3	3	1	4	3	1	2	1	1	2	1	1
UKSW06-183	UKSW06-183	3	2	3	1	2	3	4	4	2	2	3	1	4	2	3	1	2	2	1	2	4	4	3	4	2	1	3	2	3	1	4	2	4	2	3	4	1	1	2	3	3	4	1	1	1	3	3	3	3	4	4	1	2	2	2	3	4	2	1	4	0	1	3	3	4	4	1	2	3	1	4	1	4	4	4	3	1	3	3	3	2	2	3	1	1	2	4	3	3	3	2	4	1	4	2	1	2	3	3	4	2	4	2	4	2	3	2	3	4	2	1	1	3	1	4	1	1	1	1	2	3	2	4	3	3	1	4	3	1	4	1	1	2	3	1
UKSW06-184	UKSW06-184	3	2	3	1	2	3	4	4	2	2	3	1	4	2	3	1	2	2	1	2	4	4	3	4	2	1	3	2	3	1	4	2	4	2	3	4	1	1	2	3	3	4	1	1	1	3	3	3	3	4	4	1	2	2	2	3	4	2	1	4	2	1	3	3	4	4	1	2	3	1	4	1	4	4	4	3	1	3	3	3	2	2	3	1	1	2	4	3	3	3	2	4	1	4	2	1	2	3	3	4	2	4	2	4	2	3	2	3	4	2	1	1	3	1	4	1	1	1	1	2	3	2	4	3	3	1	4	3	1	4	1	1	2	3	1
UKSW06-185	UKSW06-185	3	1	1	3	2	1	4	4	2	2	3	1	4	4	3	2	3	2	1	2	4	4	1	4	2	1	1	2	1	1	4	2	4	2	3	4	1	1	2	1	1	2	1	1	3	3	3	3	1	4	4	2	2	1	4	1	2	4	2	4	2	1	1	3	4	1	1	4	3	1	4	3	2	4	4	3	1	3	1	1	2	2	3	3	2	2	4	4	3	3	4	4	4	4	2	1	4	3	1	2	2	1	2	4	2	1	4	2	4	2	1	1	4	1	4	1	3	3	1	3	3	2	4	3	3	1	3	3	1	2	1	1	2	3	1
UKSW06-186	UKSW06-186	3	1	1	3	2	1	4	4	2	2	3	1	4	4	3	2	3	2	1	2	4	4	1	4	2	1	1	2	1	1	4	2	4	2	3	4	1	1	2	1	1	2	1	1	3	3	3	3	1	4	4	2	2	1	4	0	2	4	2	4	2	1	1	3	4	1	1	4	3	1	4	3	2	4	4	3	1	3	1	1	2	2	3	3	2	2	4	4	3	3	4	4	4	4	2	1	4	3	1	2	2	1	2	4	2	1	4	2	4	2	1	1	4	1	4	1	3	3	1	3	3	2	4	3	3	1	3	3	1	2	1	1	2	3	1
UKSW06-187	UKSW06-187	3	1	1	3	2	1	4	4	2	2	3	1	4	4	3	2	3	2	1	2	4	4	1	4	2	1	1	2	1	1	4	2	4	2	3	4	1	1	2	1	1	2	1	1	3	3	3	3	1	4	4	2	2	1	4	1	2	4	2	4	2	1	1	3	4	1	1	4	3	1	4	3	2	4	4	3	1	3	1	1	2	2	3	3	2	2	4	4	3	3	4	4	4	4	2	1	4	3	1	2	2	1	0	4	2	1	4	2	4	2	1	1	4	1	4	1	3	3	1	3	3	2	4	3	3	1	3	3	1	2	1	1	2	3	1
UKSW06-188	UKSW06-188	3	2	3	1	2	3	4	4	2	2	3	1	4	2	3	1	2	2	1	2	4	4	3	4	2	1	3	2	3	1	4	2	4	2	3	4	1	1	2	3	3	4	1	1	1	3	3	3	3	4	4	1	2	2	2	3	4	2	1	4	0	1	3	3	4	4	1	2	3	1	4	1	4	4	4	3	1	3	3	3	2	2	3	1	1	2	4	3	3	3	2	4	1	4	2	1	2	3	3	4	2	4	2	4	2	3	2	3	4	2	1	1	3	1	4	1	1	1	1	2	3	2	4	3	3	1	4	3	1	4	1	1	2	3	1
UKSW06-189	UKSW06-189	3	2	3	1	2	3	4	4	2	2	3	1	4	2	3	1	2	2	1	2	4	4	3	4	2	1	3	2	3	1	4	2	4	2	3	4	1	1	2	3	3	4	1	1	1	3	3	3	3	4	4	1	2	2	2	3	4	2	1	4	2	1	3	3	4	4	1	2	3	1	4	1	4	4	4	3	1	3	3	3	2	2	3	1	1	2	4	3	3	3	2	4	1	4	2	1	2	3	3	4	2	4	2	4	2	3	2	3	4	2	1	1	3	1	4	1	1	1	1	2	3	2	4	3	3	1	4	3	1	4	1	1	2	3	1
UKSW06-190	UKSW06-190	3	2	3	1	2	3	4	4	2	2	3	1	4	2	3	1	2	2	1	2	4	4	3	4	2	1	3	2	3	1	4	2	4	2	3	4	1	1	2	3	3	4	1	1	1	3	3	3	3	4	4	1	2	2	2	3	4	2	1	4	0	1	3	3	4	4	1	2	3	1	4	1	4	4	4	3	1	3	3	3	2	2	3	1	1	2	4	3	3	3	2	4	1	4	2	1	2	3	3	4	2	4	2	4	2	3	2	3	4	2	1	1	3	1	4	1	1	1	1	2	3	2	4	3	3	1	4	3	1	4	1	1	2	3	1
UKSW06-191	UKSW06-191	3	2	3	1	2	3	4	4	2	2	3	1	4	2	3	1	2	2	1	2	4	4	3	4	2	1	3	2	3	1	4	2	4	2	3	4	1	1	2	3	3	4	1	1	1	3	3	3	3	4	4	1	2	2	2	3	4	2	1	4	2	1	3	3	4	4	1	2	3	1	4	1	4	4	4	3	1	3	3	3	2	2	3	1	1	2	4	3	3	3	2	4	1	4	2	1	2	3	3	4	2	4	2	4	2	3	2	3	4	2	1	1	3	1	4	1	1	1	1	2	3	0	4	3	3	1	4	3	1	4	1	1	2	3	1
UKSW06-192	UKSW06-192	3	2	3	1	2	3	4	4	2	2	3	1	4	2	3	1	2	2	1	2	4	4	3	4	2	1	3	2	3	1	4	2	4	2	3	4	1	1	2	3	3	4	1	1	1	3	3	3	3	4	4	1	2	2	2	3	4	2	1	4	0	1	3	3	4	4	1	2	3	1	4	1	4	4	4	3	1	3	3	3	2	2	3	1	1	2	4	3	3	3	2	4	1	4	2	1	2	3	3	4	2	4	2	4	2	3	2	3	4	2	1	1	3	1	4	1	1	1	1	2	3	2	4	3	3	1	4	3	1	4	1	1	2	3	1
UKSW06-193	UKSW06-193	3	2	3	1	2	3	4	4	2	2	3	1	4	2	3	1	2	2	1	2	4	4	0	4	2	1	3	2	3	1	4	2	4	2	3	4	1	1	2	3	3	4	1	1	1	3	3	3	3	4	4	1	2	2	2	3	4	2	1	4	0	1	3	3	4	4	1	2	3	1	4	1	4	4	4	3	1	3	3	3	0	2	3	1	1	2	4	3	3	3	2	4	1	4	2	1	2	3	3	4	2	4	2	4	2	3	2	3	4	2	1	1	3	1	4	1	1	1	1	2	3	2	4	3	3	1	4	3	1	4	1	1	2	3	1
UKSW06-194	UKSW06-194	3	2	3	1	2	3	4	4	2	2	3	1	4	2	3	1	2	2	1	2	4	4	3	4	2	1	3	2	3	1	4	2	4	2	3	4	1	1	2	3	3	4	1	1	1	3	3	3	3	4	4	1	2	2	2	3	4	2	1	4	2	1	3	3	4	4	1	2	3	1	4	1	4	4	4	3	1	3	3	3	2	2	3	1	1	2	4	3	3	3	2	4	1	4	2	1	2	3	3	4	2	4	2	4	2	3	2	3	4	2	1	1	3	1	4	1	1	1	1	2	3	2	4	3	3	1	4	3	1	4	1	1	2	3	1
UKSW06-195	UKSW06-195	3	2	3	1	2	3	4	4	2	2	3	1	4	2	3	1	2	2	1	2	4	4	3	4	2	1	3	2	3	1	4	2	4	2	3	4	1	1	2	3	3	4	1	1	1	3	3	3	3	4	4	1	2	2	2	3	4	2	1	4	0	1	3	3	4	4	1	2	3	1	4	1	4	4	4	3	1	3	3	3	2	2	3	1	1	2	4	3	3	3	2	4	1	4	2	1	2	3	3	4	2	4	2	4	2	3	2	3	4	2	1	1	3	1	4	1	1	1	1	2	3	2	4	3	3	1	4	3	1	4	1	1	2	3	1
UKSW06-196	UKSW06-196	3	2	3	1	2	3	4	4	2	2	3	1	4	2	3	1	2	2	1	2	4	4	3	4	2	1	3	2	3	1	4	2	4	2	3	4	1	1	2	3	3	4	1	1	1	3	3	3	3	4	4	1	2	2	2	3	4	2	1	4	2	1	3	3	4	4	1	2	3	1	4	1	4	4	4	3	1	3	3	3	2	2	3	1	1	2	4	3	3	3	2	4	1	4	2	1	2	3	3	4	2	4	2	4	2	3	2	3	4	2	1	1	3	1	4	1	1	1	1	2	3	2	4	3	3	1	4	3	1	4	1	1	2	3	1
UKSW06-197	UKSW06-197	3	1	3	3	4	1	4	4	2	2	3	1	1	4	4	1	2	2	1	4	2	2	1	2	3	1	3	2	3	3	4	2	1	4	3	4	1	1	2	3	1	4	1	3	3	3	1	3	1	4	4	1	2	1	2	3	4	2	2	4	1	3	3	3	1	1	1	4	3	1	4	3	2	1	2	1	3	4	3	3	2	2	3	1	1	1	4	3	3	3	4	2	4	2	3	1	2	4	1	2	2	1	1	1	2	1	4	2	2	2	1	1	4	3	4	3	3	1	3	3	1	2	2	3	1	3	4	3	3	2	1	3	2	1	1
UKSW06-198	UKSW06-198	3	1	1	1	4	1	4	4	2	2	3	1	4	2	4	1	2	4	2	4	2	2	3	4	2	1	1	2	1	1	4	2	1	2	3	4	1	1	3	3	1	2	3	3	3	3	3	4	3	4	4	1	2	1	2	3	4	4	2	4	1	1	1	1	4	4	1	2	3	1	4	1	4	4	2	3	1	4	3	3	2	2	1	1	2	1	4	3	3	1	2	4	4	4	2	3	2	4	1	4	2	1	2	4	1	3	4	2	4	2	1	3	4	3	4	3	1	0	3	2	3	2	2	1	3	3	3	2	3	2	3	3	4	1	1
UKSW06-199	UKSW06-199	3	1	1	1	4	0	4	4	2	2	3	1	4	2	4	1	2	4	2	4	2	2	3	4	2	1	1	2	1	1	4	2	1	2	3	4	1	1	3	3	1	2	3	3	3	3	3	4	3	4	4	1	2	1	2	3	4	4	2	4	1	1	1	1	4	4	1	2	3	1	4	1	4	4	2	3	1	4	0	3	0	2	1	1	2	1	4	3	3	1	2	4	4	4	2	3	2	4	1	4	2	1	2	4	1	3	4	2	0	2	1	3	4	3	4	3	1	0	3	2	3	2	2	1	3	3	3	2	3	2	3	3	4	1	1
UKSW06-200	UKSW06-200	3	1	3	3	4	1	4	4	2	2	3	1	1	4	4	1	2	2	1	4	2	2	1	2	3	1	3	2	3	3	4	2	1	4	3	4	1	1	2	3	1	4	1	3	3	3	1	3	1	4	4	1	2	1	2	3	4	2	2	4	1	3	3	3	1	1	1	4	3	1	4	3	2	1	2	1	3	4	3	3	2	2	3	1	1	1	4	3	3	3	4	2	4	2	3	1	2	4	1	2	2	1	1	1	2	1	4	2	2	2	1	1	4	3	4	3	3	1	0	3	1	2	2	3	1	3	4	3	3	2	1	3	2	1	1
UKSW06-201	UKSW06-201	3	1	1	1	4	1	4	4	2	2	3	1	4	2	4	1	2	4	2	4	2	2	3	4	2	1	1	2	1	1	4	2	1	2	3	4	1	1	3	3	1	2	3	3	3	3	3	4	3	4	4	1	2	1	2	3	4	4	2	4	1	1	1	1	4	4	1	2	3	1	4	1	4	4	2	3	1	4	3	3	2	2	1	1	2	1	4	3	3	1	2	4	4	4	2	3	2	4	1	4	2	1	2	4	1	3	4	2	4	2	1	3	4	3	4	3	1	0	3	2	3	2	2	1	3	3	3	2	3	2	3	3	4	1	1
UKSW06-202	UKSW06-202	3	1	1	1	0	0	4	4	2	2	0	1	4	2	4	1	0	4	2	0	0	2	3	4	2	1	1	2	1	1	4	2	1	2	3	4	1	1	8	3	0	0	0	3	3	3	0	4	3	4	4	0	0	0	2	3	4	4	2	4	1	0	1	1	4	4	1	2	3	1	0	1	4	4	2	0	1	0	6	3	2	0	1	1	2	0	4	3	0	1	2	0	4	4	2	3	0	0	1	4	2	1	2	4	1	3	4	2	0	2	1	6	0	6	4	3	1	0	3	0	3	2	2	1	3	0	3	2	0	2	3	3	4	1	1
UKSW06-203	UKSW06-203	3	1	1	1	4	1	4	4	2	2	3	1	4	2	4	1	2	4	2	4	2	2	3	4	2	1	1	2	1	1	4	2	1	2	3	4	1	1	3	3	1	2	3	3	3	3	3	4	3	4	4	1	2	1	2	3	4	4	2	4	1	1	1	1	4	4	1	2	3	1	4	1	4	4	2	3	1	4	3	3	2	2	1	1	2	1	4	3	3	1	2	4	4	4	2	3	2	4	1	4	2	1	2	4	1	3	4	2	4	2	1	3	4	3	4	3	1	0	3	2	3	2	2	1	3	3	3	2	3	2	3	3	4	1	1
UKSW06-204	UKSW06-204	3	1	1	1	4	1	4	4	2	2	3	1	4	2	4	1	2	4	2	4	2	2	3	4	2	1	1	2	1	1	4	2	1	2	3	4	1	1	3	3	1	2	3	3	3	3	3	4	3	4	4	1	2	1	2	3	4	4	2	4	1	1	1	1	4	4	1	2	3	1	4	1	4	4	2	3	1	4	3	3	2	2	1	1	2	1	4	3	3	1	2	4	4	4	2	3	2	4	1	4	2	1	2	4	1	3	4	2	4	2	1	3	4	3	4	3	1	0	3	2	3	2	2	1	3	3	3	2	3	2	3	3	4	1	1
UKSW06-205	UKSW06-205	3	1	1	1	4	1	4	4	2	2	3	1	4	2	4	1	2	4	2	4	2	2	3	0	2	1	1	2	1	1	4	2	1	2	3	4	1	1	3	3	1	2	3	3	3	3	3	4	3	4	4	1	2	1	2	3	4	4	2	4	1	1	1	1	4	4	1	2	3	1	4	1	4	4	2	3	1	4	3	3	2	2	1	1	2	1	4	3	3	1	2	4	4	4	2	3	2	4	1	4	2	1	2	4	1	3	4	2	0	2	1	3	4	3	4	3	1	0	3	2	3	2	2	1	3	3	3	2	3	2	3	3	4	1	1
UKSW06-206	UKSW06-206	3	1	1	1	4	1	4	4	2	2	3	1	4	2	4	1	2	4	2	4	2	2	3	4	2	1	1	2	1	1	4	2	1	2	3	4	1	1	3	3	1	2	3	3	3	3	3	4	3	4	4	1	2	1	2	3	4	4	2	4	1	1	1	1	4	4	1	2	3	1	4	1	4	4	2	3	1	4	3	3	2	2	1	1	2	1	4	3	0	1	2	4	4	4	2	3	2	4	1	4	2	1	2	4	1	3	4	2	0	2	1	3	4	3	4	3	1	0	3	2	3	2	2	1	3	3	3	2	3	2	3	3	4	1	1
UKSW06-207	UKSW06-207	1	1	1	3	2	1	4	4	2	2	3	1	1	2	3	1	2	4	1	2	4	2	1	0	3	1	1	2	1	1	3	4	4	2	3	4	3	1	3	3	1	2	3	3	1	1	1	3	3	4	4	2	4	1	4	3	4	2	1	4	0	1	1	1	4	1	1	4	1	1	4	3	4	4	2	1	1	3	1	1	0	2	0	1	2	2	4	3	3	3	4	2	4	2	2	3	4	3	1	4	3	4	1	1	2	1	2	3	4	2	1	1	4	3	4	1	1	1	3	3	3	2	2	1	3	1	3	2	1	4	1	1	4	1	1
UKSW06-208	UKSW06-208	1	1	1	3	2	0	4	4	2	2	3	1	1	2	3	1	0	4	1	2	4	2	1	4	3	1	1	2	1	1	3	4	4	2	3	4	3	1	3	3	1	2	3	3	1	1	1	3	3	4	4	2	4	1	4	3	4	2	1	4	0	1	1	1	4	1	1	4	1	1	4	3	4	4	2	1	1	3	1	1	0	0	1	1	2	2	4	3	3	3	4	2	4	2	2	3	4	3	1	4	3	4	1	1	2	1	2	3	0	2	1	1	4	3	4	1	0	0	3	0	3	2	2	1	3	1	3	2	1	4	1	1	4	1	1
UKSW06-209	UKSW06-209	1	1	1	3	2	1	4	0	2	2	3	1	1	2	3	1	2	4	1	2	4	2	0	4	3	1	0	2	1	1	3	4	4	2	3	4	3	1	3	3	1	2	3	3	1	1	1	3	3	4	4	2	4	1	4	3	4	2	1	4	1	1	1	1	4	1	1	4	1	1	4	3	4	4	2	1	1	3	1	1	2	2	1	1	2	2	4	3	3	3	4	2	4	2	2	3	4	3	1	4	0	4	0	1	2	1	2	3	0	2	1	1	4	3	4	1	1	1	3	3	3	0	2	1	3	1	3	2	1	4	1	1	4	1	1
UKSW06-210	UKSW06-210	1	1	1	3	2	1	4	4	2	2	3	1	1	2	3	1	2	4	1	2	4	2	1	4	3	1	1	2	1	1	3	4	4	2	3	4	3	1	3	3	1	2	3	3	1	1	1	3	3	4	4	2	4	1	4	3	4	2	1	4	1	1	1	1	4	1	1	4	1	1	4	3	4	4	2	1	1	3	1	1	2	0	1	1	2	2	4	3	3	3	4	2	4	2	2	3	4	3	1	4	3	4	1	1	2	1	2	3	0	2	1	1	4	3	4	1	1	0	3	3	3	2	2	1	3	1	3	2	1	4	1	1	4	1	1
UKSW06-212	UKSW06-212	1	1	1	3	2	1	4	4	2	2	3	1	1	2	3	1	2	4	1	2	4	2	1	4	3	1	1	2	1	1	3	4	4	2	3	4	3	1	3	3	1	2	3	3	1	1	1	3	3	4	4	2	4	1	4	3	4	2	1	4	1	1	1	1	4	1	1	4	1	1	4	3	4	4	2	1	1	3	1	1	2	2	1	1	2	2	4	3	3	3	4	2	4	2	2	3	4	3	1	4	3	4	1	1	2	1	2	3	0	2	1	1	4	3	4	1	1	1	3	3	3	2	2	1	3	1	3	2	1	4	1	1	4	1	1
UKSW06-213	UKSW06-213	1	1	1	3	2	1	4	4	2	2	3	1	1	2	3	1	2	4	1	2	4	2	1	4	3	1	1	2	1	1	3	4	4	2	3	4	3	1	3	3	1	2	3	3	1	1	1	3	3	4	4	2	4	1	4	3	4	2	1	4	0	1	1	1	4	1	1	4	1	1	4	3	4	4	2	1	1	3	1	1	2	2	1	1	2	2	4	3	0	3	4	2	4	2	2	3	4	3	1	4	3	4	1	1	2	1	2	3	0	2	1	1	4	3	4	1	1	1	3	3	3	2	2	1	3	1	3	2	1	4	1	1	4	1	1
UKSW06-214	UKSW06-214	3	2	1	1	2	0	4	2	2	2	3	1	4	2	3	1	2	2	1	2	4	2	1	4	2	4	1	1	1	3	3	2	4	2	3	4	1	1	2	3	1	4	1	3	3	1	1	4	1	2	4	2	4	1	4	3	4	4	2	3	1	1	3	3	1	1	1	4	3	1	4	1	2	4	4	1	3	4	1	1	4	2	3	1	2	1	4	3	0	1	2	4	1	2	2	1	2	3	1	4	2	1	1	4	2	3	2	3	4	2	3	1	4	3	4	3	1	3	3	2	3	1	2	3	3	3	3	2	1	2	1	3	2	3	1
UKSW06-216	UKSW06-216	1	1	1	3	2	1	4	4	2	2	3	1	1	2	3	1	2	4	1	2	4	2	1	4	3	1	1	2	1	1	3	4	4	2	3	4	3	1	3	3	1	2	3	3	1	1	1	3	3	4	4	2	4	1	4	3	4	2	1	4	0	1	1	1	4	1	1	4	1	1	4	3	4	4	2	1	1	3	1	1	2	2	1	1	2	2	4	3	3	3	4	2	4	2	2	3	4	3	1	4	3	4	1	1	2	1	2	3	4	2	1	1	4	3	4	1	0	1	3	3	3	2	2	1	3	1	3	2	1	4	1	1	4	1	1
UKSW06-217	UKSW06-217	3	1	3	3	2	3	4	4	2	9	3	1	1	4	4	2	2	4	1	2	4	4	1	4	2	1	1	2	1	1	4	2	1	2	3	2	1	3	3	3	1	4	3	1	1	1	3	4	0	4	4	1	2	1	2	1	2	2	2	3	1	1	3	3	1	4	1	4	1	1	4	3	2	1	4	3	1	3	3	3	4	2	3	1	2	2	4	4	4	3	4	4	4	4	2	3	2	4	1	2	2	1	2	4	2	3	4	2	4	2	3	1	3	3	4	1	1	1	3	3	1	1	2	3	1	1	3	3	3	2	3	1	2	1	3
UKSW06-218	UKSW06-218	1	1	1	3	2	1	4	4	2	2	3	1	1	2	3	1	2	4	1	2	4	2	1	4	3	1	1	2	1	1	3	4	4	2	3	4	3	1	3	3	1	2	3	3	1	1	1	3	3	4	4	2	4	1	4	3	4	2	1	4	1	1	1	1	4	1	1	4	1	1	4	3	4	4	2	1	1	3	1	1	2	2	1	1	2	2	4	3	3	3	4	2	4	2	2	3	4	3	1	4	3	4	1	1	2	1	2	3	4	2	1	1	4	3	4	1	1	1	3	3	3	2	2	1	3	1	3	2	1	4	1	1	4	1	1
UKSW06-219	UKSW06-219	3	2	1	1	2	1	4	2	2	2	3	1	4	2	3	1	2	2	1	2	4	2	1	4	2	4	1	1	1	3	3	2	4	2	3	4	1	1	2	3	1	4	1	3	3	1	1	4	1	2	4	2	4	1	4	3	4	4	2	3	1	1	3	3	1	1	1	4	3	1	4	1	2	4	4	1	3	4	1	1	4	2	3	1	2	1	4	3	0	1	2	4	1	2	2	1	2	3	1	4	2	1	1	4	2	3	2	3	4	2	3	1	4	3	4	3	1	3	3	2	3	1	2	3	3	3	3	2	1	2	1	3	2	3	1
UKSW06-221	UKSW06-221	3	2	3	3	2	3	4	4	3	2	1	3	4	4	3	1	0	4	1	4	2	2	3	4	2	1	1	2	1	1	4	2	4	2	3	2	1	1	2	3	3	4	3	3	3	3	3	3	1	4	4	1	2	1	4	3	4	4	2	3	1	3	1	3	4	1	1	2	3	1	4	3	2	1	2	1	3	4	1	3	2	0	3	1	2	2	2	4	3	1	4	4	4	4	2	1	4	3	1	4	3	1	1	4	1	3	2	3	4	2	3	3	4	3	4	1	1	1	0	3	3	2	2	3	3	1	3	2	1	2	1	1	2	1	1
UKSW06-222	UKSW06-222	1	1	3	3	4	1	4	2	3	4	1	1	4	2	4	2	3	2	1	4	4	2	1	4	2	1	1	1	1	3	4	2	1	4	3	2	1	3	3	1	3	2	0	3	1	3	1	3	1	4	4	1	2	1	2	1	2	2	1	4	1	3	3	3	1	1	1	2	3	1	4	3	2	4	4	3	3	3	3	3	0	2	3	1	2	1	4	4	3	3	2	4	4	2	3	1	2	3	3	2	2	1	1	1	2	1	2	2	4	2	1	1	4	3	4	1	1	3	0	3	3	2	2	3	3	1	3	2	1	2	1	1	2	1	3
UKSW06-224	UKSW06-224	3	2	1	1	2	1	4	0	2	2	3	1	4	4	3	2	3	2	1	2	4	4	1	4	2	1	1	2	1	1	4	2	4	2	3	4	1	3	2	1	3	4	1	1	3	3	3	3	1	4	2	2	2	2	2	3	4	4	2	4	2	1	3	3	4	1	1	4	3	1	4	3	2	1	4	1	3	4	1	1	0	2	3	1	2	2	4	3	3	1	2	2	4	2	2	1	4	4	1	4	2	1	2	4	2	3	2	3	0	2	1	1	4	1	4	1	1	0	1	3	1	2	2	3	3	1	3	3	1	2	1	1	2	3	1
UKSW06-225	UKSW06-225	1	1	3	3	4	0	4	2	3	4	1	1	4	2	4	2	3	2	1	4	4	2	1	4	2	1	1	1	1	3	4	2	1	4	3	2	1	3	3	1	3	2	1	3	1	3	1	3	1	4	4	1	2	1	2	1	2	2	1	4	0	3	3	3	1	1	1	2	3	1	4	3	2	4	4	3	3	3	3	3	2	2	3	1	2	1	4	4	0	3	2	4	4	2	3	1	2	3	3	2	2	1	0	1	2	1	2	2	4	2	1	1	4	3	4	1	1	3	3	3	3	2	2	3	3	1	3	2	1	2	1	1	2	1	3
UKSW06-226	UKSW06-226	3	2	1	3	4	3	1	2	2	9	3	3	4	4	3	1	2	4	1	2	4	4	1	4	3	1	1	1	1	3	4	2	1	2	3	2	1	1	2	3	3	4	3	3	3	3	1	3	1	4	4	1	2	2	2	1	2	2	2	3	2	3	1	3	4	1	1	2	3	1	4	1	2	1	4	1	3	4	3	1	2	2	3	3	1	1	4	3	3	3	4	4	4	4	2	1	4	3	1	4	3	1	1	1	2	1	4	3	4	2	3	3	3	3	4	3	1	3	1	2	1	2	2	3	3	1	4	3	1	2	1	1	2	1	1
UKSW06-227	UKSW06-227	3	2	1	3	4	3	1	2	2	0	3	3	4	4	3	1	0	4	1	2	4	4	0	0	3	1	1	1	1	3	4	2	1	2	3	2	1	1	2	3	3	4	3	3	3	3	1	3	1	4	4	1	2	2	2	1	2	2	2	3	2	3	1	3	4	1	1	2	3	1	4	1	2	1	4	1	3	4	3	1	0	2	3	3	1	1	4	3	3	3	4	4	4	4	2	1	4	3	1	4	3	1	1	1	2	1	4	3	0	2	3	3	3	3	4	3	1	3	1	2	1	2	2	3	3	1	4	3	1	2	1	1	2	1	1
UKSW06-228	UKSW06-228	1	1	3	3	4	1	4	2	3	4	1	1	4	2	4	2	3	2	1	4	4	2	1	4	2	1	1	1	1	3	4	2	1	4	3	2	1	3	3	1	3	2	1	3	1	3	1	3	1	4	4	1	2	1	2	1	2	2	1	4	1	3	3	3	1	1	1	2	3	1	4	3	2	4	4	3	3	3	3	3	2	2	3	1	2	1	4	4	3	3	2	4	4	2	3	1	2	3	3	2	2	1	1	1	2	1	2	2	4	2	1	1	4	3	4	1	1	3	3	3	3	2	2	3	3	1	3	2	1	2	1	1	2	1	3
UKSW06-229	UKSW06-229	1	1	3	3	4	1	4	2	3	4	1	1	4	2	4	2	3	2	1	4	4	2	1	4	2	1	1	1	1	3	4	2	1	4	3	2	1	3	3	1	3	2	1	3	1	3	1	3	1	4	4	1	2	1	2	1	2	2	1	4	1	3	3	3	1	1	1	2	3	1	4	3	2	4	4	3	3	3	3	3	2	2	3	1	2	1	4	4	3	3	2	4	4	2	3	1	2	3	3	2	2	1	1	1	2	1	2	2	4	2	1	1	4	3	4	1	1	3	3	3	3	2	2	3	3	1	3	2	1	2	1	1	2	1	3
UKSW06-231	UKSW06-231	1	1	3	3	4	1	4	2	3	4	1	1	4	2	4	2	3	2	1	4	4	2	1	4	2	1	0	1	1	3	4	2	1	4	3	2	1	3	3	1	3	2	1	3	1	3	1	3	1	4	4	1	2	1	2	1	2	2	1	4	1	3	3	3	1	1	1	2	3	1	4	3	2	4	4	3	3	3	3	3	2	2	3	1	2	1	4	4	3	3	2	4	4	2	3	1	2	3	3	2	2	1	0	1	2	1	2	2	4	2	1	1	4	3	4	1	1	3	3	3	3	0	2	3	3	1	3	2	1	2	1	1	2	1	3
UKSW06-232	UKSW06-232	1	1	3	3	4	1	4	2	3	4	1	1	4	2	4	2	3	2	1	4	4	2	1	4	2	1	1	1	1	3	4	2	1	4	3	2	1	3	3	1	3	2	1	3	1	3	1	3	1	4	4	1	2	1	2	1	2	2	1	4	1	3	3	3	1	1	1	2	3	1	4	3	2	4	4	3	3	3	3	3	2	2	3	1	2	1	4	4	3	3	2	4	4	2	3	1	2	3	3	2	2	1	1	1	2	1	2	2	4	2	1	1	4	3	4	1	1	3	0	3	3	2	2	3	3	1	3	2	1	2	1	1	2	1	3
UKSW06-234	UKSW06-234	3	2	1	1	2	1	4	4	2	2	3	1	4	4	3	2	3	2	1	2	4	4	1	4	2	1	1	2	1	1	4	2	4	2	3	4	1	3	2	1	3	4	1	1	3	3	3	3	1	4	2	2	2	2	2	3	4	4	2	4	2	1	3	3	4	1	1	4	3	1	4	3	2	1	4	1	3	4	1	1	2	2	3	1	2	2	4	3	3	1	2	2	4	2	2	1	4	4	1	4	2	1	2	4	2	3	2	3	0	2	1	1	4	1	4	1	1	0	1	0	1	2	2	3	3	1	3	3	1	2	1	1	2	3	1
UKSW06-235	UKSW06-235	1	1	3	3	4	1	4	2	3	4	1	1	4	2	4	2	3	2	1	4	4	2	1	4	2	1	1	1	1	3	4	2	1	4	3	2	1	3	3	1	3	2	1	3	1	3	1	3	1	4	4	1	2	1	2	1	2	2	1	4	1	3	3	3	1	1	1	2	3	1	4	3	2	4	4	3	3	3	3	3	2	2	3	1	2	1	4	4	0	3	2	4	4	2	3	1	2	3	3	2	2	1	0	1	2	1	2	2	4	2	1	1	4	3	4	1	1	3	1	3	3	2	2	3	3	1	3	2	1	2	1	1	2	1	3
UKSW06-236	UKSW06-236	1	1	3	3	4	1	4	2	3	4	1	1	4	2	4	2	3	2	1	4	4	2	1	4	2	1	1	1	1	3	4	2	1	4	3	2	1	3	3	1	3	2	1	3	1	3	1	3	1	4	4	1	2	1	2	1	2	2	1	4	1	3	3	3	1	1	1	2	3	1	4	3	2	4	4	3	3	3	3	3	2	2	3	1	2	1	4	4	0	3	2	4	4	2	3	1	2	3	3	2	2	1	1	1	2	1	2	2	4	2	1	1	4	3	4	1	1	3	1	3	3	2	2	3	3	1	3	2	1	2	1	1	2	1	3
UKSW06-237	UKSW06-237	1	1	3	3	4	1	4	2	3	4	1	1	4	2	4	2	3	2	1	4	4	2	1	4	2	1	1	1	1	3	4	2	1	4	3	2	1	3	3	1	3	2	1	3	1	3	1	3	1	4	4	1	2	1	2	1	2	2	1	4	1	3	3	3	1	1	1	2	3	1	4	3	2	4	4	3	3	3	3	3	2	2	3	1	2	1	4	4	3	3	2	4	4	2	3	1	2	3	3	2	2	1	1	1	2	1	2	2	4	2	1	1	4	3	4	1	1	3	3	3	3	2	2	3	3	1	3	2	1	2	1	1	2	1	3
UKSW06-238	UKSW06-238	1	1	3	3	4	1	4	2	3	4	1	1	4	2	0	2	0	2	1	4	0	2	0	4	2	1	1	1	1	3	0	0	1	4	3	2	1	3	3	1	0	2	1	3	0	3	0	0	1	4	4	0	0	1	2	1	2	2	1	4	1	3	3	0	1	1	0	0	3	0	4	0	0	0	4	3	3	3	3	3	2	0	3	1	2	1	0	0	3	3	0	4	4	0	3	1	2	3	0	2	2	1	1	0	2	1	2	2	0	0	1	1	4	3	0	1	1	0	0	0	3	2	2	3	0	1	0	2	1	2	1	0	0	1	3
UKSW06-239	UKSW06-239	1	1	3	3	4	1	4	2	3	4	1	1	4	2	4	2	3	2	1	4	4	2	1	4	2	1	1	1	1	3	4	2	1	4	3	2	1	3	3	1	3	2	1	3	1	3	1	3	1	4	4	1	2	1	2	1	2	2	1	4	1	3	3	3	1	1	1	2	3	1	4	3	2	4	4	3	3	3	3	3	2	2	3	1	2	1	4	4	0	3	2	4	4	2	3	1	2	3	3	2	2	1	1	1	2	1	2	2	4	2	1	1	4	3	4	1	1	3	1	3	3	2	2	3	3	1	3	2	1	2	1	1	2	1	3
UKSW06-240	UKSW06-240	3	5	6	1	9	0	0	4	0	0	0	0	7	0	10	5	0	0	0	9	4	4	6	4	0	0	1	5	0	0	4	0	7	0	3	4	0	0	8	0	0	4	1	1	3	3	3	3	0	4	9	2	0	2	0	0	0	9	0	4	0	0	6	3	0	0	1	4	0	1	0	3	9	0	0	0	3	10	6	0	0	2	3	1	5	5	0	3	3	6	2	2	4	2	0	6	4	4	1	4	2	0	2	7	2	3	9	0	9	2	6	1	0	0	4	1	0	1	1	8	6	2	2	0	6	0	3	3	1	9	0	6	9	3	1
UKSW06-241	UKSW06-241	1	1	3	3	4	1	4	2	3	0	1	0	4	0	4	2	3	0	0	4	4	2	1	4	0	0	1	1	1	0	4	2	1	0	3	2	0	0	3	1	3	2	1	3	1	3	1	3	0	4	4	1	2	1	2	0	0	2	0	4	0	3	3	3	0	0	1	2	0	1	4	3	2	4	0	3	3	3	3	0	0	2	3	1	2	1	4	4	3	3	2	4	4	2	0	1	2	3	3	2	2	1	1	1	2	1	2	0	4	2	1	1	4	3	4	1	0	3	1	3	3	2	2	0	3	1	3	2	1	2	0	1	2	1	3
UKSW06-242	UKSW06-242	1	1	3	3	4	1	4	2	3	0	1	0	4	0	4	2	3	0	0	4	4	2	1	4	0	0	1	1	1	0	4	2	1	0	3	2	0	0	3	1	3	2	1	3	1	3	1	3	0	4	4	1	2	1	2	0	0	2	0	4	0	3	3	3	0	0	1	2	0	1	4	3	2	4	0	3	3	3	3	0	0	2	3	1	2	1	4	4	3	3	2	4	4	2	0	1	2	3	3	2	2	1	1	1	2	1	2	0	4	2	1	1	4	3	4	1	0	3	0	3	3	2	2	0	3	1	3	2	1	2	0	1	2	1	3
UKSW06-243	UKSW06-243	1	1	3	3	4	1	4	2	3	0	1	0	4	0	4	2	3	0	0	4	4	2	1	4	0	0	1	1	1	0	4	2	1	0	3	2	0	0	3	1	3	2	1	3	1	3	1	3	0	4	4	1	2	1	2	0	0	2	0	4	0	3	3	3	0	0	1	2	0	1	4	3	2	4	0	3	3	3	3	0	0	2	3	1	2	1	4	4	3	3	2	4	4	2	0	1	2	3	3	2	2	1	1	1	2	1	2	0	4	2	1	1	4	3	4	1	0	3	0	3	3	2	2	0	3	1	3	2	1	2	0	1	2	1	3
UKSW06-244	UKSW06-244	3	2	3	1	2	3	4	4	0	0	3	0	4	0	3	1	2	0	0	2	4	4	3	4	0	0	3	2	3	0	4	4	1	0	3	4	0	0	2	3	3	4	1	1	3	3	3	3	0	4	4	1	2	2	2	0	0	2	0	4	0	1	3	3	0	0	1	2	0	1	4	1	4	4	0	1	1	4	3	0	0	2	3	1	1	2	4	3	3	3	2	4	1	4	0	1	2	3	3	4	2	4	2	4	2	1	2	0	2	2	1	1	4	1	4	1	0	3	3	3	3	2	2	0	3	1	3	2	1	2	0	1	2	1	1
UKSW06-245	UKSW06-245	3	2	3	1	2	3	4	4	0	0	3	0	4	0	3	1	2	0	0	2	4	4	3	4	0	0	3	2	3	0	4	4	1	0	3	0	0	0	2	3	3	4	1	1	3	3	3	3	0	4	4	1	2	2	0	0	0	2	0	4	0	1	3	3	0	0	1	2	0	1	4	1	4	4	0	1	0	4	3	0	0	2	3	1	1	0	4	3	3	3	2	4	1	4	0	1	2	3	3	4	2	4	2	4	2	1	2	0	2	2	1	1	4	1	4	1	0	3	3	3	0	2	2	0	3	1	3	2	1	2	0	1	2	1	1
UKSW06-246	UKSW06-246	3	2	3	1	2	3	4	4	0	0	3	0	4	0	3	1	2	0	0	2	4	4	3	4	0	0	3	2	3	0	4	4	1	0	3	4	0	0	2	3	3	4	1	1	3	3	3	3	0	4	4	1	2	2	2	0	0	2	0	4	0	1	3	3	0	0	1	2	0	1	4	1	4	4	0	1	1	4	3	0	0	2	3	1	1	2	4	3	3	3	2	4	1	4	0	1	2	3	3	4	2	4	2	4	2	1	2	0	2	2	1	1	4	1	4	1	0	3	3	3	3	0	2	0	3	1	3	2	1	2	0	1	2	1	1
UKSW06-247	UKSW06-247	1	1	3	0	4	1	4	2	0	0	1	0	4	0	4	0	3	0	0	4	4	2	1	4	0	0	1	1	0	0	4	2	1	0	3	2	0	0	3	1	3	2	1	3	1	3	1	3	0	4	4	1	2	1	0	0	0	2	0	4	0	3	3	3	0	0	1	2	0	1	4	3	2	4	0	3	3	3	3	0	0	2	3	1	2	1	4	4	3	3	2	4	4	2	0	1	2	3	3	2	2	1	1	1	2	1	2	0	4	2	1	1	4	3	4	1	0	3	0	3	0	2	2	0	3	1	3	2	1	2	0	1	2	1	3
UKSW06-248	UKSW06-248	3	1	3	3	4	3	1	4	0	0	1	0	1	0	4	1	2	0	0	4	4	4	3	4	0	0	1	1	3	0	4	4	1	0	3	4	0	0	3	3	1	4	1	1	3	3	3	3	0	4	4	2	4	1	0	0	0	2	0	4	0	3	1	3	0	0	1	4	0	1	1	3	4	4	0	3	1	3	3	0	0	2	3	1	1	1	2	3	3	3	2	2	4	2	0	3	0	3	1	4	2	4	2	1	2	3	4	0	2	2	3	1	3	3	4	1	0	1	0	2	0	2	2	0	1	3	3	3	1	4	0	3	4	3	1
UKSW06-249	UKSW06-249	3	1	3	3	4	3	1	4	0	0	1	0	1	0	4	1	2	0	0	4	4	4	3	4	0	0	1	1	0	0	4	4	1	0	3	4	0	0	3	3	1	4	1	1	3	3	3	3	0	4	4	2	4	1	0	0	0	2	0	4	0	3	1	3	0	0	1	4	0	1	1	3	4	4	0	3	1	3	3	0	0	2	3	1	1	1	2	3	3	3	2	2	4	2	0	3	4	3	1	4	2	4	2	1	2	3	4	0	2	2	3	1	3	3	4	1	0	1	0	2	0	2	2	0	1	3	3	3	1	4	0	3	4	3	1
UKSW06-250	UKSW06-250	3	1	3	3	4	3	1	4	0	0	1	0	1	0	4	1	2	0	0	4	4	4	3	4	0	0	1	1	3	0	4	4	1	0	3	4	0	0	3	3	1	4	1	1	3	3	3	3	0	4	4	2	4	1	0	0	0	2	0	4	0	3	1	3	0	0	1	4	0	1	1	3	4	4	0	3	1	3	3	0	0	2	3	1	1	1	2	3	3	3	2	2	4	2	0	3	4	3	1	4	2	4	2	1	2	3	4	0	2	2	3	1	3	3	4	1	0	1	1	2	3	2	2	0	1	3	3	3	1	4	0	3	4	3	1
UKSW06-251	UKSW06-251	3	1	3	3	4	3	1	4	0	4	1	0	1	0	4	1	2	0	0	4	4	4	3	4	0	0	1	1	3	0	4	4	1	0	3	4	0	0	3	3	1	4	1	1	3	3	3	3	0	4	4	2	4	1	2	0	0	2	0	4	0	3	1	3	0	0	1	4	0	1	1	3	4	4	0	3	1	3	3	0	0	2	3	1	1	1	2	3	3	3	2	2	4	2	0	3	4	3	1	4	2	4	2	1	2	3	4	0	2	2	3	1	3	3	4	1	0	1	1	2	3	2	2	0	1	3	3	3	1	4	0	3	4	3	1
UKSW06-254	UKSW06-254	1	1	3	3	4	1	4	2	0	0	1	0	4	0	4	2	3	0	0	4	4	2	1	4	0	0	1	1	1	0	4	2	1	0	3	2	0	0	3	1	3	2	1	3	1	3	1	3	0	4	4	1	2	1	0	0	0	2	0	4	0	3	3	3	0	0	1	2	0	1	4	3	2	4	0	3	3	3	3	0	0	2	3	1	2	1	4	4	3	3	2	4	4	2	0	1	2	3	3	2	2	1	1	1	2	1	2	0	4	2	1	1	4	3	4	1	0	3	1	3	0	2	2	0	3	1	3	2	1	2	0	1	2	1	3
UKSW06-255	UKSW06-255	3	2	1	0	2	3	4	2	0	0	1	0	4	0	4	1	2	0	0	2	4	4	1	4	0	0	1	2	0	0	3	4	1	0	1	0	0	0	2	3	3	0	1	1	1	1	3	4	0	2	2	2	2	1	0	0	0	2	0	3	0	3	1	3	0	0	4	2	0	2	4	1	4	4	0	1	1	4	1	0	0	4	1	1	1	2	2	4	4	0	4	2	0	4	0	1	4	3	1	4	3	1	0	1	2	3	2	0	2	4	3	3	3	3	3	3	0	1	1	2	0	1	2	0	1	1	3	3	3	4	0	1	2	3	1
