strain	category	AtMSQTsnp 2	AtMSQTsnp 4	AtMSQTsnp 8	AtMSQTsnp 9	AtMSQTsnp 10	AtMSQTsnp 11	AtMSQTsnp 12	AtMSQTsnp 14	AtMSQTsnp 15	AtMSQTsnp 18	AtMSQTsnp 21	AtMSQTsnp 22	AtMSQTsnp 27	AtMSQTsnp 29	AtMSQTsnp 30	AtMSQTsnp 31	AtMSQTsnp 33	AtMSQTsnp 38	AtMSQTsnp 40	AtMSQTsnp 41	AtMSQTsnp 47	AtMSQTsnp 48	AtMSQTsnp 49	AtMSQTsnp 53	AtMSQTsnp 54	AtMSQTsnp 57	AtMSQTsnp 58	AtMSQTsnp 60	AtMSQTsnp 61	AtMSQTsnp 62	AtMSQTsnp 63	AtMSQTsnp 65	AtMSQTsnp 67	AtMSQTsnp 69	AtMSQTsnp 73	AtMSQTsnp 76	AtMSQTsnp 85	AtMSQTsnp 87	AtMSQTsnp 88	AtMSQTsnp 90	AtMSQTsnp 91	AtMSQTsnp 92	AtMSQTsnp 97	AtMSQTsnp 100	AtMSQTsnp 101	AtMSQTsnp 104	AtMSQTsnp 108	AtMSQTsnp 114	AtMSQTsnp 118	AtMSQTsnp 123	AtMSQTsnp 126	AtMSQTsnp 128	AtMSQTsnp 129	AtMSQTsnp 130	AtMSQTsnp 132	AtMSQTsnp 138	AtMSQTsnp 140	AtMSQTsnp 142	AtMSQTsnp 143	AtMSQTsnp 145	AtMSQTsnp 146	AtMSQTsnp 155	AtMSQTsnp 156	AtMSQTsnp 159	AtMSQTsnp 164	AtMSQTsnp 169	AtMSQTsnp 170	AtMSQTsnp 173	AtMSQTsnp 174	AtMSQTsnp 177	AtMSQTsnp 184	AtMSQTsnp 186	AtMSQTsnp 187	AtMSQTsnp 188	AtMSQTsnp 189	AtMSQTsnp 191	AtMSQTsnp 194	AtMSQTsnp 197	AtMSQTsnp 198	AtMSQTsnp 203	AtMSQTsnp 205	AtMSQTsnp 214	AtMSQTsnp 220	AtMSQTsnp 222	AtMSQTsnp 223	AtMSQTsnp 231	AtMSQTsnp 232	AtMSQTsnp 235	AtMSQTsnp 237	AtMSQTsnp 242	AtMSQTsnp 244	AtMSQTsnp 249	AtMSQTsnp 254	AtMSQTsnp 260	AtMSQTsnp 263	AtMSQTsnp 266	AtMSQTsnp 267	AtMSQTsnp 274	AtMSQTsnp 278	AtMSQTsnp 279	AtMSQTsnp 281	AtMSQTsnp 282	AtMSQTsnp 285	AtMSQTsnp 286	AtMSQTsnp 288	AtMSQTsnp 292	AtMSQTsnp 294	AtMSQTsnp 300	AtMSQTsnp 304	AtMSQTsnp 306	AtMSQTsnp 307	AtMSQTsnp 310	AtMSQTsnp 312	AtMSQTsnp 315	AtMSQTsnp 321	AtMSQTsnp 323	AtMSQTsnp 325	AtMSQTsnp 327	AtMSQTsnp 331	AtMSQTsnp 334	AtMSQTsnp 343	AtMSQTsnp 350	AtMSQTsnp 351	AtMSQTsnp 355	AtMSQTsnp 358	AtMSQTsnp 359	AtMSQTsnp 360	AtMSQTsnp 361	AtMSQTsnp 368	AtMSQTsnp 370	AtMSQTsnp 372	AtMSQTsnp 373	AtMSQTsnp 378	AtMSQTsnp 379	AtMSQTsnp 388	AtMSQTsnp 390	AtMSQTsnp 392	AtMSQTsnp 394	AtMSQTsnp 395	AtMSQTsnp 397	AtMSQTsnp 398	AtMSQTsnp 399	AtMSQTsnp 404	AtMSQTsnp 406	AtMSQTsnp 408	AtMSQTsnp 409	AtMSQTsnp 410	AtMSQTsnp 412	AtMSQTsnp 415
PT1.01	PT1.01	3	1	1	1	4	1	1	2	2	4	1	3	4	2	3	1	3	2	1	4	4	2	1	4	3	1	2	1	1	3	1	3	0	2	4	1	2	1	3	2	3	3	4	1	3	3	1	3	3	1	2	2	2	4	1	4	3	4	2	1	3	2	3	3	3	1	1	1	2	3	1	1	1	4	4	2	3	4	1	3	1	1	2	2	3	1	2	2	4	3	3	1	2	4	4	4	3	3	2	4	1	4	2	1	1	4	4	2	1	2	4	2	2	2	3	1	3	3	4	3	3	1	1	0	3	3	1	2	2	3	1	1	3	3	2	1	1	1	1
PT1.02	PT1.02	1	1	1	3	4	1	1	4	2	2	3	1	4	2	3	1	0	4	1	2	2	2	0	4	2	4	0	1	2	1	1	3	0	4	2	3	2	3	3	2	3	1	2	1	3	1	1	1	3	3	2	4	2	4	2	4	1	2	4	1	4	0	1	1	3	1	1	1	2	3	1	1	1	4	4	4	3	3	3	0	1	3	2	2	3	1	2	2	4	3	0	1	4	4	4	2	3	3	0	3	1	4	0	4	0	2	4	2	1	2	4	2	2	2	3	1	4	3	4	4	3	1	1	0	3	3	1	2	2	3	1	1	3	3	2	1	1	1	1
PT1.04	PT1.04	3	2	1	1	2	1	1	2	2	4	1	1	4	2	3	1	0	4	2	2	4	4	1	4	0	1	0	3	2	1	3	4	2	4	4	3	4	1	3	2	3	1	4	1	1	3	1	1	3	3	2	4	1	4	1	4	3	4	2	1	0	0	3	3	1	4	1	4	2	1	1	4	1	4	4	2	1	4	3	0	1	1	0	2	3	1	1	1	4	3	0	1	4	4	4	2	3	1	0	4	3	0	0	1	0	4	4	1	3	4	4	3	0	4	1	3	3	3	4	4	3	1	3	0	3	0	1	0	0	3	3	3	3	3	4	0	1	3	1
PT1.08	PT1.08	1	1	1	3	4	1	1	4	2	2	3	1	4	2	3	1	0	4	1	2	2	2	0	4	2	4	0	1	2	1	1	3	0	4	2	3	2	3	3	2	3	3	2	1	3	1	3	1	3	3	2	4	2	2	2	4	3	4	4	1	4	0	1	1	3	1	1	1	2	3	1	1	1	4	4	4	3	3	3	0	1	3	2	2	3	1	2	2	4	3	0	1	4	4	4	2	3	3	0	3	1	0	0	4	0	2	4	2	1	2	4	2	2	2	3	1	4	3	4	4	3	1	1	0	3	3	1	0	2	3	1	1	3	3	2	1	1	1	1
PT1.09	PT1.09	1	1	1	3	4	1	1	4	2	2	3	1	4	2	3	1	3	4	1	2	2	2	1	4	2	4	2	1	2	1	1	3	0	4	2	3	2	3	3	2	3	3	2	1	3	1	3	1	3	3	2	4	2	2	2	4	3	4	4	1	4	1	1	1	3	1	1	1	2	3	1	1	1	4	4	4	3	3	3	1	1	3	2	2	3	1	2	2	4	3	3	1	4	4	4	2	3	3	4	3	1	4	3	4	1	2	4	2	1	2	4	2	2	2	3	1	4	3	4	4	3	1	1	0	3	3	1	2	2	3	1	1	3	3	2	1	1	1	1
PT1.10	PT1.10	1	1	1	3	4	1	1	4	2	2	3	1	4	2	3	1	3	4	1	2	2	2	1	4	2	4	2	1	2	1	1	3	0	4	2	3	2	3	3	2	3	3	2	1	3	1	3	1	3	3	2	4	2	2	2	4	3	4	4	1	4	1	1	1	3	1	1	1	2	3	1	1	1	4	4	4	3	3	3	0	1	3	2	2	3	1	2	2	4	3	3	1	4	4	4	2	3	3	4	3	1	4	3	4	1	2	4	2	1	2	4	2	2	2	3	1	4	3	4	4	3	1	1	0	3	3	1	2	2	3	1	1	3	3	2	1	1	1	1
PT1.11	PT1.11	3	2	1	1	2	1	1	2	2	4	1	1	4	2	3	1	2	4	2	2	4	4	1	4	3	1	2	3	2	1	3	4	2	4	4	3	4	1	3	2	3	1	4	1	1	3	1	1	3	3	2	4	1	4	1	4	3	4	2	1	3	2	3	3	1	4	1	4	2	1	1	4	1	4	4	2	1	4	3	3	1	1	4	2	3	1	1	1	4	3	3	1	4	4	4	2	3	1	2	4	3	0	2	1	2	4	4	1	3	4	4	3	0	4	1	3	3	3	4	4	3	1	3	1	3	2	1	1	2	3	3	3	3	3	4	1	1	3	1
PT1.12	PT1.12	0	1	1	3	4	1	1	4	2	2	3	1	4	2	3	1	3	4	1	2	2	2	1	4	2	4	2	1	2	1	1	3	2	4	2	3	2	3	3	3	3	3	2	1	3	1	3	1	3	3	2	4	2	2	2	4	3	4	4	1	4	1	1	1	3	1	1	1	2	3	1	1	1	4	4	4	3	3	3	1	1	3	2	2	3	1	2	2	4	3	3	1	4	4	4	2	3	3	4	3	1	4	3	4	1	2	4	2	1	2	4	2	2	2	3	1	4	3	4	4	3	1	1	3	3	3	1	2	2	3	1	1	3	3	2	1	1	1	1
PT1.14	PT1.14	1	1	1	3	4	1	1	4	2	2	3	1	4	2	3	1	3	4	1	2	2	2	1	4	2	4	2	1	2	1	1	3	0	4	2	3	2	3	3	2	3	3	2	1	3	1	3	1	3	3	2	4	2	2	2	4	3	4	4	1	4	1	1	1	3	1	1	1	2	3	1	1	1	4	4	4	3	3	3	1	1	3	2	2	3	1	2	2	4	3	3	1	4	4	4	2	3	3	4	3	1	4	3	4	1	2	4	2	1	2	4	2	2	2	3	1	4	3	4	4	3	1	1	0	3	3	1	2	2	3	1	1	3	3	2	1	1	1	1
PT1.23	PT1.23	3	2	1	1	2	0	0	0	2	4	1	1	4	0	3	1	0	4	2	2	0	4	1	4	3	0	0	0	2	1	3	4	2	0	4	3	4	1	3	2	3	0	4	1	0	3	1	0	3	3	2	4	0	4	0	4	0	4	2	1	3	0	3	3	1	4	1	4	2	1	1	4	1	4	4	2	1	4	3	0	1	1	4	0	3	1	1	1	4	3	0	1	4	4	4	2	3	1	0	4	3	4	0	1	0	0	4	1	3	4	0	3	0	4	1	3	3	3	4	4	3	1	0	0	3	0	1	0	0	3	3	3	3	3	4	0	1	3	1
PT1.24	PT1.24	1	1	1	3	4	1	1	4	2	2	3	1	4	2	3	1	0	4	1	2	2	2	1	4	2	4	0	0	2	1	1	4	0	4	4	3	2	3	3	2	3	3	2	1	3	1	3	3	3	1	2	2	1	2	2	4	3	4	2	1	0	0	3	3	3	1	1	1	2	3	1	1	1	4	4	4	3	3	3	0	1	3	2	0	1	1	2	0	4	4	0	1	4	4	4	2	3	3	0	3	3	4	0	1	0	4	4	2	1	2	3	3	0	2	3	1	4	3	4	4	3	1	1	0	3	0	1	0	2	3	3	3	3	3	2	1	1	3	1
PT1.26	PT1.26	3	2	1	1	2	1	1	2	2	4	1	1	4	2	3	1	2	4	2	2	4	4	1	4	3	1	2	3	2	1	3	4	0	4	4	3	4	1	3	2	3	1	4	1	1	3	1	1	3	3	2	4	1	4	1	4	3	4	2	1	3	0	3	3	1	4	1	4	2	1	1	4	1	4	4	2	1	4	3	3	1	1	4	2	3	1	1	1	4	3	3	1	4	4	4	2	3	1	0	4	3	4	2	1	2	4	4	1	3	4	4	3	0	4	1	3	3	3	4	4	3	1	3	1	3	2	1	1	2	3	3	3	3	3	4	1	1	3	1
PT1.28	PT1.28	3	2	1	3	4	1	1	4	2	2	3	1	4	2	3	1	3	4	1	4	4	2	1	4	3	1	2	3	2	1	3	4	0	4	4	1	2	1	3	2	3	3	4	1	3	3	1	1	3	3	2	4	1	4	1	4	3	4	4	1	4	1	1	1	3	1	1	1	2	3	1	1	1	4	4	2	3	4	1	3	1	1	2	4	1	1	2	2	4	4	4	1	4	4	4	2	3	3	4	3	1	4	3	4	1	2	4	2	1	2	4	2	2	2	3	1	4	3	4	4	3	1	3	1	3	2	1	1	2	3	3	3	3	3	2	1	1	1	1
PT1.29	PT1.29	0	2	1	1	2	1	1	2	2	4	1	1	4	2	3	1	2	4	2	2	4	4	1	4	3	1	2	3	2	1	3	4	2	4	4	3	4	1	3	2	3	1	4	1	1	1	3	1	3	3	2	0	1	9	1	9	6	9	9	5	3	2	3	3	6	4	1	1	2	1	2	4	1	4	4	2	3	4	1	1	1	1	2	2	1	1	1	1	4	3	3	1	4	4	4	2	3	0	2	4	3	0	0	1	2	4	4	1	3	4	4	3	4	4	1	6	3	3	4	4	3	1	3	1	3	8	3	0	9	3	6	6	3	6	9	1	1	3	1
PT1.30	PT1.30	3	2	1	1	2	1	1	2	2	4	1	1	4	2	3	1	0	4	2	2	4	4	0	4	3	1	0	0	2	1	3	4	0	4	4	3	4	1	3	2	3	1	4	1	0	3	1	1	3	3	2	4	1	4	1	4	3	4	2	1	0	0	3	3	1	4	1	4	2	1	1	4	1	4	4	2	1	4	3	0	1	1	4	2	3	1	1	1	4	3	0	1	4	4	4	2	3	1	0	4	3	4	0	1	0	4	4	1	3	4	4	3	0	4	1	3	3	3	4	4	3	1	3	1	3	2	1	0	0	3	3	3	3	3	4	1	1	3	1
PT1.31	PT1.31	3	2	1	1	2	1	1	2	2	4	1	1	4	2	3	1	0	4	2	2	4	4	1	4	3	1	0	3	2	1	3	4	2	4	4	3	4	1	3	2	3	1	4	1	1	3	1	0	3	3	2	4	1	4	1	4	3	4	2	1	3	0	3	3	1	4	1	4	2	1	1	4	1	4	4	2	1	4	3	0	1	1	4	0	3	1	1	1	4	3	0	1	4	4	4	2	3	1	0	4	3	4	0	1	0	4	4	1	3	4	4	3	0	4	1	3	3	3	4	4	3	1	3	0	3	0	1	0	0	3	3	3	3	3	4	0	1	3	1
PT1.32	PT1.32	3	2	1	1	2	1	1	2	2	4	1	1	4	2	3	1	0	4	2	2	4	4	0	4	3	1	0	3	2	1	3	4	0	4	4	3	4	1	3	2	3	1	4	1	1	3	1	1	3	3	2	4	1	4	1	4	3	4	2	1	3	0	3	3	1	4	1	4	2	1	1	4	1	4	4	2	1	4	3	0	1	1	4	2	3	1	1	1	4	3	0	1	4	4	4	2	3	1	0	4	3	4	0	1	0	0	4	1	3	4	4	3	4	4	1	3	3	3	4	4	3	1	3	1	3	0	1	0	0	3	3	3	3	3	4	1	1	3	1
PT1.33	PT1.33	3	2	1	1	2	0	1	2	2	4	1	1	4	2	3	1	0	4	2	2	0	4	0	4	3	1	0	0	2	1	3	4	2	0	4	3	4	1	3	2	3	0	4	1	1	3	1	0	3	3	2	4	0	4	1	4	0	4	2	1	3	0	3	3	1	4	1	4	2	1	1	4	1	4	4	2	1	4	3	0	1	1	4	0	3	1	1	1	4	3	0	1	4	4	4	2	3	1	0	4	3	0	0	1	0	4	4	1	3	4	4	3	0	4	1	3	3	3	4	4	3	0	0	0	3	0	1	0	0	3	3	3	3	3	4	0	1	3	1
PT1.36	PT1.36	3	2	1	1	2	1	1	2	2	4	1	1	4	2	3	1	2	4	2	2	4	4	1	4	3	1	0	3	2	1	3	4	2	4	4	3	4	1	3	2	3	1	4	1	1	3	1	1	3	3	2	4	1	4	1	4	3	4	2	1	3	0	3	3	1	4	1	4	2	1	1	4	1	4	4	2	1	4	3	0	1	1	4	2	3	1	1	1	4	3	3	1	4	4	4	2	3	1	0	4	3	4	0	1	0	4	4	1	3	4	4	3	4	4	1	3	3	3	4	4	3	1	3	1	3	2	1	1	2	3	3	3	3	3	4	1	1	3	1
PT1.49	PT1.49	1	1	1	3	4	1	1	4	2	2	3	1	4	2	3	1	0	4	1	2	2	2	1	4	2	4	0	1	2	1	1	3	2	4	2	3	2	3	3	2	3	1	2	1	3	1	1	1	3	3	2	4	2	4	2	4	1	2	4	1	4	0	1	1	3	1	1	1	2	3	1	1	1	4	4	4	3	3	3	0	1	3	2	2	3	1	2	2	4	3	3	1	4	4	4	2	3	3	0	3	1	4	3	4	0	2	4	2	1	2	4	2	2	2	3	1	4	3	4	4	3	1	1	0	3	3	1	2	2	3	1	1	3	3	2	1	1	1	1
PT1.50	PT1.50	1	1	1	3	4	1	1	4	2	2	3	1	4	2	3	1	3	4	1	2	2	2	0	4	2	4	2	1	2	1	1	3	2	4	2	3	2	3	3	2	3	1	2	1	3	1	1	1	3	3	2	4	2	4	2	4	1	2	4	1	4	1	1	1	3	1	1	1	2	3	1	1	1	4	4	4	3	3	3	0	1	3	2	2	3	1	2	2	4	3	3	1	4	4	4	2	3	3	4	3	1	4	3	4	1	2	4	2	1	2	4	2	2	2	3	1	4	3	4	4	3	1	1	0	3	3	1	2	2	3	1	1	3	3	2	1	1	1	1
PT1.52	PT1.52	3	2	1	1	2	1	1	2	2	4	1	1	4	2	3	1	0	4	2	2	4	4	1	4	3	1	0	3	2	1	3	4	2	4	4	3	4	1	3	2	3	1	4	1	1	3	1	1	3	3	2	4	1	4	1	4	3	4	2	1	3	0	3	3	1	4	1	4	2	1	1	4	1	4	4	2	1	4	3	0	1	1	4	2	3	1	1	1	4	3	0	1	4	4	4	2	3	1	0	4	3	4	0	1	0	4	4	1	3	4	4	3	4	4	1	3	3	3	4	4	3	1	3	0	3	0	1	0	0	3	3	3	3	3	4	0	1	3	1
PT1.56	PT1.56	3	2	1	1	2	0	0	0	2	4	1	1	4	0	3	1	0	4	2	2	0	4	0	4	3	0	0	0	2	1	3	4	2	0	4	3	4	1	3	2	3	0	4	0	0	3	0	0	3	3	2	4	0	4	0	4	0	0	2	1	0	0	3	3	1	4	1	4	2	0	1	4	1	4	0	0	1	4	3	0	1	1	0	0	3	1	0	1	4	3	0	1	4	4	4	2	3	1	0	4	3	4	0	1	0	4	4	1	3	4	0	3	4	4	1	3	3	3	4	4	3	1	0	0	3	0	1	0	0	3	3	3	3	3	4	0	1	3	1
PT1.57	PT1.57	3	2	1	1	2	1	1	2	2	4	1	1	4	2	3	1	0	4	2	2	4	4	1	4	3	1	0	3	2	1	3	4	0	4	4	3	4	1	3	2	3	1	4	1	1	3	1	1	3	3	2	4	1	4	1	4	3	4	2	1	3	0	3	3	1	4	1	4	2	1	1	4	1	4	4	2	1	4	3	0	1	1	0	2	3	1	1	1	4	3	3	1	4	4	4	2	3	1	0	4	3	4	2	1	0	4	4	1	3	4	4	3	4	4	1	3	3	3	4	4	3	1	3	1	3	2	1	1	2	3	3	3	3	3	4	1	1	3	1
PT1.60	PT1.60	0	2	1	1	2	1	1	2	2	4	1	1	4	2	3	1	0	4	2	2	4	4	1	4	3	1	0	3	2	1	3	4	0	4	4	3	4	1	3	2	3	1	4	1	1	3	1	1	3	3	2	4	1	4	1	4	3	4	2	1	3	0	3	3	1	4	1	4	2	1	1	4	1	4	4	2	1	4	3	0	1	1	4	2	3	1	1	1	4	3	0	1	4	4	4	2	3	1	0	4	3	4	0	1	0	4	4	1	3	4	4	3	0	4	1	3	3	3	4	4	3	1	3	1	3	2	1	1	2	3	3	3	3	3	4	1	1	3	1
PT1.62	PT1.62	3	2	1	1	2	1	1	2	2	4	1	1	4	2	3	1	2	4	2	2	4	4	1	4	3	1	2	3	2	1	3	4	0	4	4	3	4	1	3	2	3	1	4	1	1	3	1	1	3	3	2	4	1	4	1	4	3	4	2	1	3	2	3	3	1	4	1	4	2	1	1	4	1	4	4	2	1	4	3	3	1	1	4	2	3	1	1	1	4	3	3	1	4	4	4	2	3	1	0	4	3	4	2	1	2	4	4	1	3	4	4	3	4	4	1	3	3	3	4	4	3	1	3	1	3	2	1	1	2	3	3	3	3	3	4	1	1	3	1
PT1.63	PT1.63	3	2	1	1	2	1	1	2	2	4	1	1	4	2	3	1	0	4	2	2	4	4	1	4	3	1	0	3	2	1	3	4	0	4	4	3	4	1	3	2	3	1	4	1	1	3	1	0	3	3	2	4	1	4	1	4	3	4	2	1	3	0	3	3	1	4	1	4	2	1	1	4	1	4	4	2	1	4	3	0	1	1	4	0	3	1	1	1	4	3	0	1	4	4	4	2	3	1	0	4	3	0	0	1	0	4	4	1	3	4	4	3	0	4	1	3	3	3	4	4	3	1	3	1	3	0	1	0	0	3	3	3	3	3	4	0	1	3	1
PT1.66	PT1.66	3	2	1	1	2	1	1	2	2	4	1	1	4	2	3	1	2	4	2	2	4	4	1	4	3	1	2	3	2	1	3	4	0	4	4	3	4	1	3	2	3	1	4	1	1	3	1	1	3	3	2	4	1	4	1	4	3	4	2	1	3	2	3	3	1	4	1	4	2	1	1	4	1	4	4	2	1	4	3	3	1	1	4	2	3	1	1	1	4	3	3	1	4	4	4	2	3	1	2	4	3	4	2	1	2	4	4	1	3	4	4	3	4	4	1	3	3	3	4	4	3	1	3	1	3	2	1	1	2	3	3	3	3	3	4	1	1	3	1
PT1.71	PT1.71	0	2	1	1	2	0	0	0	2	4	1	1	4	0	3	1	0	4	2	2	0	4	1	4	3	0	0	0	2	1	3	4	2	0	4	3	4	1	3	2	3	0	4	0	0	0	0	0	3	3	2	4	0	0	0	4	0	0	2	1	3	0	3	3	1	4	1	4	2	0	1	4	1	4	0	0	1	4	3	0	1	1	0	0	3	1	0	1	4	3	0	1	4	4	4	2	3	1	0	4	3	4	0	1	0	4	4	1	3	4	0	3	0	4	1	3	0	3	4	4	3	0	0	0	3	0	1	0	0	3	3	3	3	3	4	0	1	3	1
PT1.72	PT1.72	0	2	1	1	2	1	1	2	2	4	1	1	4	2	3	1	2	4	2	2	4	4	1	4	3	1	2	3	2	1	3	4	2	4	4	3	4	1	3	2	3	1	4	1	1	3	1	1	3	3	2	4	1	4	1	4	3	4	2	1	3	2	3	3	1	4	1	4	2	1	1	4	1	4	4	2	1	4	3	3	1	1	4	2	3	1	1	1	4	3	3	1	4	4	4	2	3	1	2	4	3	4	2	1	2	4	4	1	3	4	4	3	4	4	1	3	3	3	4	4	3	0	3	1	3	2	1	1	2	3	3	3	3	3	4	1	1	3	1
PT1.73	PT1.73	3	2	1	1	2	1	1	2	2	4	1	1	4	2	3	1	0	4	2	2	4	4	1	4	3	1	0	0	2	1	3	4	2	4	4	3	4	1	3	2	3	1	4	1	1	3	1	0	3	3	2	4	1	4	1	4	0	4	2	1	3	0	3	3	1	4	1	4	2	1	1	4	1	4	4	2	1	4	3	0	1	1	4	0	3	1	1	1	4	3	0	1	4	4	4	2	3	1	0	4	3	4	0	1	0	4	4	1	3	4	4	3	0	4	1	3	3	3	4	4	3	1	3	0	3	0	1	0	0	3	3	3	3	3	4	0	1	3	1
PT1.74	PT1.74	3	2	1	1	2	1	1	2	2	4	1	1	4	2	3	1	2	4	2	2	4	4	0	4	3	1	0	3	2	1	3	4	0	4	4	3	4	1	3	2	3	1	4	1	1	3	1	1	3	3	2	4	1	4	1	4	3	4	2	1	3	0	3	3	1	4	1	4	2	1	1	4	1	4	4	2	1	4	3	3	1	1	4	2	3	1	1	1	4	3	0	1	4	4	4	2	3	1	0	4	3	4	0	1	0	4	4	1	3	4	4	3	4	4	1	3	3	3	4	4	3	1	3	1	3	2	1	1	2	3	3	3	3	3	4	1	1	3	1
PT1.75	PT1.75	3	2	1	1	2	1	1	2	2	4	1	1	4	2	3	1	2	4	2	2	4	4	1	4	3	1	2	3	2	1	3	4	0	4	4	3	4	1	3	2	3	1	4	1	1	3	1	1	3	3	2	4	1	4	1	4	3	4	2	1	3	0	3	3	1	4	1	4	2	1	1	4	1	4	4	2	1	4	3	0	1	1	4	2	3	1	1	1	4	3	3	1	4	4	4	2	3	1	0	4	3	4	2	1	0	4	4	1	3	4	4	3	4	4	1	3	3	3	4	4	3	1	3	1	3	2	1	1	2	3	3	3	3	3	4	1	1	3	1
PT1.76	PT1.76	3	2	1	1	2	0	1	2	2	4	0	1	4	2	3	1	0	4	2	2	0	4	0	4	0	1	0	0	2	1	3	4	2	4	4	3	4	1	3	2	3	1	4	0	0	3	1	0	3	3	2	4	1	4	0	4	0	4	2	1	0	0	0	3	1	4	1	4	2	1	1	0	1	4	4	2	1	0	0	0	1	1	4	0	3	1	1	1	4	3	0	1	4	4	4	2	3	1	0	0	3	4	0	1	0	0	4	1	3	4	4	3	4	4	1	0	3	3	4	4	3	1	0	0	3	0	1	0	0	3	3	3	3	3	4	0	1	3	1
PT1.77	PT1.77	3	2	1	1	2	1	1	2	2	4	1	1	4	2	3	1	0	4	2	2	4	4	0	4	3	1	0	3	2	1	3	4	2	4	4	3	4	1	3	2	3	1	4	1	1	3	1	0	3	3	2	4	1	4	1	4	3	4	2	1	3	0	3	3	1	4	1	4	2	1	1	4	1	4	4	2	1	4	3	0	1	1	0	0	3	1	1	1	4	3	0	1	4	4	4	2	3	1	0	4	3	0	0	1	0	0	4	1	3	4	4	3	0	4	1	3	3	3	4	4	3	1	3	0	3	0	1	0	0	3	3	3	3	3	4	0	1	3	1
PT1.79	PT1.79	3	2	1	1	2	1	1	2	2	4	1	1	4	2	3	1	0	4	2	2	0	4	0	4	3	1	0	0	2	1	3	4	0	4	4	3	4	1	3	2	3	0	4	1	1	3	1	0	3	3	2	4	1	4	1	4	3	4	2	1	0	0	3	3	1	4	1	4	2	1	1	4	1	4	4	2	1	4	3	0	1	1	0	0	3	1	1	1	4	3	0	1	4	4	4	2	3	1	0	4	3	4	0	1	0	0	4	1	3	4	4	3	0	4	1	3	3	3	4	4	3	1	3	0	3	0	1	0	0	3	3	3	3	3	4	0	1	3	1
PT1.80	PT1.80	3	2	1	1	2	1	1	2	2	4	1	1	4	2	3	1	0	4	2	2	0	4	0	4	3	1	0	0	2	1	3	4	2	4	4	3	4	1	3	2	3	1	4	1	1	3	1	0	3	3	2	4	1	4	1	4	3	4	2	1	3	0	3	3	1	4	1	4	2	1	1	4	1	4	4	2	1	4	3	0	1	1	4	0	3	1	1	1	4	3	0	1	4	4	4	2	3	1	0	4	3	0	0	1	0	0	4	1	3	4	4	3	0	4	1	3	3	3	4	4	3	1	3	0	3	0	1	0	0	3	3	3	3	3	4	0	1	3	1
PT1.81	PT1.81	3	2	1	1	2	1	1	2	2	4	1	1	4	2	3	1	0	4	2	2	4	4	1	4	3	1	0	3	2	1	3	4	0	4	4	3	4	1	3	2	3	1	4	1	1	3	1	1	3	3	2	4	1	4	1	4	0	4	2	1	0	0	3	3	1	4	1	4	2	1	1	4	1	4	4	2	1	4	3	0	1	1	4	0	3	1	1	1	4	3	0	1	4	4	4	2	3	1	0	4	3	0	0	1	0	0	4	1	3	4	4	3	0	4	1	3	3	3	4	4	3	1	3	1	3	0	1	0	0	3	3	3	3	3	4	0	1	3	1
PT1.82	PT1.82	3	2	1	1	2	1	1	2	2	4	1	1	4	2	3	1	2	4	2	2	4	4	1	4	3	1	2	3	2	1	3	4	0	4	4	3	4	1	3	2	3	1	4	1	1	3	1	1	3	3	2	4	1	4	1	4	3	4	2	1	3	2	3	3	1	4	1	4	2	1	1	4	1	4	4	2	1	4	3	3	1	1	4	2	3	1	1	1	4	3	3	1	4	4	4	2	3	1	2	4	3	4	2	1	2	4	4	1	3	4	4	3	4	4	1	3	3	3	4	4	3	1	3	1	3	2	1	1	2	3	3	3	3	3	4	1	1	3	1
PT1.85	PT1.85	3	2	1	1	2	1	1	2	2	4	1	1	4	2	3	1	2	4	2	2	4	4	1	4	3	1	2	3	2	1	3	4	2	4	4	3	4	1	3	2	3	1	4	1	1	3	1	1	3	3	2	4	1	4	1	4	3	4	2	1	3	2	3	3	1	4	1	4	2	1	1	4	1	4	4	2	1	4	3	3	1	1	4	2	3	1	1	1	4	3	3	1	4	4	4	2	3	1	2	4	3	4	2	1	2	4	4	1	3	4	4	3	4	4	1	3	3	3	4	4	3	1	3	1	3	2	1	1	2	3	3	3	3	3	4	1	1	3	1
PT2.01	PT2.01	3	2	1	1	2	1	1	2	2	4	1	1	4	2	3	1	0	4	2	2	4	4	1	4	3	1	0	3	2	1	3	4	2	4	4	3	4	1	3	2	3	1	4	1	1	3	1	1	3	3	2	4	1	4	1	4	3	4	2	1	3	0	3	3	1	4	1	4	2	1	1	4	1	4	4	2	1	4	3	0	1	1	4	2	3	1	1	1	4	3	0	1	4	4	4	2	3	1	0	4	3	4	0	1	0	4	4	1	3	4	4	3	4	4	1	3	3	3	4	4	3	1	3	1	3	0	1	0	2	3	3	3	3	3	4	1	1	3	1
PT2.06	PT2.06	3	2	1	1	2	1	1	2	2	4	1	1	4	2	3	1	0	4	2	2	4	4	1	4	3	1	2	3	2	1	3	4	0	4	4	3	4	1	3	2	3	1	4	1	1	3	1	1	3	3	2	4	1	4	1	4	3	4	2	1	3	0	3	3	1	4	1	4	2	1	1	4	1	4	4	2	1	4	3	0	1	1	4	2	3	1	1	1	4	3	3	1	4	4	4	2	3	1	0	4	3	4	0	1	0	4	4	1	3	4	4	3	4	4	1	3	3	3	4	4	3	1	3	1	3	2	1	1	2	3	3	3	3	3	4	1	1	3	1
PT2.08	PT2.08	3	2	1	1	2	1	1	2	2	4	1	1	4	2	3	1	2	4	2	2	4	4	1	4	3	1	2	3	2	1	3	4	0	4	4	3	4	1	3	2	3	1	4	1	1	3	1	1	3	3	2	4	1	4	1	4	3	4	2	1	3	2	3	3	1	4	1	4	2	1	1	4	1	4	4	2	1	4	3	3	1	1	4	2	3	1	1	1	4	3	3	1	4	4	4	2	3	1	2	4	3	4	0	1	2	4	4	1	3	4	4	3	4	4	1	3	3	3	4	4	3	1	3	1	3	2	1	1	2	3	3	3	3	3	4	1	1	3	1
PT2.09	PT2.09	3	2	1	1	2	1	1	2	2	4	1	1	4	2	3	1	0	4	2	2	4	4	0	4	3	1	0	3	2	1	3	4	2	4	4	3	4	1	3	2	3	1	4	1	1	3	1	1	3	3	2	4	1	4	1	4	3	4	2	1	3	0	3	3	1	4	1	4	2	1	1	4	1	4	4	2	1	4	3	0	1	1	4	2	3	1	1	1	4	3	3	1	4	4	4	2	3	1	0	4	3	4	0	1	0	4	4	1	3	4	4	3	4	4	1	3	3	3	4	4	3	1	3	1	3	2	1	1	2	3	3	3	3	3	4	1	1	3	1
PT2.10	PT2.10	3	2	1	1	2	1	1	2	2	4	0	1	4	2	3	1	2	4	2	2	4	4	1	4	3	1	2	3	2	1	3	4	2	4	4	3	4	1	3	2	3	1	4	1	1	3	1	1	3	3	2	4	1	4	1	4	3	4	2	1	3	2	3	3	1	4	1	4	2	1	1	4	1	4	4	2	1	4	3	3	1	1	4	2	3	1	1	1	4	3	3	1	4	4	4	2	3	1	2	4	3	4	2	1	2	4	4	1	3	4	4	3	4	4	1	3	3	3	4	4	3	1	3	1	3	2	1	1	2	3	3	3	3	3	4	1	1	3	1
PT2.11	PT2.11	3	2	1	1	2	1	1	2	2	4	1	1	4	2	3	1	2	4	2	2	4	4	1	4	3	1	2	3	2	1	3	4	0	4	4	3	4	1	3	2	3	1	4	1	1	3	1	1	3	3	2	4	1	4	1	4	3	4	2	1	3	2	3	3	1	4	1	4	2	1	1	4	1	4	4	2	1	4	3	3	1	1	4	2	3	1	1	1	4	3	3	1	4	4	4	2	3	1	0	4	3	4	2	1	2	4	4	1	3	4	4	3	4	4	1	3	3	3	4	4	3	1	3	1	3	2	1	1	2	3	3	3	3	3	4	1	1	3	1
PT2.12	PT2.12	1	1	1	3	4	1	1	2	2	4	1	1	4	2	3	1	2	4	2	2	4	4	0	4	3	1	0	3	2	1	3	4	4	4	2	3	4	1	1	2	3	1	2	1	3	1	3	3	3	3	4	2	1	2	1	2	1	2	4	2	3	0	3	3	3	4	1	1	2	1	2	4	1	4	4	2	1	4	3	0	1	1	4	2	3	1	1	1	4	3	0	1	4	4	4	2	3	1	0	4	3	0	2	1	2	4	4	1	3	2	4	2	4	2	1	1	3	1	4	4	1	1	3	1	3	2	1	2	4	3	1	1	3	1	2	1	1	3	1
PT2.15	PT2.15	1	1	1	3	4	1	1	4	3	4	3	1	1	2	3	1	0	4	1	2	4	4	1	4	3	1	0	3	2	3	1	3	4	4	2	3	4	1	1	2	3	1	2	1	3	1	3	3	3	3	4	2	1	2	1	2	1	2	4	2	3	0	3	3	3	4	1	1	2	1	2	4	1	4	4	2	3	4	1	0	1	1	2	2	1	1	1	1	4	4	0	1	4	4	1	4	2	3	0	4	1	2	0	4	0	2	1	1	1	2	4	2	4	2	1	1	3	1	4	4	1	3	3	1	3	0	3	0	4	3	1	1	3	1	2	1	3	1	1
PT2.16	PT2.16	1	1	1	3	4	1	1	4	3	4	3	1	1	2	3	1	3	4	1	2	4	4	1	4	3	1	2	3	2	3	1	3	0	4	2	3	4	1	1	2	3	1	2	1	3	1	3	3	3	3	4	2	1	2	1	2	1	2	4	2	3	0	3	3	3	4	1	1	2	1	2	4	1	4	4	2	3	4	1	1	1	1	2	2	1	1	1	1	4	4	4	1	4	4	1	4	2	3	2	4	1	2	3	4	1	2	1	1	1	2	4	2	4	2	1	1	3	1	4	4	1	3	3	1	3	3	3	2	4	3	1	1	3	1	2	1	3	1	1
PT2.17	PT2.17	6	5	1	6	9	1	1	9	8	4	6	1	4	2	3	1	0	4	2	2	4	4	1	4	3	1	0	3	2	1	3	4	2	4	4	3	4	1	3	2	3	1	9	1	6	1	3	3	3	3	9	9	1	9	1	9	6	9	9	5	3	0	3	3	6	4	1	7	2	1	5	4	1	4	4	2	3	4	6	0	1	1	2	0	1	1	1	1	4	10	0	1	4	4	7	9	8	6	0	4	1	2	0	4	0	2	1	1	1	2	4	2	0	2	1	1	3	1	4	4	1	3	3	0	3	0	3	0	0	3	1	1	3	1	2	0	3	1	1
PT2.18	PT2.18	1	1	1	3	4	1	1	4	3	4	3	1	1	2	3	1	3	4	1	2	4	4	1	4	3	1	2	3	2	3	1	3	0	4	2	3	4	1	1	2	3	1	2	1	3	1	3	3	3	3	4	2	1	2	1	2	1	2	4	2	3	2	3	3	3	4	1	1	2	1	2	4	1	4	4	2	3	4	1	1	1	1	2	2	1	1	1	1	4	4	4	1	4	4	1	4	2	3	2	4	1	2	3	4	1	2	1	1	1	2	4	2	4	2	1	1	3	1	4	4	1	3	3	1	3	3	3	2	4	3	1	1	3	1	2	1	3	1	1
PT2.21	PT2.21	3	1	1	1	4	1	1	2	2	4	1	3	4	2	3	1	2	4	2	2	4	4	1	4	3	1	2	3	2	1	3	4	2	4	4	3	4	1	3	2	3	1	4	1	1	3	1	1	3	3	2	4	5	4	1	4	3	4	2	1	3	2	3	3	3	1	1	1	2	3	1	7	1	4	4	2	3	4	1	3	1	1	2	2	3	1	2	2	4	3	3	1	2	4	4	2	3	1	2	4	1	0	2	1	2	4	4	2	1	2	4	2	0	2	3	1	3	3	4	4	3	1	1	3	3	3	1	2	2	3	1	1	3	3	2	1	1	1	1
PT2.22	PT2.22	3	1	1	1	4	1	1	0	2	4	1	3	4	0	3	1	0	2	1	4	0	2	1	4	3	1	0	0	1	3	1	3	2	2	4	1	2	1	3	2	3	0	4	1	1	3	1	0	3	1	2	2	0	4	1	4	0	4	2	1	3	0	3	3	3	1	1	1	2	3	1	1	1	4	4	2	3	4	3	0	1	1	9	0	3	1	2	2	4	3	0	1	2	4	4	4	3	3	0	4	1	0	0	1	0	4	4	5	6	9	4	8	9	9	6	6	3	3	4	10	3	1	0	0	3	0	1	0	0	3	3	3	3	3	4	0	1	1	1
PT2.27	PT2.27	0	2	1	1	2	0	0	0	2	4	1	1	4	0	3	1	0	4	2	2	0	4	0	4	3	0	0	0	2	1	3	4	2	0	4	3	4	1	3	2	3	0	4	0	0	0	1	0	3	3	2	4	0	0	0	4	0	0	2	1	3	0	3	3	1	4	1	4	2	1	1	4	1	4	0	0	1	4	3	0	1	1	4	0	3	1	1	1	4	3	0	1	4	4	4	2	3	1	0	4	3	0	0	1	0	4	4	1	3	4	0	3	0	4	1	3	0	3	4	4	3	0	0	0	3	0	1	0	0	3	3	3	3	3	4	0	1	3	1
PT2.28	PT2.28	3	2	1	1	2	1	1	2	2	4	1	1	4	2	3	1	0	4	2	2	4	4	1	4	3	1	0	3	2	1	3	4	2	4	4	3	4	1	3	2	3	1	4	1	1	3	1	1	3	3	2	4	1	4	1	4	3	4	2	1	3	0	3	3	1	4	1	4	2	1	1	4	1	4	4	2	1	4	3	0	1	1	4	2	3	1	1	1	4	3	0	1	4	4	4	2	3	1	0	4	3	0	0	1	0	0	4	1	3	4	4	3	4	4	1	3	3	3	4	4	3	1	3	1	3	2	1	0	2	3	3	3	3	3	4	1	1	3	1
PT2.29	PT2.29	0	1	1	3	4	0	0	0	3	4	3	1	1	0	3	1	0	4	0	2	0	4	1	4	3	0	0	0	2	3	1	3	4	0	2	3	4	1	1	2	3	0	2	0	0	0	0	0	3	3	4	2	0	0	0	2	0	0	4	2	0	0	3	3	3	4	0	1	2	0	2	4	1	4	0	0	3	4	1	0	1	1	2	0	1	1	0	1	4	4	0	1	4	4	1	4	0	3	0	4	1	2	0	4	0	2	0	1	1	2	0	2	0	2	1	1	3	1	4	4	1	3	0	0	3	0	3	0	0	3	1	1	3	1	2	0	3	1	1
PT2.31	PT2.31	0	1	1	3	4	1	1	0	2	2	3	1	4	2	3	1	0	4	1	2	2	2	6	4	2	4	0	0	2	1	1	3	2	4	2	3	2	3	3	2	3	0	2	1	0	1	3	0	3	3	2	4	0	2	2	4	0	4	4	1	4	0	0	1	3	1	1	1	2	3	1	1	1	4	0	4	3	3	3	0	1	3	2	0	3	1	2	2	4	3	0	1	4	4	4	2	3	3	0	3	1	4	0	4	0	2	4	2	1	2	0	2	2	2	3	1	4	3	4	4	3	1	0	0	3	0	1	0	0	3	1	1	3	3	2	0	1	1	1
PT2.32	PT2.32	3	2	1	1	2	1	0	0	2	4	1	1	4	0	3	1	0	4	2	2	0	4	1	4	3	0	0	0	2	1	3	4	2	0	4	3	4	1	3	2	3	0	4	1	0	3	1	0	3	3	2	4	0	4	0	4	0	4	2	1	3	0	3	3	1	4	1	4	2	1	1	4	1	4	4	2	1	4	3	0	1	1	4	0	3	1	1	1	4	3	0	1	4	4	4	2	3	1	0	4	3	4	0	1	0	4	4	1	3	4	0	3	4	4	1	3	3	3	4	4	3	1	0	0	3	0	1	0	0	3	3	3	3	3	4	0	1	3	1
PT2.34	PT2.34	3	2	1	1	2	1	1	2	2	4	1	1	4	2	3	1	2	4	2	2	4	4	1	4	3	1	2	3	2	1	3	4	2	4	4	3	4	1	3	2	3	1	4	1	1	3	1	1	3	3	2	4	1	4	1	4	3	4	2	1	3	2	3	3	1	4	1	4	2	1	1	4	1	4	4	2	1	4	3	3	1	1	4	2	3	1	1	1	4	3	3	1	4	4	4	2	3	1	2	4	3	4	2	1	2	4	4	1	3	4	4	3	4	4	1	3	3	3	4	4	3	1	3	1	3	2	1	1	2	3	3	3	3	3	4	1	1	3	1
PT2.36	PT2.36	3	2	1	1	2	1	1	2	2	4	1	1	4	2	3	1	2	4	2	2	4	4	1	4	3	1	2	3	2	1	3	4	2	4	4	3	4	1	3	2	3	1	4	1	1	3	1	1	3	3	2	4	1	4	1	4	3	4	2	1	3	2	3	3	1	4	1	4	2	1	1	4	1	4	4	2	1	4	3	3	1	1	4	2	3	1	1	1	4	3	3	1	4	4	4	2	3	1	2	4	3	4	2	1	2	4	4	1	3	4	4	3	4	4	1	3	3	3	4	4	3	1	3	1	3	2	1	1	2	3	3	3	3	3	4	1	1	3	1
PT2.42	PT2.42	0	2	1	6	9	1	7	9	8	4	1	1	4	9	3	1	0	9	5	9	4	9	1	4	8	1	0	3	5	1	3	4	2	9	9	3	4	1	3	2	6	0	4	6	6	3	1	1	3	3	2	4	1	4	1	4	3	4	2	1	3	0	3	3	1	4	7	7	2	1	5	4	1	4	4	2	1	4	3	0	5	1	9	9	6	1	1	1	4	10	0	6	9	4	4	9	3	1	0	0	6	4	0	1	0	4	4	1	3	4	4	3	9	4	1	3	3	3	4	4	3	1	3	1	3	0	1	0	0	3	3	3	3	6	9	6	6	3	1
PT2.43	PT2.43	3	2	1	1	2	1	1	2	2	9	6	1	4	2	3	1	8	4	5	2	9	9	1	4	8	7	0	3	2	1	3	4	9	4	9	3	2	6	3	2	3	6	9	1	1	3	6	1	3	3	2	4	1	9	5	9	3	4	2	1	3	0	3	3	1	4	1	4	2	1	1	4	1	4	4	2	1	3	3	0	1	3	0	2	3	1	1	1	4	3	3	1	4	4	4	9	3	6	0	4	6	4	3	4	1	2	4	1	3	4	4	3	0	4	1	3	3	3	4	4	3	1	6	1	3	8	1	2	2	3	1	3	3	3	4	1	1	3	1
PT2.44	PT2.44	3	2	1	1	2	1	1	2	2	4	1	1	4	2	3	1	2	4	2	2	4	4	1	4	3	1	2	3	2	1	3	4	2	4	4	3	4	1	3	2	3	1	4	1	1	3	1	1	3	3	2	4	1	4	1	4	3	4	2	1	3	2	3	3	1	4	1	4	2	1	1	4	1	4	4	2	1	4	3	3	1	1	4	2	3	1	1	1	4	3	3	1	4	4	4	2	3	1	2	4	3	4	2	1	2	4	4	1	3	4	4	3	4	4	1	3	3	3	4	4	3	1	3	1	3	2	1	1	2	3	3	3	3	3	4	1	1	3	1
PT2.50	PT2.50	3	2	1	1	2	1	1	2	2	4	1	1	4	2	3	1	0	4	2	2	4	4	0	4	3	1	0	3	2	1	3	4	0	4	4	3	4	1	3	2	3	1	4	1	1	3	1	1	3	3	2	4	1	4	1	4	3	4	2	1	3	0	3	3	1	4	1	4	2	1	1	4	1	4	4	2	1	4	3	0	1	1	0	2	3	1	1	1	4	3	0	1	4	4	4	2	3	1	0	4	3	4	0	1	0	4	4	1	3	4	4	3	0	4	1	3	3	3	4	4	3	1	3	1	3	0	1	1	2	3	3	3	3	3	4	1	1	3	1
PT2.51	PT2.51	3	2	1	1	2	1	1	2	2	4	1	1	4	2	3	1	0	4	2	2	4	4	0	4	3	1	0	3	2	1	3	4	2	4	4	3	4	1	3	2	3	1	4	1	1	3	1	1	3	3	2	4	1	4	1	4	3	4	2	1	3	0	3	3	1	4	1	4	2	1	1	4	1	4	4	2	1	4	3	0	1	1	4	2	3	1	1	1	4	3	0	1	4	4	4	2	3	1	0	4	3	4	0	1	0	4	4	1	3	4	4	3	0	4	1	3	3	3	4	4	3	1	3	0	3	0	1	0	0	3	3	3	3	3	4	0	1	3	1
PT2.53	PT2.53	1	2	1	3	4	1	4	4	3	4	1	1	4	4	3	1	0	2	1	4	4	2	1	4	2	1	0	3	1	1	3	4	2	2	2	3	4	1	3	2	1	3	4	3	3	3	1	1	3	3	2	4	1	4	1	4	3	4	2	1	3	0	3	3	1	4	4	1	2	1	2	4	1	4	4	2	1	4	3	0	2	1	2	0	1	1	1	1	4	4	0	3	2	4	4	4	3	1	0	3	1	4	0	1	0	4	4	1	3	4	4	3	2	4	1	3	3	3	4	4	3	1	3	1	3	0	1	0	0	3	3	3	3	1	2	3	3	3	1
PT2.54	PT2.54	1	1	1	3	2	3	1	2	3	2	3	1	4	2	3	2	2	2	1	2	4	4	3	4	2	1	2	1	2	1	1	4	0	2	2	3	4	1	1	2	3	3	4	1	3	3	1	1	3	3	2	4	2	2	1	2	3	4	4	1	4	1	1	3	3	4	4	1	2	3	1	4	1	4	4	4	1	3	3	1	2	3	4	2	3	1	2	1	4	3	4	3	4	2	4	4	2	3	2	3	1	4	2	1	2	2	4	2	1	4	4	2	4	2	1	3	3	3	4	4	3	1	0	1	0	2	3	2	4	3	3	1	3	1	4	1	1	3	1
PT2.55	PT2.55	3	2	1	1	2	1	1	2	2	4	1	1	4	2	3	1	2	4	2	2	4	4	0	4	3	1	2	3	2	1	3	4	2	4	4	3	4	1	3	2	3	1	4	1	1	3	1	1	3	3	2	4	1	4	1	4	3	4	2	1	3	0	3	3	1	4	1	4	2	1	1	4	1	4	4	2	1	4	3	0	1	1	0	2	3	1	1	1	4	3	3	1	4	4	4	2	3	1	0	4	3	4	0	1	0	4	4	1	3	4	4	3	4	4	1	3	3	3	4	4	3	1	3	1	3	2	1	1	2	3	3	3	3	3	4	1	1	3	1
KNO1.04	KNO1.04	0	1	1	3	4	0	0	0	2	2	3	1	4	0	3	1	0	4	1	2	0	2	1	4	2	0	0	0	2	1	1	4	2	0	4	3	2	3	3	2	3	0	2	1	0	0	0	0	3	3	0	4	0	0	0	4	0	0	4	1	4	0	1	1	3	1	1	1	2	3	1	1	1	4	0	0	3	3	3	0	1	3	2	0	3	1	0	2	4	4	0	1	4	4	4	2	3	0	0	3	1	4	0	4	0	2	0	2	1	2	0	2	2	2	3	1	4	3	4	4	3	1	0	0	3	0	1	0	0	3	1	1	3	3	2	0	1	1	1
KNO1.06	KNO1.06	3	2	1	1	2	1	1	2	2	4	1	1	4	2	3	1	0	4	2	2	4	4	0	4	3	1	2	3	2	1	3	4	0	4	4	3	2	3	3	2	3	3	2	1	3	1	3	1	3	3	2	4	2	2	2	4	3	4	4	1	4	0	3	3	1	1	1	1	2	3	1	1	1	4	4	4	3	4	3	0	1	3	2	2	3	1	2	2	4	4	0	1	4	4	4	2	3	3	0	3	1	4	3	4	0	2	4	1	3	4	4	3	0	4	1	3	3	3	4	4	3	1	1	0	3	3	1	2	2	3	1	1	3	3	4	1	1	3	1
KNO1.08	KNO1.08	1	1	1	3	4	1	1	4	2	2	1	1	4	2	3	2	0	2	2	2	2	2	3	4	2	1	0	0	1	3	3	3	0	2	4	1	4	3	3	2	3	3	2	1	1	3	1	1	3	3	2	4	1	4	1	4	3	4	4	1	3	0	1	1	3	4	1	1	2	3	1	1	1	4	4	4	1	4	3	0	1	1	4	2	3	1	1	2	4	4	0	3	4	4	4	4	3	1	0	3	1	4	0	4	0	2	4	1	3	2	4	2	2	2	3	1	4	3	4	4	3	1	1	0	3	0	1	0	0	3	3	3	3	3	2	1	1	1	1
KNO1.10	KNO1.10	1	1	1	3	4	1	1	4	2	2	1	1	4	0	3	2	0	2	2	2	0	2	3	4	2	1	0	0	1	3	3	3	4	2	4	1	4	3	3	2	3	3	2	1	1	3	1	0	3	3	2	4	1	4	1	4	0	4	4	1	3	0	1	1	3	4	1	1	2	3	1	1	1	4	4	4	1	4	3	0	1	1	4	0	3	1	1	2	4	4	0	3	4	4	4	4	3	1	0	3	1	4	0	4	0	2	4	1	3	2	4	2	2	2	3	1	4	3	4	4	3	1	0	0	3	0	1	0	0	3	1	1	3	3	2	0	1	1	1
KNO1.12	KNO1.12	3	2	1	1	2	1	1	2	2	4	1	1	4	2	3	1	2	4	0	2	2	2	1	4	2	7	2	1	1	3	1	3	2	9	4	6	2	3	3	3	3	3	2	1	1	3	1	6	3	6	2	0	1	9	5	4	3	4	2	1	3	0	3	3	1	4	1	4	2	1	1	4	1	4	4	2	3	3	3	3	1	3	4	2	3	1	1	1	4	3	3	1	4	4	4	2	3	3	2	3	3	2	2	4	2	2	4	1	3	4	4	3	4	4	1	3	3	3	4	0	3	1	1	1	3	3	1	1	4	1	1	1	4	1	2	3	1	3	1
KNO1.13	KNO1.13	0	2	0	3	2	3	0	0	2	4	1	1	4	2	3	0	0	2	2	2	2	2	3	0	2	1	0	0	0	3	3	3	4	2	4	0	0	3	3	2	0	3	2	1	0	3	0	0	3	3	0	0	1	4	1	4	3	4	0	1	0	0	1	0	3	4	4	4	2	1	1	4	1	4	1	2	0	4	3	0	2	1	4	0	0	1	0	2	4	4	0	3	4	4	4	4	3	0	0	3	1	0	0	0	0	4	4	0	3	4	0	3	0	4	0	3	3	3	4	4	0	1	3	1	3	0	1	0	2	3	3	3	3	3	0	1	1	0	0
KNO1.18	KNO1.18	0	2	1	1	2	1	0	2	2	4	1	1	4	2	3	1	0	4	2	2	4	4	0	4	3	1	0	0	2	1	3	4	0	4	4	3	0	1	3	2	3	1	4	1	1	3	1	0	3	3	2	4	1	4	1	4	3	4	2	1	0	0	3	3	1	4	1	4	2	1	1	4	1	4	4	2	0	4	3	0	1	1	4	0	3	1	1	1	4	3	0	1	4	4	4	2	3	1	0	4	3	4	0	1	0	4	4	1	3	4	4	3	0	4	1	3	3	3	4	4	3	1	3	1	3	0	1	0	0	3	3	3	3	3	4	1	1	3	1
KNO1.22	KNO1.22	0	2	3	3	2	0	0	0	2	4	1	1	4	0	3	0	0	2	2	2	0	2	3	4	2	0	0	0	1	3	3	3	4	0	4	1	0	3	3	2	3	0	2	0	0	0	0	0	3	3	2	4	0	0	0	4	0	0	4	1	3	0	1	1	3	4	0	4	2	0	1	4	1	4	0	0	0	4	3	0	1	1	4	0	3	1	0	2	4	4	0	3	4	4	4	4	0	1	0	3	1	4	0	4	0	4	4	1	3	4	0	3	4	4	1	3	3	3	4	4	3	1	0	0	3	0	1	0	0	3	3	3	3	3	4	0	1	3	1
KNO1.23	KNO1.23	3	2	3	3	2	3	1	2	2	4	1	1	4	2	3	2	2	2	2	2	2	2	3	4	2	1	2	1	1	3	3	3	0	2	4	1	4	3	3	2	3	3	2	1	1	3	1	1	3	3	2	4	1	4	1	4	3	4	4	1	3	0	1	1	3	4	4	4	2	1	1	4	1	4	1	2	1	4	3	1	1	1	4	2	3	1	1	2	4	4	4	3	4	4	4	4	3	1	0	3	1	4	3	4	2	4	4	1	3	4	4	3	4	4	1	3	3	3	4	4	3	1	3	1	3	2	1	1	2	3	3	3	3	3	4	1	1	3	1
KNO1.25	KNO1.25	3	2	3	3	2	3	1	2	2	4	1	1	4	2	3	2	2	2	2	2	2	2	3	4	2	1	2	1	1	3	3	3	0	2	4	1	4	3	3	2	3	3	2	1	1	3	1	1	3	3	2	4	1	4	1	4	3	4	4	1	3	1	1	1	3	4	4	4	2	1	1	4	1	4	1	2	1	4	3	1	1	1	4	2	3	1	1	2	4	4	0	3	4	4	4	4	3	1	0	3	1	4	3	4	2	4	4	1	3	4	4	3	4	4	1	3	3	3	4	4	3	1	3	1	3	2	1	1	2	3	3	3	3	3	4	1	1	3	1
KNO1.27	KNO1.27	1	1	1	3	4	1	1	4	2	2	3	1	4	2	3	1	0	4	1	2	0	2	0	4	2	4	0	0	2	1	1	4	2	4	4	3	2	3	3	2	3	0	2	1	3	1	3	0	3	3	2	4	0	2	2	4	0	4	4	1	4	0	1	1	3	1	1	1	2	3	1	1	1	4	4	4	3	3	3	0	1	3	2	0	3	1	2	2	4	4	0	1	4	4	4	2	3	3	0	3	1	4	0	4	0	2	4	2	1	2	4	2	2	2	3	1	4	3	4	4	3	1	0	0	3	0	1	0	0	3	1	1	3	3	2	0	1	1	1
KNO1.29	KNO1.29	3	2	1	1	2	0	0	2	2	4	1	1	4	2	3	1	0	4	2	2	4	4	0	4	3	1	0	3	2	1	3	4	0	4	4	3	4	1	3	2	3	0	4	1	1	3	1	0	3	3	2	4	1	4	1	4	3	4	2	1	3	0	3	3	1	4	1	4	2	1	1	4	1	4	4	2	1	4	3	0	1	1	4	0	3	1	1	1	4	3	0	1	4	4	4	2	3	1	0	4	3	4	0	1	0	4	4	1	3	4	4	3	0	4	1	3	3	3	4	4	3	0	0	1	3	0	1	0	0	3	3	3	3	3	4	0	1	3	1
KNO1.33	KNO1.33	3	2	1	6	2	6	1	2	2	4	1	6	4	2	3	1	8	2	5	2	4	2	3	4	8	1	2	1	1	3	6	3	0	9	4	6	0	1	3	2	3	6	4	6	6	3	1	1	3	3	2	4	1	4	1	4	3	4	2	1	3	5	0	3	6	4	7	4	2	1	1	4	1	4	4	2	1	4	3	3	0	1	4	2	3	1	1	1	4	3	3	1	4	4	4	9	3	1	2	0	6	4	2	1	2	4	4	1	3	4	0	3	4	9	6	3	10	6	10	10	6	1	3	1	3	2	1	5	9	6	6	6	10	3	9	1	1	3	1
KNO1.34	KNO1.34	1	2	3	3	4	3	1	4	2	4	3	3	4	4	3	1	2	2	1	2	4	4	0	2	3	1	2	1	1	1	3	3	0	2	2	3	4	3	3	2	3	1	4	1	3	3	1	1	3	3	2	2	2	4	1	4	3	4	2	1	4	2	3	1	3	1	1	4	2	1	1	4	1	4	4	2	1	4	3	3	1	1	4	2	3	1	1	1	4	3	3	1	4	4	4	4	2	3	4	3	1	4	3	4	2	4	4	1	1	2	4	2	2	4	1	3	4	1	4	3	1	1	3	0	3	3	3	2	4	3	1	1	3	1	4	1	1	3	3
KNO1.35	KNO1.35	3	2	1	1	2	0	0	2	2	4	1	1	4	2	3	1	0	2	2	2	0	2	3	4	2	1	0	0	1	3	3	3	0	4	4	3	2	3	3	2	3	1	4	1	1	3	1	0	3	3	2	4	1	4	1	4	0	4	4	1	4	0	1	1	3	4	4	4	2	1	1	7	0	4	4	9	3	4	3	0	1	3	2	0	3	1	1	1	4	3	0	3	4	4	4	2	3	1	0	0	1	4	0	7	0	0	4	1	3	4	4	3	4	4	1	3	3	3	4	4	3	1	0	0	3	0	1	0	0	3	3	3	3	3	4	0	1	3	1
KNO1.36	KNO1.36	3	2	3	3	2	3	1	2	2	4	1	1	4	2	3	2	2	2	2	2	2	2	3	4	2	1	2	1	1	3	3	3	0	2	4	1	2	1	3	2	3	3	4	3	1	3	1	1	3	3	2	4	1	4	1	4	1	2	2	2	3	0	1	1	3	4	4	4	2	1	1	4	1	4	1	2	1	4	3	0	1	1	4	2	3	1	1	1	4	3	3	1	4	4	4	4	3	1	0	3	1	4	3	4	2	4	4	1	3	4	4	3	4	4	1	3	3	3	4	4	3	3	3	1	1	3	1	2	4	1	1	1	4	3	2	1	1	3	1
KNO1.37	KNO1.37	3	2	3	3	2	3	1	2	2	4	1	1	4	2	3	2	2	2	1	2	4	2	3	4	3	1	2	1	1	3	1	3	4	2	4	1	2	1	3	2	3	3	4	3	3	3	6	6	3	0	2	2	1	4	1	4	1	2	2	2	3	1	1	3	3	4	4	4	2	1	1	4	1	4	4	2	1	4	3	1	1	1	4	2	3	1	1	1	4	3	3	1	4	4	4	2	3	1	2	4	6	0	8	7	5	9	4	1	3	4	4	3	4	4	3	3	4	3	4	4	3	1	1	3	3	3	1	2	2	3	1	1	3	3	2	1	1	1	1
KNO1.38	KNO1.38	0	1	1	3	4	1	0	0	2	2	3	1	4	2	3	1	0	4	1	2	2	2	1	4	3	1	0	0	0	1	1	4	0	4	4	3	2	3	3	2	3	3	2	1	0	1	0	0	3	3	0	4	2	2	2	4	3	4	0	1	4	0	1	1	3	1	1	1	2	3	1	1	1	4	4	4	3	3	3	0	1	3	2	0	3	1	0	2	4	4	0	1	4	4	4	2	3	3	0	3	1	0	0	4	0	4	4	1	3	4	0	3	4	4	1	3	3	3	4	4	3	1	3	0	3	0	1	0	0	3	1	1	3	3	4	1	1	3	0
KNO1.40	KNO1.40	3	2	1	1	2	1	1	2	2	4	1	1	4	2	3	1	2	4	2	2	4	4	1	4	3	1	2	3	2	1	3	4	0	4	4	3	0	1	3	2	3	1	4	1	1	3	1	1	3	3	2	4	1	4	1	4	3	4	2	1	3	2	0	3	1	4	1	4	2	1	1	4	1	4	4	2	1	4	3	3	1	1	4	2	3	1	1	1	4	3	3	1	4	4	4	2	3	1	2	4	3	4	2	1	2	4	4	1	3	4	4	3	4	4	1	3	3	3	4	4	3	1	3	1	3	2	1	1	2	3	3	3	3	3	4	1	1	3	1
KNO1.42	KNO1.42	3	2	6	3	2	3	1	0	2	4	1	6	4	2	3	1	0	2	5	2	0	2	3	4	8	1	0	0	1	3	6	3	9	2	4	1	2	6	3	2	3	3	9	6	6	3	1	0	3	3	2	4	1	4	1	4	3	4	9	1	3	0	1	6	3	4	7	4	2	1	1	4	1	4	7	2	1	4	3	0	1	1	4	0	3	1	1	5	4	10	0	6	4	4	4	9	3	1	0	10	6	4	0	7	0	4	4	1	3	4	0	3	4	9	6	3	10	6	10	10	0	1	3	0	3	0	1	0	0	6	6	6	10	3	9	1	1	3	1
KNO1.47	KNO1.47	3	2	1	3	2	0	0	0	2	4	1	3	4	0	3	1	0	2	1	2	0	2	3	4	3	0	0	0	1	3	1	3	2	0	4	1	2	1	3	2	3	0	4	3	0	3	1	0	3	3	2	4	0	4	0	4	0	0	2	1	3	0	1	3	3	4	1	4	2	0	1	4	1	4	4	2	1	4	3	0	1	1	4	0	3	1	1	1	4	3	0	1	4	4	4	2	3	1	0	4	3	4	0	1	0	4	4	1	3	4	0	3	4	2	3	3	4	1	3	3	1	1	0	0	3	0	1	0	0	1	1	1	4	3	2	0	1	3	1
KNO1.53	KNO1.53	3	2	1	3	2	0	0	2	2	4	1	1	4	2	3	2	0	2	2	2	0	2	3	4	2	1	0	0	1	3	3	3	4	2	4	1	4	3	3	2	3	3	2	3	1	3	1	0	3	3	2	4	1	4	1	4	0	4	4	1	3	0	0	1	3	4	1	4	2	1	1	4	1	4	1	2	1	4	3	0	1	1	4	0	3	1	1	0	4	4	0	3	4	4	4	4	3	1	0	3	1	4	0	4	0	4	4	1	3	4	4	3	0	4	1	3	0	3	4	4	3	1	3	0	3	0	1	0	0	3	3	3	3	3	4	0	1	3	1
KNO1.55	KNO1.55	3	2	1	3	2	0	0	0	2	4	1	1	4	0	3	1	0	4	1	2	0	2	3	4	3	0	0	0	1	3	1	3	2	0	4	3	2	3	3	2	3	0	2	1	0	1	1	0	3	3	2	4	0	4	0	4	0	0	2	1	4	0	0	1	3	1	1	4	2	1	1	4	1	4	4	2	3	3	3	0	1	3	2	0	3	1	1	1	4	3	0	1	4	4	4	2	3	1	0	4	1	4	0	4	0	2	4	1	3	4	4	3	0	2	3	1	4	3	4	4	3	1	0	0	3	0	1	0	0	1	1	1	4	3	2	0	1	3	1
KNO1.56	KNO1.56	6	2	6	3	9	3	1	9	2	4	6	6	4	9	3	1	2	2	5	2	9	9	6	9	8	1	2	1	1	6	3	3	0	2	9	6	4	3	3	2	3	6	9	1	1	3	6	1	3	3	2	9	5	4	1	4	3	4	2	1	3	5	0	3	6	4	1	4	2	1	1	7	1	9	1	2	3	4	3	0	5	6	9	9	6	1	1	5	4	10	3	1	4	4	4	9	3	1	2	10	6	4	8	7	2	4	4	1	0	9	4	3	4	4	1	3	10	6	10	10	6	1	3	1	3	8	6	5	9	3	6	6	3	6	4	1	1	3	1
KNO1.57	KNO1.57	1	2	3	3	4	3	0	0	2	4	3	3	4	4	3	1	0	2	1	2	0	4	1	2	3	1	0	0	1	1	3	3	2	2	2	3	4	3	3	2	3	1	4	1	0	3	3	0	3	3	2	2	2	4	1	4	3	4	2	1	3	0	3	3	1	4	1	4	2	1	1	1	1	2	1	2	3	4	3	0	2	3	2	0	1	1	1	1	4	3	0	1	4	4	4	2	3	1	0	4	3	4	0	1	0	4	4	1	1	2	0	3	0	4	1	3	3	3	4	4	3	1	0	0	3	0	3	0	0	3	1	1	3	1	4	0	1	3	1
KNO1.58	KNO1.58	3	2	1	3	4	3	1	4	2	4	3	1	4	2	3	1	3	4	1	2	4	4	1	2	3	1	2	1	1	1	3	3	2	2	2	3	4	3	3	2	3	1	4	1	1	3	3	1	3	3	2	2	2	4	1	4	3	4	2	1	3	0	3	3	1	4	1	1	2	1	1	4	1	4	4	2	3	4	3	3	2	3	0	2	3	1	1	1	4	4	3	1	4	4	4	2	3	1	2	4	3	0	2	1	2	4	4	1	1	2	4	3	4	4	1	3	4	3	4	0	3	0	1	3	3	2	1	2	4	3	1	1	3	1	4	1	1	3	1
KNO2.18	KNO2.18	3	2	1	1	2	0	1	2	2	4	1	1	4	2	3	1	0	4	2	2	4	4	1	4	3	1	0	0	2	1	3	4	0	4	4	3	4	1	3	2	3	1	4	1	1	3	1	0	3	3	2	4	1	4	1	4	0	4	2	1	3	0	3	3	1	4	1	4	2	1	1	4	1	4	4	2	1	4	3	0	1	1	4	0	3	1	1	1	4	3	0	1	4	4	4	2	3	1	0	4	3	4	0	1	0	4	4	1	3	4	4	3	4	4	1	3	3	3	4	4	3	1	3	0	3	0	1	0	0	3	3	3	3	3	4	0	1	3	1
KNO2.19	KNO2.19	3	2	1	1	2	0	0	2	2	4	1	1	4	0	3	1	0	4	2	2	0	2	0	4	2	1	0	0	1	3	1	4	2	4	4	6	2	1	3	2	3	0	4	1	1	3	1	0	3	3	2	4	0	4	1	4	0	2	2	2	3	0	1	3	3	4	1	4	2	1	1	4	1	4	4	2	3	3	3	0	1	1	2	0	1	1	1	1	4	3	0	1	4	4	4	4	3	3	0	3	3	4	0	1	0	4	4	1	3	4	4	3	4	4	1	3	3	3	4	4	3	1	0	0	3	0	1	0	0	3	3	3	3	3	2	0	1	3	1
KNO2.20	KNO2.20	0	2	1	1	2	0	0	0	2	4	1	1	0	0	3	1	0	4	2	2	0	4	0	4	3	0	0	0	2	1	1	4	2	0	4	3	2	3	3	2	3	0	2	0	0	0	0	0	3	3	2	4	0	0	0	4	0	0	2	1	3	0	0	3	1	4	0	4	2	0	1	4	1	4	0	0	1	4	3	0	1	1	0	0	3	1	0	1	4	3	0	1	4	4	4	4	0	1	0	3	3	0	0	1	0	4	4	1	3	4	0	3	4	4	1	3	3	3	4	4	3	1	0	0	3	0	1	0	0	3	3	3	3	3	4	0	1	3	1
KNO2.22	KNO2.22	0	2	1	1	2	0	0	0	2	4	1	1	4	0	3	1	0	4	2	2	0	4	1	4	3	0	0	0	2	1	3	4	2	0	4	3	4	1	3	2	3	0	4	0	0	0	0	0	0	3	2	4	0	0	0	4	0	0	2	1	3	0	3	3	1	4	1	4	2	0	1	4	1	4	0	0	1	4	3	0	1	1	4	0	3	1	0	1	4	3	0	1	0	4	4	2	3	1	0	4	3	4	0	1	0	4	0	1	3	4	0	3	4	4	1	3	3	3	4	4	3	1	0	0	3	0	1	0	0	3	3	3	3	3	4	0	1	3	1
KNO2.26	KNO2.26	3	2	1	1	2	1	1	2	2	4	1	1	4	2	3	1	2	4	2	2	4	4	1	4	3	1	2	3	2	1	3	4	0	4	4	3	2	3	3	2	3	3	2	1	1	3	1	1	3	3	2	4	1	4	1	4	3	4	2	1	3	2	3	3	1	4	1	4	2	1	1	4	1	4	4	2	3	3	3	1	1	3	4	2	3	1	1	1	4	3	3	1	4	4	4	2	3	1	2	4	3	4	2	1	2	4	4	1	3	4	4	3	4	4	1	3	3	3	4	4	3	1	3	1	3	3	1	1	2	3	3	3	3	3	4	1	1	3	1
KNO2.35	KNO2.35	1	1	1	3	2	1	1	2	2	4	1	1	4	2	3	1	0	4	2	2	4	4	1	4	3	1	0	3	2	1	3	4	0	4	4	3	2	6	3	2	3	6	2	1	1	1	3	0	3	3	2	4	1	4	1	2	3	4	4	1	4	0	3	3	1	4	1	4	2	1	1	4	1	4	4	2	1	3	3	0	1	3	0	0	3	1	2	2	4	4	0	1	4	4	4	2	3	3	0	3	1	0	0	4	0	4	1	1	3	4	4	3	0	4	1	3	3	3	4	4	3	1	6	1	3	0	1	0	0	1	1	1	4	1	2	0	1	3	1
KNO2.36	KNO2.36	3	2	3	3	2	3	1	2	2	4	1	1	4	2	3	0	0	2	2	2	2	2	3	4	2	1	0	1	1	3	3	3	4	2	4	1	4	3	3	2	3	3	2	1	1	3	1	0	3	3	2	4	1	4	1	4	0	4	4	1	3	0	1	1	3	4	4	4	2	1	1	4	1	4	1	2	1	4	3	0	1	1	4	0	3	1	1	0	4	4	0	3	4	4	4	4	3	1	0	0	1	0	0	4	0	0	4	1	3	4	4	3	0	4	1	3	3	3	4	4	3	1	0	0	3	0	1	0	0	3	3	3	3	3	4	0	1	3	1
KNO2.37	KNO2.37	0	2	1	3	2	3	1	0	2	4	1	3	4	0	3	1	0	2	1	2	0	2	3	4	3	0	0	0	1	3	1	3	2	0	4	1	2	1	3	2	3	0	4	0	0	3	1	0	3	3	2	4	0	0	1	4	0	0	2	1	0	0	0	3	3	4	1	4	2	1	1	4	1	4	0	2	1	4	3	0	1	1	0	0	3	1	1	1	4	3	0	1	4	4	4	2	3	1	0	0	3	4	0	1	0	0	4	1	3	4	0	3	0	2	3	3	4	1	3	0	1	1	0	0	3	0	1	0	0	1	1	1	4	3	2	0	1	3	1
KNO2.39	KNO2.39	0	2	1	1	2	0	0	0	2	4	1	1	4	0	3	1	0	4	2	2	0	4	1	4	3	0	0	0	2	1	3	4	2	0	4	3	4	1	3	2	3	0	4	0	0	0	0	0	3	3	2	4	0	0	0	4	0	0	2	1	3	0	3	3	1	4	1	4	2	0	1	4	1	4	0	0	1	4	3	0	1	1	0	0	3	1	0	1	4	3	0	1	4	4	4	2	3	1	0	4	3	4	0	1	0	4	0	1	3	4	0	3	0	4	1	3	3	3	4	4	3	1	0	0	3	0	1	0	0	3	3	3	3	3	4	0	1	3	1
KNO2.41	KNO2.41	0	2	1	1	2	1	1	2	2	4	1	1	4	2	3	1	2	4	2	2	4	4	1	4	3	1	2	3	2	1	3	4	2	4	4	3	4	1	3	2	3	1	4	1	1	3	1	1	3	3	2	4	1	4	1	4	3	4	2	1	3	2	3	3	1	4	1	4	2	1	1	4	1	4	4	2	1	4	3	3	1	1	4	2	3	1	1	1	4	3	3	1	4	4	4	2	3	1	2	4	3	0	2	1	2	4	4	1	3	4	4	3	4	4	1	3	3	3	4	4	3	1	3	1	3	2	1	1	2	3	3	3	3	3	4	1	1	3	1
KNO2.43	KNO2.43	3	2	1	1	2	1	1	2	2	4	1	1	4	2	3	1	0	4	2	2	4	4	1	4	3	1	2	3	2	1	3	4	0	4	4	3	2	3	3	2	3	3	2	1	1	1	1	1	3	3	2	4	1	4	1	4	3	4	2	1	3	0	1	1	3	1	1	1	2	3	1	1	1	4	4	4	3	3	3	0	1	3	4	2	3	1	2	2	4	3	3	1	4	4	4	2	3	1	2	4	1	4	3	4	1	2	4	1	3	4	4	3	4	4	1	3	3	3	4	4	3	1	1	0	3	3	1	2	2	3	1	1	3	3	4	1	1	1	1
KNO2.44	KNO2.44	3	2	1	1	2	1	1	2	2	4	1	1	4	2	3	1	0	4	2	2	4	4	1	4	3	1	0	3	2	1	3	4	0	4	4	3	4	1	3	2	3	1	2	1	1	3	3	1	3	3	2	4	1	4	1	4	3	4	2	1	3	0	3	3	1	1	1	1	2	3	1	4	1	4	4	2	1	4	3	0	1	1	4	2	3	1	2	2	4	4	0	1	4	4	4	2	3	1	0	4	3	4	0	1	0	4	4	1	3	4	4	3	4	4	1	3	3	3	4	4	3	1	3	1	3	3	1	0	2	3	3	3	3	3	4	1	1	3	1
KNO2.45	KNO2.45	3	2	3	3	2	3	1	2	2	4	1	1	4	2	3	1	2	4	2	2	4	4	1	4	3	1	2	1	1	3	3	3	0	2	4	1	4	3	3	2	3	3	2	1	1	3	1	1	3	3	2	4	1	4	1	4	3	4	4	1	3	1	3	3	1	4	1	4	2	1	1	4	1	4	1	2	1	4	3	1	1	1	4	2	3	1	1	1	4	4	4	3	4	4	4	2	3	1	2	3	1	4	3	4	2	4	4	1	3	4	4	3	4	4	1	3	3	3	4	4	3	1	3	1	3	2	1	1	2	3	3	3	3	1	4	1	1	3	1
KNO2.46	KNO2.46	3	2	3	3	2	3	1	2	2	4	1	1	4	2	3	1	2	4	2	2	4	4	1	4	3	1	2	1	1	3	3	3	4	2	4	1	4	3	3	2	3	3	2	1	1	3	1	1	3	3	2	4	1	4	1	4	3	4	4	1	3	1	3	3	1	4	1	4	2	1	1	4	1	4	1	2	1	4	3	0	1	1	4	2	3	1	1	1	4	4	4	3	4	4	4	2	3	1	2	3	1	4	3	4	2	4	4	1	3	4	4	3	4	4	1	3	3	3	4	4	3	1	3	1	3	2	1	1	2	3	3	3	3	1	4	1	1	3	1
KNO2.47	KNO2.47	3	2	3	3	2	3	1	2	2	4	1	1	4	2	3	1	2	4	2	2	4	4	1	4	3	1	2	1	1	3	3	3	0	2	4	1	4	3	3	2	3	3	2	1	1	3	1	1	3	3	2	4	1	4	1	4	3	4	4	1	3	1	3	3	1	4	1	4	2	1	1	4	1	4	1	2	1	4	3	1	1	1	4	2	3	1	1	1	4	4	4	3	4	4	4	2	3	1	2	3	1	4	3	4	2	4	4	1	3	4	4	3	4	4	1	3	3	3	4	4	3	1	3	1	3	2	1	1	2	3	3	3	3	1	4	1	1	3	1
KNO2.51	KNO2.51	3	2	1	3	2	3	1	2	2	4	1	3	4	2	3	1	0	2	1	2	4	2	3	4	3	1	2	1	1	3	1	3	0	2	4	1	2	1	3	2	3	3	4	3	3	3	1	1	3	3	2	4	1	4	1	4	3	4	2	1	3	0	1	3	3	4	1	4	2	1	1	4	1	4	4	2	1	4	3	3	1	1	4	2	3	1	1	1	4	3	3	1	4	4	4	2	3	1	0	4	3	4	2	1	2	4	4	1	3	4	4	3	4	2	3	3	4	1	3	3	1	1	3	1	3	2	1	2	4	1	1	1	4	3	2	1	1	3	1
KNO2.54	KNO2.54	3	2	1	1	2	1	1	2	2	4	1	1	4	2	3	1	0	4	2	2	4	4	1	4	3	1	0	3	2	1	3	4	0	4	4	3	4	1	3	2	3	1	4	1	1	3	1	0	3	3	2	4	1	4	1	4	3	4	2	1	3	0	3	3	1	4	1	4	2	1	1	4	1	4	4	2	1	4	3	0	1	1	4	2	3	1	1	1	4	3	0	1	4	4	4	2	3	1	0	4	3	4	0	1	0	4	4	1	3	4	4	3	4	4	1	3	3	3	4	4	3	1	3	1	3	2	1	0	2	3	3	3	3	3	4	1	1	3	1
KNO2.55	KNO2.55	3	2	3	3	2	3	1	2	2	4	1	1	4	2	3	0	0	2	2	2	2	2	3	4	2	1	0	1	1	3	3	3	4	2	4	1	4	3	3	2	3	3	2	1	1	3	1	1	3	3	2	4	1	4	1	4	3	4	4	1	0	0	1	1	3	4	4	4	2	1	1	4	1	4	1	2	1	4	3	0	1	1	4	2	3	1	1	2	4	4	0	3	4	4	4	4	3	1	0	3	1	4	0	4	0	4	4	1	3	4	4	3	0	4	1	3	0	3	4	4	3	1	3	1	3	0	1	0	0	3	3	3	3	3	4	1	1	3	1
KNO2.56	KNO2.56	1	1	1	3	4	1	1	4	2	2	3	1	4	2	3	1	0	4	2	2	4	4	0	4	0	4	0	3	2	1	3	4	0	4	4	3	2	3	3	2	3	3	2	0	3	3	3	1	3	3	2	4	2	2	2	4	3	4	2	1	3	0	3	3	1	4	1	4	2	3	1	1	1	4	4	4	3	3	3	0	1	3	2	0	3	1	2	2	4	4	0	1	4	4	4	2	3	1	0	4	3	0	0	1	0	4	4	1	3	4	4	3	2	2	3	1	4	3	4	4	3	1	3	1	3	0	1	0	2	3	3	3	3	3	2	1	1	1	1
KNO2.58	KNO2.58	3	2	1	3	2	0	1	2	2	4	0	0	4	0	3	1	0	9	2	2	0	9	0	4	3	0	0	3	2	1	3	4	2	0	4	1	2	1	3	2	3	0	4	0	3	3	1	0	3	3	2	4	0	4	0	4	0	0	2	1	0	0	1	3	3	4	1	4	2	1	1	4	1	4	0	2	1	4	3	0	1	1	0	0	3	1	1	1	4	3	0	1	4	4	4	2	3	1	0	0	3	0	0	1	0	0	4	1	3	4	0	3	0	2	3	3	10	1	3	0	6	1	0	0	3	0	1	0	0	1	1	1	4	3	2	0	1	3	1
KNO2.59	KNO2.59	0	2	0	3	2	3	0	0	2	4	1	3	4	2	3	1	0	2	1	2	4	2	3	0	3	1	0	0	0	3	1	3	2	2	4	0	0	1	3	2	0	3	4	3	0	3	0	0	3	3	0	0	1	4	1	4	3	4	0	1	0	0	0	0	3	4	1	4	2	1	1	4	1	4	4	2	0	4	3	0	0	1	4	2	0	1	0	1	4	3	3	1	4	4	4	2	3	0	0	4	3	0	0	0	0	4	4	0	3	4	0	3	0	2	0	3	4	1	3	0	0	1	3	1	3	0	1	0	0	1	1	1	4	3	0	1	1	0	0
KNO2.63	KNO2.63	3	2	6	3	2	3	1	2	2	4	1	6	4	2	3	1	0	2	5	2	9	2	3	4	2	1	2	1	1	3	3	3	0	2	4	1	4	3	3	2	3	3	2	1	1	3	1	1	3	3	2	4	1	4	1	4	3	4	0	1	3	0	1	1	3	4	7	4	2	1	1	4	1	4	7	2	1	4	3	0	1	1	4	2	3	1	1	2	4	10	10	6	4	4	4	9	3	1	0	3	1	4	3	4	2	4	4	1	3	4	4	3	0	9	6	3	10	6	10	0	6	1	3	1	3	2	1	5	9	6	6	6	10	3	9	1	1	3	1
KNO2.65	KNO2.65	0	2	1	1	2	1	1	2	2	4	1	1	4	2	3	1	3	2	1	2	2	2	1	4	2	1	2	1	1	3	1	3	2	2	4	1	2	1	3	2	3	3	4	3	1	3	1	3	3	1	2	2	1	2	2	4	1	2	2	2	3	1	1	3	3	4	1	4	2	1	1	4	1	4	4	2	3	3	3	3	1	1	2	4	1	1	1	1	4	3	3	1	4	4	4	4	3	3	2	3	3	2	2	4	2	2	4	1	3	4	4	3	4	4	1	3	3	3	4	4	3	3	3	1	1	3	1	2	4	1	1	1	4	3	2	1	1	3	1
KNO2.66	KNO2.66	0	2	0	3	2	3	0	0	2	4	1	1	4	2	3	1	0	4	2	2	0	4	1	0	3	1	0	0	0	3	3	3	4	2	4	0	0	3	3	2	0	3	2	1	0	3	0	0	3	3	0	0	1	4	1	4	0	4	0	1	0	0	3	0	1	4	1	4	2	1	1	4	1	4	1	2	0	4	3	0	2	1	4	0	0	1	0	1	4	4	0	3	4	4	4	2	3	0	0	3	1	0	0	0	0	4	4	0	3	4	0	3	0	4	0	3	3	3	4	4	0	1	0	0	3	0	1	0	0	3	3	3	3	1	0	0	1	0	0
KNO2.70	KNO2.70	0	2	0	1	2	1	0	0	2	4	1	1	4	2	3	1	0	4	2	2	4	4	1	0	3	1	0	0	0	1	3	4	0	4	4	0	0	1	3	2	0	1	4	1	0	3	0	3	3	1	0	0	1	2	2	4	3	4	0	1	0	0	1	0	3	4	1	4	2	1	1	4	1	4	4	2	0	3	3	0	0	1	4	2	0	1	0	1	4	3	3	1	4	4	4	2	3	0	0	4	3	0	0	0	0	4	4	0	3	4	0	3	4	4	0	3	3	3	4	4	0	3	3	1	1	3	1	0	4	1	1	1	4	3	0	1	1	0	0
KNO2.71	KNO2.71	0	2	0	1	2	1	0	0	2	4	1	1	4	2	3	1	2	4	2	2	4	4	1	0	3	1	2	0	0	1	3	4	0	4	4	0	0	1	3	0	0	1	4	1	0	3	0	1	3	3	0	0	1	4	1	4	3	4	0	1	0	2	3	0	1	4	1	4	2	1	1	4	1	4	4	2	0	4	3	0	2	1	4	2	0	1	0	1	4	3	3	1	4	4	4	2	3	0	0	4	3	0	0	0	0	4	4	0	3	4	0	3	4	4	0	3	3	3	4	4	0	1	3	1	3	2	1	0	2	3	3	3	3	3	0	1	1	0	0
KNO2.72	KNO2.72	0	2	0	1	2	1	0	0	2	4	1	1	4	2	3	1	0	4	2	2	4	4	1	0	3	1	0	0	0	1	3	4	0	4	4	0	0	1	3	2	0	1	4	1	0	3	0	1	3	3	0	0	1	4	1	4	3	4	0	1	0	0	3	0	1	4	1	4	2	1	1	4	1	4	4	2	0	4	3	0	2	1	0	2	0	1	0	1	4	3	0	1	4	4	4	2	3	0	0	4	3	0	0	0	0	4	4	0	3	4	0	3	0	4	0	3	3	3	4	4	0	1	3	1	3	2	1	0	2	3	3	3	3	3	0	1	1	0	0
KNO2.74	KNO2.74	0	2	3	3	2	3	1	2	2	4	1	1	4	2	3	0	0	2	2	2	2	2	3	4	2	1	0	1	1	3	3	3	0	2	4	0	4	3	3	2	3	3	2	1	1	3	1	1	3	3	2	4	1	4	1	4	3	4	0	1	0	0	1	1	3	4	4	4	2	1	1	4	1	4	1	2	1	4	3	1	1	1	4	2	3	1	1	2	4	4	0	3	4	4	4	4	3	1	0	3	1	4	3	4	0	4	4	1	3	4	4	3	4	4	1	3	3	3	4	4	3	1	3	1	3	2	1	1	2	3	3	3	3	3	4	1	1	3	1
KNO2.77	KNO2.77	3	2	1	1	2	1	1	2	2	4	1	1	4	2	3	2	0	2	2	2	2	2	3	4	2	1	0	1	1	3	3	3	0	2	4	1	4	3	3	2	3	1	4	1	1	3	1	1	3	3	2	4	1	4	1	4	3	4	2	1	3	0	3	3	1	4	4	4	2	1	1	4	1	4	1	2	1	4	3	0	1	1	4	2	3	1	1	1	4	4	0	3	4	4	4	4	3	1	0	3	6	0	0	7	0	4	4	1	3	4	4	3	4	4	1	3	3	3	4	4	3	1	3	1	3	2	1	1	2	3	3	3	3	3	4	1	1	3	1
CS28396	KNO-1	1	1	1	3	4	1	1	4	2	2	3	1	4	2	3	1	3	4	1	2	2	2	1	4	2	4	0	1	2	1	1	4	2	4	4	3	2	3	3	3	3	3	2	1	3	1	3	1	3	3	2	4	2	2	2	4	3	4	4	1	4	1	1	1	3	1	1	1	2	3	1	1	1	4	4	4	3	3	3	1	0	3	2	2	3	1	2	2	4	4	4	1	4	4	4	2	3	3	4	3	1	4	3	4	1	2	4	2	1	2	0	2	2	2	3	1	4	3	4	4	3	1	1	3	3	3	1	2	2	3	1	1	3	3	2	1	1	1	1
CS28405	KNO-10	3	2	1	1	2	1	1	2	2	4	1	1	4	2	3	1	2	4	2	2	4	4	1	4	3	1	2	3	2	1	3	4	0	4	4	3	4	1	3	2	3	1	4	1	1	3	1	1	3	3	2	4	1	4	1	4	3	4	2	1	3	2	3	3	1	4	1	4	2	1	1	4	1	4	4	2	1	4	3	3	5	1	4	2	3	1	1	1	4	3	3	1	4	4	4	2	3	1	2	4	3	4	2	1	2	4	4	1	3	4	0	3	4	4	1	3	3	3	4	4	3	1	3	1	3	2	1	1	2	3	3	3	3	3	4	1	1	3	1
CS28407	KNO-11	1	1	1	3	4	1	1	4	2	2	3	1	4	2	3	2	2	4	1	2	2	2	0	4	2	1	2	1	1	3	3	4	2	2	4	1	4	3	3	2	3	3	2	1	3	3	1	1	3	3	2	4	1	4	1	4	3	4	4	1	3	1	1	1	3	4	1	4	2	1	1	4	1	4	4	2	1	3	3	1	1	1	4	2	3	1	1	1	4	4	3	1	4	4	4	2	3	1	2	3	1	4	3	4	2	4	4	2	1	2	4	2	2	2	3	1	4	3	4	3	1	1	1	3	3	3	1	2	2	3	1	1	3	3	2	1	1	3	3
CS28408	KNO-12	1	1	1	3	4	1	1	4	2	2	3	1	4	2	3	0	8	9	1	2	9	2	3	4	8	1	0	1	1	3	1	3	0	4	4	6	0	3	3	8	3	3	2	1	3	3	1	1	3	3	2	4	1	4	1	4	3	4	4	1	3	1	1	6	3	4	1	4	2	1	1	7	1	4	4	9	1	3	3	1	0	6	9	2	3	1	1	1	4	10	3	1	4	4	4	2	3	6	2	3	1	4	3	4	5	9	4	2	1	2	0	2	2	2	3	1	4	6	10	3	1	1	6	6	3	8	1	2	9	6	1	1	10	3	2	1	1	6	6
CS28409	KNO-13	3	2	1	1	2	1	1	2	2	4	1	1	4	2	3	1	2	4	2	2	4	4	3	4	2	1	2	1	1	3	1	3	2	2	9	3	4	1	3	2	3	1	4	1	1	3	1	1	3	3	2	4	1	4	1	4	6	9	2	1	3	2	3	3	1	4	4	4	2	1	1	4	0	4	4	2	1	3	1	3	1	1	4	2	3	1	1	1	4	3	3	1	4	4	4	2	2	1	4	4	3	9	2	7	5	4	4	1	3	4	4	3	4	4	1	3	3	3	4	4	3	3	3	1	1	3	1	2	4	1	1	1	3	1	2	3	1	6	6
CS28410	KNO-14	3	2	1	1	2	1	1	2	2	4	1	1	4	2	3	1	2	4	1	2	4	4	1	4	3	1	0	3	2	1	3	4	2	4	2	3	2	1	3	2	3	1	4	1	1	3	1	1	3	3	2	4	1	4	1	4	3	4	4	1	3	2	3	3	1	4	1	4	2	1	1	1	1	4	4	4	3	3	3	1	5	3	2	2	3	1	1	1	4	3	3	1	4	4	4	2	3	3	4	3	1	4	3	4	1	2	4	2	1	2	0	2	2	4	1	3	3	3	4	4	3	1	3	1	3	3	1	1	4	1	1	1	4	1	2	1	1	3	1
CS28411	KNO-15	3	2	1	1	2	1	1	2	2	4	1	1	4	2	3	1	2	4	2	2	4	4	1	4	3	1	0	3	2	1	3	4	2	4	4	3	4	1	3	2	3	1	4	1	1	3	1	1	3	3	2	4	1	4	1	4	3	4	2	1	3	2	3	3	1	4	1	4	2	1	1	4	1	4	4	2	1	4	3	3	5	1	4	2	3	1	1	1	4	3	3	1	4	4	4	2	3	1	2	4	3	4	2	1	2	4	4	1	3	4	0	3	4	4	1	3	3	3	4	4	3	1	3	1	3	2	1	1	2	3	3	3	3	3	4	1	1	3	1
CS28412	KNO-16	3	1	1	3	2	1	1	4	2	2	1	1	4	2	3	2	2	4	1	2	2	2	1	4	2	1	0	1	1	1	3	4	4	4	2	3	4	1	3	3	3	3	2	1	1	1	3	1	3	3	2	4	2	2	2	4	3	4	4	1	4	1	1	1	3	1	1	1	2	3	1	1	1	4	4	4	3	3	3	1	0	3	2	2	3	1	2	2	4	4	4	1	4	4	4	2	3	3	4	3	1	4	3	4	1	2	4	2	1	2	0	2	2	2	3	1	4	3	4	4	3	1	1	3	3	3	1	2	2	3	1	1	3	3	2	1	1	3	1
CS28413	KNO-17	3	2	1	3	2	3	1	2	2	4	1	1	4	2	3	1	2	4	2	2	4	4	1	4	3	1	0	3	2	1	3	4	0	4	2	3	2	3	3	3	3	3	2	1	1	1	1	3	3	3	2	4	2	2	2	9	3	4	2	2	3	2	3	1	3	1	1	0	2	1	1	1	1	4	4	4	3	3	3	1	0	3	4	2	3	1	5	5	4	10	3	6	9	4	4	2	3	3	4	3	1	4	3	4	1	2	4	2	1	2	0	2	2	2	1	1	4	3	4	4	3	1	1	3	3	3	1	2	2	3	1	1	3	3	2	1	1	1	1
CS28414	KNO-18	3	2	1	1	2	1	1	2	2	4	1	1	4	2	3	1	2	4	2	2	4	4	0	4	3	1	0	3	2	1	3	4	2	4	4	3	2	3	3	3	3	3	2	1	1	1	3	1	3	3	2	4	2	2	2	4	3	4	4	1	4	1	3	3	1	1	1	1	2	3	1	1	1	4	4	4	3	4	3	1	5	3	2	2	3	1	2	2	4	4	4	1	4	4	4	2	3	3	4	3	1	4	3	4	1	2	4	1	3	4	0	3	4	4	1	3	3	3	4	4	3	1	1	3	3	3	1	2	2	3	1	1	3	3	4	1	1	3	1
CS28397	KNO-2	1	1	1	3	4	1	1	4	2	2	3	1	4	2	3	1	3	4	1	2	2	2	1	4	2	4	0	1	2	1	1	4	2	4	4	3	2	3	3	3	3	3	2	1	3	1	3	1	3	3	2	4	2	2	2	4	3	4	4	1	4	1	1	1	3	1	1	1	2	3	1	1	1	4	4	4	3	3	3	1	5	3	2	2	3	1	2	2	4	4	4	1	4	4	4	2	3	3	4	3	1	4	3	4	1	2	4	2	1	2	0	2	2	2	3	1	4	3	4	4	3	1	1	3	3	3	1	2	2	3	1	1	3	3	2	1	1	1	1
CS28398	KNO-3	1	1	1	3	4	1	1	4	3	4	3	1	1	2	0	1	0	4	1	2	0	4	0	4	3	1	2	3	2	3	1	0	4	0	2	3	4	1	1	2	3	0	2	1	3	0	3	0	0	3	4	2	0	0	1	2	1	2	4	2	3	2	3	3	0	4	1	0	0	1	0	4	0	0	0	2	3	4	1	1	0	1	2	0	1	1	1	1	0	0	4	1	0	4	1	0	2	3	2	4	0	2	3	4	1	2	0	1	1	2	0	2	0	0	1	1	3	1	0	4	1	3	0	0	0	0	3	2	4	3	0	1	0	1	2	1	0	1	1
CS28399	KNO-4	3	1	1	1	4	1	4	4	2	2	1	1	4	2	3	1	2	4	2	2	4	4	1	4	3	1	2	3	2	1	3	4	4	4	2	3	4	3	1	2	3	1	4	1	1	3	1	1	3	3	2	4	1	4	1	4	1	2	2	1	4	1	1	1	3	1	1	4	2	1	1	4	1	4	4	2	1	4	3	3	2	1	2	2	3	1	1	1	2	4	4	3	4	4	4	4	3	1	4	4	1	4	2	1	1	4	4	1	1	4	4	3	4	4	1	3	3	3	4	4	3	1	3	1	3	2	1	1	2	3	3	3	3	3	4	1	1	3	1
CS28400	KNO-5	3	1	1	1	4	1	4	4	2	2	1	1	4	2	3	1	2	4	2	2	4	4	1	4	3	1	2	3	2	1	3	4	4	4	2	3	4	3	1	2	3	1	4	1	1	3	1	1	3	3	2	4	1	4	1	4	1	2	2	1	4	1	1	1	3	1	1	4	2	1	1	4	1	4	4	2	1	4	3	3	2	1	2	2	3	1	1	1	2	4	4	3	4	4	4	4	3	1	4	4	1	4	2	1	1	4	4	1	1	4	4	3	4	4	1	3	3	3	4	4	3	1	3	1	3	2	1	1	2	3	3	3	3	3	4	1	1	3	1
CS28401	KNO-6	3	2	1	1	2	1	1	2	2	4	1	1	4	2	3	1	2	4	2	2	4	4	1	4	3	1	2	3	2	1	3	4	2	4	4	3	4	1	3	2	3	1	4	1	1	3	1	1	3	3	2	4	1	4	1	4	3	4	2	1	3	2	3	3	1	4	1	4	2	1	1	4	1	4	4	2	1	4	3	3	5	1	4	2	3	1	1	1	4	3	3	1	4	4	4	2	3	1	2	4	3	4	2	1	2	4	4	1	3	4	0	3	4	4	1	3	3	3	4	4	3	1	3	1	3	2	1	1	2	3	3	3	3	3	4	1	1	3	1
CS28402	KNO-7	3	2	1	1	2	1	1	2	2	4	1	1	4	2	3	1	2	4	2	2	4	4	1	4	3	1	2	3	2	1	3	4	2	4	4	3	2	3	3	0	3	3	2	1	3	1	3	1	3	3	2	4	2	2	2	4	3	4	4	1	4	1	0	3	1	1	1	1	2	3	1	1	1	4	4	4	3	4	3	1	1	3	2	2	3	1	2	2	4	4	4	1	4	4	4	2	3	3	4	3	1	4	3	4	1	2	4	1	3	4	4	3	4	4	1	3	3	3	4	4	3	1	1	3	3	3	1	2	2	3	1	1	3	3	4	1	1	3	1
CS28403	KNO-8	3	2	1	1	2	1	1	2	2	4	1	1	4	2	3	1	2	4	2	2	4	4	1	4	3	1	2	3	2	1	3	4	2	4	4	3	2	3	3	0	3	3	2	1	3	1	3	1	3	3	2	4	2	2	2	4	3	4	4	1	4	1	3	3	1	1	1	1	2	3	1	1	1	4	4	4	3	4	3	1	1	3	2	2	3	1	2	2	4	4	4	1	4	4	4	2	3	3	4	3	1	4	3	4	1	2	4	1	3	4	4	3	4	4	1	3	3	3	4	4	3	1	1	3	3	3	1	2	2	3	1	1	3	3	4	1	1	3	1
CS28404	KNO-9	3	2	1	1	2	1	1	2	2	4	1	1	4	2	3	1	2	4	2	2	4	4	1	4	3	1	2	3	2	1	3	4	2	4	4	3	2	3	3	0	3	3	2	1	3	1	3	1	3	3	2	4	2	2	2	4	3	4	4	1	4	1	3	3	1	1	1	1	2	3	1	1	1	4	4	4	3	4	3	1	1	3	2	2	3	1	2	2	4	4	4	1	4	4	4	2	3	3	4	3	1	4	3	4	1	2	4	1	3	4	4	3	4	4	1	3	3	3	4	4	3	1	1	3	3	3	1	2	2	3	1	1	3	3	4	1	1	3	1
CS28406	KNO-10	3	2	1	1	2	1	1	2	2	4	1	1	4	2	3	1	2	4	2	2	4	4	1	4	3	1	2	3	2	1	3	4	2	4	4	3	4	1	3	2	3	1	4	1	1	3	1	1	3	3	2	4	1	4	1	4	3	4	2	1	3	2	3	3	1	4	1	4	2	1	1	4	1	4	4	2	1	4	3	3	0	1	4	2	3	1	1	1	4	3	3	1	4	4	4	2	3	1	2	4	3	4	2	1	2	4	4	1	3	4	0	3	4	4	1	3	3	3	4	4	3	1	3	1	3	2	1	1	2	3	3	3	3	3	4	1	1	3	1
CS28415	KNO-18	3	2	1	1	2	1	1	2	2	4	1	1	4	2	3	1	2	4	2	2	4	4	1	4	3	1	0	3	2	1	3	4	0	4	4	3	2	3	3	3	3	3	2	1	1	1	3	1	3	3	2	4	2	2	2	4	3	4	4	1	4	1	3	3	1	1	1	1	2	3	1	1	1	4	4	4	3	4	3	1	0	3	2	2	3	1	2	2	4	4	4	1	4	4	4	2	3	3	4	3	1	4	3	4	1	2	4	1	3	4	0	3	4	4	1	3	3	3	4	4	3	1	1	3	3	3	1	2	2	3	1	1	3	3	4	1	1	3	1
914RM166.14	914RM166.14	1	1	1	3	4	1	1	4	2	2	3	1	4	2	3	1	3	4	1	2	2	2	1	4	2	4	0	1	2	1	1	3	0	4	2	3	2	3	3	3	3	3	2	1	3	1	3	1	3	3	2	4	2	2	2	4	3	4	4	1	4	1	1	1	3	1	1	1	2	3	1	1	1	4	4	4	3	3	3	1	0	3	2	2	3	1	2	2	4	3	3	1	4	4	4	2	3	3	4	3	1	4	3	4	1	2	4	2	1	2	0	2	2	2	3	1	4	3	4	4	3	1	1	3	3	3	1	2	2	3	1	1	3	3	2	1	1	1	1
