strain	category	AtMSQTsnp 2	AtMSQTsnp 4	AtMSQTsnp 8	AtMSQTsnp 9	AtMSQTsnp 10	AtMSQTsnp 11	AtMSQTsnp 12	AtMSQTsnp 14	AtMSQTsnp 15	AtMSQTsnp 18	AtMSQTsnp 21	AtMSQTsnp 22	AtMSQTsnp 27	AtMSQTsnp 29	AtMSQTsnp 30	AtMSQTsnp 31	AtMSQTsnp 33	AtMSQTsnp 38	AtMSQTsnp 40	AtMSQTsnp 41	AtMSQTsnp 47	AtMSQTsnp 48	AtMSQTsnp 49	AtMSQTsnp 53	AtMSQTsnp 54	AtMSQTsnp 57	AtMSQTsnp 58	AtMSQTsnp 60	AtMSQTsnp 61	AtMSQTsnp 62	AtMSQTsnp 63	AtMSQTsnp 65	AtMSQTsnp 67	AtMSQTsnp 69	AtMSQTsnp 73	AtMSQTsnp 76	AtMSQTsnp 85	AtMSQTsnp 87	AtMSQTsnp 88	AtMSQTsnp 90	AtMSQTsnp 91	AtMSQTsnp 92	AtMSQTsnp 97	AtMSQTsnp 100	AtMSQTsnp 101	AtMSQTsnp 104	AtMSQTsnp 108	AtMSQTsnp 114	AtMSQTsnp 118	AtMSQTsnp 123	AtMSQTsnp 126	AtMSQTsnp 128	AtMSQTsnp 129	AtMSQTsnp 130	AtMSQTsnp 132	AtMSQTsnp 138	AtMSQTsnp 140	AtMSQTsnp 142	AtMSQTsnp 143	AtMSQTsnp 145	AtMSQTsnp 146	AtMSQTsnp 155	AtMSQTsnp 156	AtMSQTsnp 159	AtMSQTsnp 164	AtMSQTsnp 169	AtMSQTsnp 170	AtMSQTsnp 173	AtMSQTsnp 174	AtMSQTsnp 177	AtMSQTsnp 184	AtMSQTsnp 186	AtMSQTsnp 187	AtMSQTsnp 188	AtMSQTsnp 189	AtMSQTsnp 191	AtMSQTsnp 194	AtMSQTsnp 197	AtMSQTsnp 198	AtMSQTsnp 203	AtMSQTsnp 205	AtMSQTsnp 214	AtMSQTsnp 220	AtMSQTsnp 222	AtMSQTsnp 223	AtMSQTsnp 231	AtMSQTsnp 232	AtMSQTsnp 235	AtMSQTsnp 237	AtMSQTsnp 242	AtMSQTsnp 244	AtMSQTsnp 249	AtMSQTsnp 254	AtMSQTsnp 260	AtMSQTsnp 263	AtMSQTsnp 266	AtMSQTsnp 267	AtMSQTsnp 274	AtMSQTsnp 278	AtMSQTsnp 279	AtMSQTsnp 281	AtMSQTsnp 282	AtMSQTsnp 285	AtMSQTsnp 286	AtMSQTsnp 288	AtMSQTsnp 292	AtMSQTsnp 294	AtMSQTsnp 300	AtMSQTsnp 304	AtMSQTsnp 306	AtMSQTsnp 307	AtMSQTsnp 310	AtMSQTsnp 312	AtMSQTsnp 315	AtMSQTsnp 321	AtMSQTsnp 323	AtMSQTsnp 325	AtMSQTsnp 327	AtMSQTsnp 331	AtMSQTsnp 334	AtMSQTsnp 343	AtMSQTsnp 350	AtMSQTsnp 351	AtMSQTsnp 355	AtMSQTsnp 358	AtMSQTsnp 359	AtMSQTsnp 360	AtMSQTsnp 361	AtMSQTsnp 368	AtMSQTsnp 370	AtMSQTsnp 372	AtMSQTsnp 373	AtMSQTsnp 378	AtMSQTsnp 379	AtMSQTsnp 388	AtMSQTsnp 390	AtMSQTsnp 392	AtMSQTsnp 394	AtMSQTsnp 395	AtMSQTsnp 397	AtMSQTsnp 398	AtMSQTsnp 399	AtMSQTsnp 404	AtMSQTsnp 406	AtMSQTsnp 408	AtMSQTsnp 409	AtMSQTsnp 410	AtMSQTsnp 412	AtMSQTsnp 415
UKNW06-481	UKNW06-481	3	1	3	3	4	1	4	2	3	2	3	1	1	2	3	1	2	4	1	2	4	2	1	2	1	3	2	3	3	4	2	4	2	3	2	1	1	2	3	1	4	1	1	3	3	3	3	3	4	4	2	1	2	1	2	3	4	2	2	4	1	3	3	3	1	1	1	4	3	1	4	3	2	1	2	1	3	4	3	1	2	2	3	3	2	2	4	3	1	2	2	4	2	2	3	2	1	2	2	4	2	4	2	1	4	2	2	2	1	1	4	3	4	3	3	1	3	1	0	2	3	1	3	4	3	3	2	1	3	2	1	1
UKNW06-482	UKNW06-482	3	1	3	3	4	1	4	2	3	2	3	1	1	2	3	1	2	4	1	2	4	2	1	2	1	3	2	3	3	4	2	4	2	3	2	1	1	2	3	1	4	1	1	3	3	3	3	3	4	4	2	1	2	1	2	3	4	2	2	4	1	3	3	3	1	1	1	4	3	1	4	3	2	1	2	1	3	4	3	1	2	2	3	3	2	2	4	3	1	2	2	4	2	2	3	2	1	2	2	4	2	4	2	1	4	2	2	2	1	1	4	3	4	3	3	1	3	1	2	2	3	1	3	4	3	3	2	1	3	2	1	1
UKNW06-483	UKNW06-483	3	1	3	3	4	1	4	2	3	2	3	1	1	2	3	1	2	4	1	2	4	2	1	2	1	3	2	3	3	4	2	4	2	3	2	1	1	2	3	1	4	1	1	3	3	3	3	3	4	4	2	1	2	1	2	3	4	2	2	4	1	3	3	3	1	1	1	4	3	1	4	3	2	1	2	1	3	4	3	1	2	2	3	3	2	2	4	3	1	2	2	4	2	2	3	2	1	2	2	4	2	4	2	1	4	2	2	2	1	1	4	3	4	3	3	1	3	1	0	2	3	1	3	4	3	3	2	1	3	2	1	1
UKNW06-484	UKNW06-484	3	1	3	3	4	1	4	2	3	2	3	1	1	2	3	1	2	4	1	2	4	2	1	2	1	3	2	3	3	4	2	4	2	3	2	1	1	2	3	1	4	1	1	3	3	3	3	3	4	4	2	1	2	1	2	3	4	2	2	4	1	3	3	3	1	1	1	4	3	1	4	3	2	1	2	1	3	4	3	1	2	2	3	3	2	2	4	3	1	2	2	4	2	2	3	2	1	2	2	4	2	4	2	1	4	2	2	2	1	1	4	3	4	3	3	1	3	1	0	2	3	1	3	4	3	3	2	1	3	2	1	1
UKNW06-485	UKNW06-485	3	1	3	3	4	1	4	2	3	2	3	1	1	2	3	1	2	4	1	2	4	2	1	2	1	3	2	3	3	4	2	4	2	3	2	1	1	2	3	1	4	1	1	3	3	3	3	3	4	4	2	1	2	1	2	3	4	2	2	4	1	3	3	3	1	1	1	4	3	1	4	3	2	1	2	1	3	4	3	1	2	2	3	3	2	2	4	3	1	2	2	4	2	2	3	2	1	2	2	4	2	4	2	1	4	2	2	2	1	1	4	3	4	3	3	1	3	1	2	2	3	1	3	4	3	3	2	1	3	2	1	1
UKNW06-486	UKNW06-486	3	1	3	3	4	3	1	4	2	4	1	1	1	4	4	1	2	2	2	4	4	4	3	3	1	1	1	3	3	4	4	1	2	3	4	1	3	3	3	1	4	1	1	3	3	3	3	3	4	4	2	2	4	1	2	1	2	2	2	4	1	3	1	3	4	1	1	4	3	1	1	3	4	4	4	3	1	3	3	3	4	2	3	1	1	1	2	3	3	2	2	4	2	2	3	4	1	4	2	4	2	1	2	3	4	2	2	2	3	1	3	3	4	1	1	1	2	3	2	2	3	1	3	3	3	1	4	1	3	4	3	1
UKNW06-487	UKNW06-487	3	1	3	3	4	3	1	4	2	4	1	1	1	4	4	1	2	2	2	4	4	4	3	3	1	1	1	3	3	4	4	1	2	3	4	1	3	3	3	1	4	1	1	3	3	3	3	3	4	4	0	2	4	1	2	1	2	2	2	4	1	3	1	3	4	1	1	4	3	1	1	3	4	4	4	3	1	3	3	3	4	2	3	1	1	1	2	3	3	2	2	4	2	2	3	4	1	4	2	4	2	1	2	3	4	2	2	2	3	1	3	3	4	1	1	1	2	3	2	2	3	1	3	3	3	1	4	1	3	4	3	1
UKNW06-488	UKNW06-488	3	1	3	3	4	3	1	4	2	4	1	1	1	4	4	1	2	2	2	4	4	4	3	3	1	1	1	3	3	4	4	1	2	3	4	1	3	3	3	1	4	1	1	3	3	3	3	3	4	4	2	2	4	1	2	1	2	2	2	4	1	3	1	3	4	1	1	4	3	1	1	3	4	4	4	3	1	3	3	3	0	2	3	1	1	1	2	3	3	2	2	4	2	2	3	4	1	4	2	4	2	1	2	3	4	2	2	2	3	1	3	3	4	1	1	1	2	3	2	2	3	1	3	3	3	1	4	1	3	4	3	1
UKNW06-489	UKNW06-489	3	1	3	3	4	3	1	4	2	4	1	1	1	4	4	1	2	2	2	4	4	4	3	3	1	1	1	3	3	4	4	1	2	3	4	1	3	3	3	1	4	1	1	3	3	3	3	3	4	4	2	2	4	1	2	1	2	2	2	4	1	3	1	3	4	1	1	4	3	1	1	3	4	4	4	3	1	3	3	3	4	2	3	1	1	1	2	3	3	2	2	4	2	2	3	4	1	4	2	4	2	1	2	3	4	2	2	2	3	1	3	3	4	1	1	1	2	3	2	2	3	1	3	3	3	1	4	1	3	4	3	1
UKNW06-490	UKNW06-490	3	1	3	3	4	3	1	4	2	4	1	1	1	4	4	1	2	2	2	4	4	4	3	3	1	1	1	3	3	4	4	1	2	3	4	1	3	3	3	1	4	1	1	3	3	3	3	3	4	4	2	2	4	1	2	1	2	2	2	4	1	3	1	3	4	1	1	4	3	1	1	3	4	4	4	3	1	3	3	3	4	2	3	1	1	1	2	3	3	2	2	4	2	2	3	4	1	4	2	4	2	1	2	3	4	2	2	2	3	1	3	3	4	1	1	1	2	3	0	2	3	1	3	3	3	1	4	1	3	4	3	1
UKNW06-491	UKNW06-491	3	1	3	3	4	3	1	4	2	4	1	1	1	4	4	1	2	2	2	4	4	4	3	3	1	1	1	3	3	4	4	1	0	3	4	1	3	3	3	1	4	1	1	3	3	3	3	3	4	4	4	2	4	1	2	1	2	2	2	4	1	3	1	3	4	1	1	4	3	1	1	3	4	4	4	3	1	3	3	3	4	2	3	1	1	1	2	3	3	2	2	4	2	2	3	4	1	4	2	4	2	1	2	3	4	2	2	2	3	1	3	3	4	1	1	1	2	3	2	2	3	1	3	3	3	1	4	1	3	4	3	1
UKNW06-492	UKNW06-492	3	1	3	3	4	3	1	4	2	4	1	1	1	4	4	1	2	2	2	4	4	4	3	3	1	1	1	3	3	4	4	1	2	3	4	1	3	3	3	1	4	1	1	3	3	3	3	3	4	4	4	2	4	1	2	1	2	2	2	4	1	3	1	3	4	1	1	4	3	1	1	3	4	4	4	3	1	3	3	3	4	2	3	1	1	1	2	3	3	2	2	4	2	2	3	4	1	4	2	4	2	1	2	3	4	2	2	2	3	1	3	3	4	1	1	1	2	3	2	2	3	1	3	3	3	1	4	1	3	4	3	1
UKNW06-493	UKNW06-493	3	2	1	3	2	3	4	2	2	2	1	1	4	4	4	1	2	2	1	2	4	4	0	2	1	1	2	3	3	3	4	1	4	1	4	3	3	2	3	3	2	1	1	1	1	3	4	1	2	2	4	2	2	1	2	3	4	2	2	3	1	3	1	3	4	4	4	2	1	2	4	1	4	4	2	1	1	4	1	1	2	4	1	1	1	2	2	4	1	4	2	4	4	3	1	4	1	4	3	1	1	1	2	3	2	3	2	4	3	3	3	3	3	3	3	1	2	1	1	2	1	1	1	3	3	3	4	1	1	2	3	1
UKNW06-494	UKNW06-494	3	2	1	3	2	3	1	2	3	2	3	1	4	4	3	2	2	4	2	2	2	4	1	2	1	3	2	3	3	4	2	1	4	3	4	1	1	2	3	3	2	1	1	3	3	3	3	3	4	4	2	1	2	2	2	3	4	2	2	4	2	1	3	3	4	1	1	2	3	1	1	3	2	4	2	3	3	4	3	1	2	2	3	3	2	2	4	4	1	4	2	1	4	2	3	2	1	4	2	1	1	4	2	1	4	2	4	2	1	1	3	1	4	1	3	3	2	1	0	2	3	3	1	4	3	1	2	1	1	2	1	1
UKNW06-495	UKNW06-495	3	1	3	3	4	3	1	4	2	4	1	1	1	4	4	1	2	2	2	4	4	4	3	3	1	1	1	3	3	4	4	1	2	3	4	1	3	3	3	1	4	1	1	3	3	3	3	3	4	4	9	2	4	1	2	1	2	2	2	4	1	3	1	3	4	1	1	4	3	1	1	3	4	4	4	3	1	3	3	3	4	2	3	1	1	1	2	3	3	2	2	4	2	2	3	4	1	4	2	4	2	1	2	3	4	2	2	2	3	1	3	3	4	1	1	1	2	3	2	2	3	1	3	3	3	1	4	1	3	4	3	1
UKNW06-496	UKNW06-496	3	0	1	3	2	3	1	2	3	2	0	1	4	2	3	2	2	2	1	4	2	4	3	3	1	1	2	1	3	3	4	4	2	3	4	1	1	2	3	1	4	1	1	3	3	3	4	1	4	4	4	2	2	1	2	3	4	2	2	4	2	0	3	3	4	1	1	2	3	1	4	3	4	4	4	1	1	4	3	1	2	2	3	3	2	0	4	4	1	4	4	4	2	2	3	2	1	4	2	1	1	4	2	3	4	2	2	2	3	1	4	3	4	1	1	3	2	1	0	2	3	1	3	3	3	3	2	1	1	2	1	1
UKNW06-498	UKNW06-498	3	2	1	3	2	3	1	2	3	2	3	1	4	4	0	2	0	4	2	2	0	4	0	2	1	3	2	3	3	0	0	1	4	3	4	1	1	2	3	0	2	1	1	0	3	0	0	3	4	4	2	0	0	2	2	3	4	2	2	4	2	1	3	0	4	1	0	0	3	0	1	0	0	0	2	3	3	4	3	1	2	0	3	3	2	2	0	0	1	0	2	1	0	2	3	2	0	4	2	1	1	0	2	1	4	2	0	0	1	1	3	1	0	1	3	0	0	1	2	2	3	0	1	0	3	1	2	1	0	0	1	1
UKNW06-499	UKNW06-499	3	2	1	3	2	3	1	2	3	2	3	1	4	4	3	2	2	4	2	2	2	4	1	2	1	3	2	3	3	4	2	1	4	3	4	1	1	2	3	3	2	1	1	3	3	3	3	3	4	4	2	1	2	2	2	3	4	2	2	4	2	1	3	3	4	1	1	2	3	1	1	3	2	4	2	3	3	4	3	1	2	2	3	3	2	2	4	4	1	4	2	1	4	2	3	2	1	4	2	1	1	4	2	1	4	2	4	2	1	1	3	1	4	1	3	3	2	1	2	2	3	3	1	4	3	1	2	1	1	2	1	1
UKNW06-500	UKNW06-500	3	2	1	3	2	3	1	2	3	2	3	1	4	4	3	2	2	4	2	2	2	4	1	2	1	3	2	3	3	4	2	1	4	3	4	1	1	2	3	3	2	1	1	3	3	3	3	3	4	4	2	1	2	2	2	3	4	2	2	4	2	1	3	3	4	1	1	2	3	1	1	3	2	4	2	3	3	4	3	1	2	2	3	3	2	2	4	4	1	4	2	1	4	2	3	2	1	4	2	1	1	4	2	1	4	2	4	2	1	1	3	1	4	1	3	3	2	1	2	2	3	3	1	4	3	1	2	1	1	2	1	1
UKNW06-016	UKNW06-016	3	2	1	1	2	1	4	4	2	2	3	1	4	4	3	2	3	2	1	2	4	4	1	2	1	1	2	1	1	4	2	4	2	3	4	1	3	2	1	3	4	1	1	3	3	3	3	1	4	2	2	2	2	2	2	3	4	4	2	4	2	1	3	3	4	1	1	4	3	1	4	3	2	1	4	1	3	4	1	1	2	2	3	1	2	2	4	3	1	2	2	4	2	2	1	4	1	4	2	1	2	4	2	3	2	3	4	2	1	1	4	1	4	1	1	3	3	1	2	2	3	3	1	3	3	1	2	1	1	2	3	1
UKNW06-017	UKNW06-017	3	2	1	1	2	1	4	4	2	2	3	1	4	4	3	2	3	2	1	2	4	4	1	2	1	1	2	1	1	4	2	4	2	3	4	1	3	2	1	3	4	1	1	3	3	3	3	1	4	2	2	2	2	2	2	3	4	4	2	4	2	1	3	3	4	1	1	4	3	1	4	3	2	1	4	1	3	4	1	1	2	2	3	1	2	2	4	3	1	2	2	4	2	2	1	4	1	4	2	1	2	4	2	3	2	3	4	2	1	1	4	1	4	1	1	0	3	1	0	2	3	3	1	3	3	1	2	1	1	2	3	1
UKNW06-018	UKNW06-018	3	2	1	3	4	1	1	2	2	2	3	1	4	4	4	1	2	2	1	2	4	4	1	2	1	3	2	3	3	4	2	4	2	3	4	3	1	2	1	1	2	1	1	3	3	3	3	3	4	4	2	2	4	1	2	1	2	4	2	4	2	3	3	3	4	1	1	2	3	1	1	1	4	4	4	1	3	3	3	3	4	2	3	3	1	1	2	3	1	4	2	4	4	2	1	4	1	4	2	1	1	1	2	3	2	3	4	2	1	1	4	3	4	1	1	1	3	3	1	2	1	1	3	3	3	1	4	1	3	2	1	1
UKNW06-019	UKNW06-019	1	0	3	3	0	0	1	2	2	9	0	3	0	2	3	1	2	2	2	0	4	0	1	2	1	1	2	1	1	3	2	4	2	3	4	1	1	0	3	1	0	0	1	3	1	1	3	3	2	4	4	1	2	0	4	1	2	4	2	4	1	0	3	3	4	1	1	2	3	1	0	1	4	1	4	0	1	0	0	1	2	2	1	0	2	0	4	4	0	4	0	0	4	3	3	0	1	4	2	1	2	4	2	0	0	3	4	2	3	0	0	0	4	1	1	3	2	3	1	0	3	1	0	3	0	0	4	1	3	2	1	1
UKNW06-024	UKNW06-024	3	2	1	1	2	1	4	4	2	2	3	1	4	4	3	2	3	2	1	4	2	4	3	2	1	3	2	3	3	4	2	1	4	3	4	1	1	2	3	1	4	1	1	3	3	3	3	3	4	4	0	1	2	2	2	3	4	4	1	4	2	1	3	3	4	1	1	2	3	1	1	3	2	1	4	1	3	4	3	3	2	2	3	1	2	2	4	3	3	2	2	4	4	2	3	2	3	4	2	4	2	4	2	1	4	2	4	2	1	1	3	1	4	1	3	3	2	1	2	2	3	3	1	4	3	1	4	1	1	2	3	1
UKNW06-025	UKNW06-025	3	1	3	3	2	3	4	4	2	9	3	1	1	4	4	2	2	4	1	2	4	4	1	2	1	1	2	1	1	4	2	1	2	3	2	1	3	3	3	1	4	3	1	1	1	3	4	1	4	4	4	1	2	1	2	1	2	2	2	3	1	1	3	3	1	4	1	4	1	1	4	3	2	1	4	3	1	3	3	3	4	2	3	1	2	2	4	4	3	4	4	4	4	2	3	2	1	2	2	1	2	4	2	3	4	2	4	2	3	1	3	3	4	1	1	1	3	1	1	2	3	1	1	3	3	3	2	3	1	2	1	3
UKNW06-028	UKNW06-028	3	2	1	1	4	3	4	4	2	2	3	1	4	4	3	2	2	2	1	4	2	4	3	2	1	1	2	3	3	4	4	4	4	3	4	1	1	2	3	3	2	1	1	3	3	3	3	3	4	4	2	1	2	2	2	3	4	2	2	4	2	1	3	3	4	1	1	2	3	1	4	3	2	4	2	1	1	4	3	3	2	2	3	1	1	2	4	3	3	2	2	1	4	2	3	4	3	4	2	1	2	4	2	1	4	2	4	2	1	1	3	1	4	1	3	3	2	1	2	2	3	3	1	4	3	1	4	1	1	2	3	1
UKNW06-029	UKNW06-029	3	2	1	1	2	1	4	4	2	2	3	1	4	4	3	2	3	2	1	4	2	4	3	2	1	3	2	3	3	4	2	1	4	3	4	1	1	2	3	1	4	1	1	3	3	3	3	3	4	4	2	1	2	2	2	3	4	4	1	4	2	1	3	3	4	1	1	2	3	1	1	3	2	1	4	1	3	4	3	3	2	2	3	1	2	2	4	3	3	2	2	4	4	2	3	2	3	4	2	4	2	4	2	1	4	2	4	2	1	1	3	1	4	1	3	3	2	1	2	2	3	3	1	4	3	1	4	1	1	2	3	1
UKNW06-033	UKNW06-033	3	2	1	3	4	3	4	4	2	2	3	1	4	4	3	2	2	2	1	2	4	4	1	2	4	1	2	3	1	4	2	1	2	3	2	1	1	2	3	1	4	1	3	3	3	3	3	3	4	4	2	2	4	2	2	1	2	4	2	4	2	3	3	3	4	1	1	4	3	1	4	3	4	4	4	1	3	3	1	1	4	2	3	1	1	1	4	3	3	2	4	4	4	2	1	2	1	4	2	1	1	4	2	3	4	2	2	2	3	3	4	3	4	1	3	3	2	3	0	4	3	1	3	4	3	1	2	1	1	2	1	1
UKNW06-034	UKNW06-034	3	1	1	1	2	3	4	2	3	2	1	1	1	2	3	2	2	4	1	2	2	2	3	2	1	1	2	3	3	4	2	4	2	3	4	1	1	3	3	3	4	3	1	1	1	3	3	0	2	4	4	1	4	1	4	3	4	4	2	3	1	3	3	3	4	4	1	2	1	1	4	1	4	1	2	1	1	3	1	3	2	2	1	1	2	1	2	4	3	4	2	4	4	3	1	4	3	4	2	1	2	1	1	3	4	2	2	2	3	1	4	1	3	3	3	3	3	3	0	2	3	3	3	3	3	3	2	1	1	2	1	1
UKNW06-035	UKNW06-035	3	1	1	1	2	3	4	2	3	2	1	1	1	2	3	2	2	4	1	2	2	2	3	2	1	1	2	3	3	4	2	4	2	3	4	1	1	3	3	3	4	3	1	1	1	3	3	3	2	4	4	1	4	1	4	3	4	4	2	3	1	3	3	3	4	4	1	2	1	1	4	1	4	1	2	1	1	3	1	3	2	2	1	1	2	1	2	4	3	4	2	4	4	3	1	4	3	4	2	1	2	1	1	3	4	2	2	2	3	1	4	1	3	3	3	3	3	3	2	2	3	3	3	3	3	3	2	1	1	2	1	1
UKNW06-040	UKNW06-040	3	1	1	1	2	3	4	2	3	2	1	1	1	2	3	2	2	4	1	2	2	2	3	2	1	1	2	3	3	4	2	4	2	3	4	1	1	3	3	3	4	3	1	1	1	3	3	3	2	4	4	1	4	1	4	3	4	4	2	3	1	3	3	3	4	4	1	2	1	1	4	1	4	1	2	1	1	3	1	3	2	2	1	1	2	1	2	4	3	4	2	4	4	3	1	4	3	4	2	1	2	1	1	3	4	2	2	2	3	1	4	1	3	3	3	3	3	3	0	2	3	3	3	3	3	3	2	1	1	2	1	1
UKNW06-044	UKNW06-044	1	1	1	1	4	3	4	4	2	0	3	1	1	2	3	1	2	4	2	2	4	2	3	2	1	3	2	1	1	4	4	1	4	3	2	1	1	3	3	3	4	1	1	3	3	3	3	3	4	2	2	2	2	1	2	3	4	2	2	4	1	3	3	3	4	4	1	4	1	2	4	1	4	1	4	1	3	3	1	3	2	2	3	1	2	1	4	3	3	4	2	1	4	2	1	2	1	4	3	1	1	1	2	3	2	3	4	2	3	3	4	3	4	1	1	3	3	1	1	2	3	1	1	4	2	1	4	1	1	2	3	1
UKNW06-045	UKNW06-045	1	1	1	1	4	3	4	4	2	0	3	1	1	2	3	1	2	4	2	2	4	2	3	2	1	3	2	1	1	4	4	1	4	3	2	1	1	3	3	3	4	1	1	3	3	3	3	3	4	2	2	2	2	1	2	3	4	2	2	4	1	3	3	3	4	4	1	4	1	2	4	1	4	1	4	1	3	3	1	3	2	2	3	1	2	1	4	3	3	4	2	1	4	2	1	2	1	4	3	1	1	1	2	3	2	3	4	2	3	3	4	3	4	1	1	3	3	1	1	2	3	1	1	4	2	1	4	1	1	2	3	1
UKNW06-049	UKNW06-049	1	1	1	1	4	3	4	4	2	0	3	1	1	2	3	1	2	4	2	2	4	2	3	2	1	3	2	1	1	4	4	1	4	3	2	1	1	3	3	3	4	1	1	3	3	3	3	3	4	2	2	2	2	1	2	3	4	2	2	4	1	3	3	3	4	4	1	4	1	2	4	1	4	1	4	1	3	3	1	3	2	2	3	1	2	1	4	3	3	4	2	1	4	2	1	2	1	4	3	1	1	1	2	3	2	3	4	2	3	3	4	3	4	1	1	3	3	1	1	2	3	1	1	4	2	1	4	1	1	2	3	1
UKNW06-050	UKNW06-050	1	1	1	1	4	3	4	4	2	0	3	1	1	2	3	1	2	4	2	2	4	2	3	2	1	3	2	1	1	4	4	1	4	3	2	1	1	3	3	3	4	1	1	3	3	3	3	3	4	2	2	2	2	1	2	3	4	2	2	4	1	3	3	3	4	4	1	4	1	2	4	1	4	1	4	1	3	3	1	3	2	2	3	1	2	1	4	3	3	4	2	1	4	2	1	2	1	4	3	1	1	1	2	3	2	3	4	2	3	3	4	3	4	1	1	3	3	1	1	2	3	1	1	4	2	1	4	1	1	2	3	1
UKNW06-054	UKNW06-054	1	1	1	1	4	3	4	4	2	0	3	1	1	2	3	1	2	4	2	2	4	2	3	2	1	3	2	1	1	4	4	1	4	3	2	1	1	3	3	3	4	1	1	3	3	3	3	3	4	2	2	2	2	1	2	3	4	2	2	4	1	3	3	3	4	4	1	4	1	2	4	1	4	1	4	1	3	3	1	3	2	2	3	1	2	1	4	3	3	4	2	1	4	2	1	2	1	4	3	1	1	1	2	3	2	3	4	2	3	3	4	3	4	1	1	3	3	1	1	2	3	1	1	4	2	1	4	1	1	2	3	1
UKNW06-055	UKNW06-055	1	2	1	3	2	3	4	2	3	2	3	3	1	2	4	2	3	2	1	4	2	4	1	3	1	1	1	3	1	3	4	4	2	3	4	1	3	3	3	3	2	1	1	3	1	3	3	3	2	2	4	2	2	1	4	1	2	4	2	3	1	3	3	3	4	4	1	2	1	1	1	1	4	1	2	3	3	4	3	1	2	2	1	1	2	1	4	4	1	4	4	4	2	3	3	2	3	4	3	1	1	4	2	3	2	3	4	4	1	3	4	3	3	1	1	1	2	1	2	4	3	1	1	3	3	1	2	1	1	2	1	1
UKNW06-059	UKNW06-059	1	2	1	3	2	3	4	2	3	2	3	3	1	2	4	2	3	2	1	4	2	4	1	3	1	1	1	3	1	3	4	4	2	3	4	1	3	3	3	3	2	1	1	3	1	3	3	3	2	2	4	2	2	1	4	1	2	4	2	3	1	3	3	3	4	4	1	2	1	1	1	1	4	1	2	3	3	4	3	1	2	2	1	1	2	1	4	4	1	4	4	4	2	3	3	2	3	4	3	1	1	4	2	3	2	3	4	4	1	3	4	3	3	1	1	1	2	1	2	4	3	1	1	3	3	1	2	1	1	2	1	1
UKNW06-060	UKNW06-060	1	1	3	3	2	1	4	4	2	4	3	1	1	2	3	1	2	4	1	4	4	2	1	2	1	1	2	1	3	4	2	4	2	3	4	3	3	3	3	1	2	1	1	3	3	3	3	3	2	2	2	2	4	1	2	3	4	4	1	4	1	1	3	3	1	4	1	4	1	1	4	1	4	4	4	3	3	3	3	1	2	2	3	1	1	2	2	3	3	2	4	4	4	2	3	2	1	4	3	1	1	1	2	3	4	2	4	2	3	1	4	3	4	1	3	1	3	3	2	2	3	3	1	3	3	1	2	1	1	2	1	1
UKNW06-067	UKNW06-067	1	1	3	3	2	1	4	4	2	4	3	1	1	2	3	1	2	4	1	4	4	2	1	2	1	1	2	1	3	4	2	4	2	3	4	3	3	3	3	1	2	0	1	3	3	3	3	3	2	2	2	2	4	1	2	3	4	4	1	4	1	1	3	3	1	4	1	4	1	1	4	1	4	4	4	3	3	3	3	1	2	2	3	1	1	0	2	3	3	2	4	4	4	2	3	2	1	4	3	1	1	1	2	3	4	2	4	2	3	1	4	3	4	1	3	1	3	3	2	2	3	3	1	3	3	1	2	1	1	2	1	1
UKNW06-068	UKNW06-068	3	2	3	1	2	3	4	4	2	2	3	1	4	4	3	1	2	2	1	2	4	4	1	2	4	1	2	3	3	4	4	1	4	3	4	1	1	2	3	3	4	3	3	3	3	3	3	3	4	4	4	2	2	2	2	3	4	2	1	4	2	1	3	3	4	4	1	2	3	1	4	1	4	4	4	3	1	3	3	3	2	2	3	1	1	2	4	3	3	4	4	1	2	2	3	2	1	4	2	1	1	1	2	3	2	3	4	2	1	1	3	1	4	1	1	1	2	3	2	4	3	3	1	4	3	1	2	1	1	2	1	1
UKNW06-078	UKNW06-078	3	2	3	1	2	3	4	4	2	2	3	1	4	4	3	1	2	2	1	2	4	4	1	2	4	1	2	3	3	4	4	1	4	3	4	1	1	2	3	3	4	3	3	3	3	3	3	3	4	4	4	2	2	2	2	3	4	2	1	4	2	1	3	3	4	4	1	2	3	1	4	1	4	4	4	3	1	3	3	3	2	2	3	1	1	2	4	3	3	4	4	1	2	2	3	2	1	4	2	1	1	1	2	3	2	3	4	2	1	1	3	1	4	1	1	1	2	3	2	4	3	3	1	4	3	1	2	1	1	2	1	1
UKNW06-079	UKNW06-079	3	2	3	1	2	1	4	2	2	2	3	1	4	4	4	1	2	4	1	2	4	4	3	2	4	3	2	1	1	4	2	1	2	3	2	1	3	2	3	3	4	1	3	1	1	3	4	1	4	4	2	2	2	2	2	1	2	4	2	4	1	1	3	3	4	4	1	4	3	1	4	3	4	4	2	1	3	3	3	3	2	2	3	1	2	2	2	3	3	4	2	4	4	2	1	4	1	4	2	4	2	4	2	3	2	2	2	2	1	1	3	3	4	1	3	3	2	3	2	4	3	1	1	3	3	1	4	1	1	2	3	1
UKNW06-080	UKNW06-080	3	2	3	1	2	1	4	2	2	2	3	1	4	4	4	1	2	4	1	2	4	4	3	2	4	3	2	1	1	4	2	1	2	3	2	1	3	2	3	3	4	1	3	1	1	3	4	1	4	4	2	2	2	2	2	1	2	4	2	4	1	1	3	3	4	4	1	4	3	1	4	3	4	4	2	1	3	3	3	3	2	2	3	1	2	2	2	3	3	4	2	4	4	2	1	4	1	4	2	4	2	4	2	3	2	2	2	2	1	1	3	3	4	1	3	3	2	3	2	4	3	1	1	3	3	1	4	1	1	2	3	1
UKNW06-081	UKNW06-081	3	2	3	1	2	1	4	2	2	2	3	1	4	4	4	1	2	4	1	2	4	4	3	2	4	3	2	1	1	4	2	1	2	3	2	1	3	2	3	3	4	1	3	1	1	3	4	1	4	4	2	2	2	2	2	1	2	4	2	4	1	1	3	3	4	4	1	4	3	1	4	3	4	4	2	1	3	3	3	3	2	2	3	1	2	2	2	3	3	4	2	4	4	2	1	4	1	4	2	4	2	4	2	3	2	2	2	2	1	1	3	3	4	1	3	3	2	3	2	4	3	1	1	3	3	1	4	1	1	2	3	1
UKNW06-084	UKNW06-084	3	2	3	1	2	1	4	2	2	2	3	1	4	4	4	1	2	4	1	2	4	4	3	2	4	3	2	1	1	4	2	1	2	3	2	1	3	2	3	3	4	1	3	1	1	3	4	1	4	4	2	2	2	2	2	1	2	4	2	4	1	1	3	3	4	4	1	4	3	1	4	3	4	4	2	1	3	3	3	3	2	2	3	1	2	2	2	3	3	4	2	4	4	2	1	4	1	4	2	4	2	4	2	3	2	2	2	2	1	1	3	3	4	1	3	3	2	3	2	4	3	1	1	3	3	1	4	1	1	2	3	1
UKNW06-085	UKNW06-085	3	2	3	1	2	1	4	2	2	2	3	1	4	4	4	1	2	4	1	2	4	4	3	2	4	3	2	1	1	4	2	1	2	3	2	1	3	2	3	3	4	1	3	1	1	3	4	1	4	4	2	2	2	2	2	1	2	4	2	4	1	1	3	3	4	4	1	4	3	1	4	3	4	4	2	1	3	3	3	3	2	2	3	1	2	2	2	3	3	4	2	4	4	2	1	4	1	4	2	4	2	4	2	3	2	2	2	2	1	1	3	3	4	1	3	3	2	3	2	4	3	1	1	3	3	1	4	1	1	2	3	1
UKNW06-086	UKNW06-086	3	2	1	1	4	3	4	4	2	2	3	1	4	4	3	2	3	2	1	2	4	4	0	2	1	1	2	1	1	4	4	4	2	3	4	1	3	2	3	3	2	1	1	3	3	3	3	3	4	4	2	1	2	2	2	3	4	2	2	4	2	1	3	3	4	1	1	2	3	1	4	3	2	4	2	1	1	3	3	3	4	2	3	1	2	2	4	3	3	2	2	1	4	2	3	4	1	2	2	1	2	4	2	3	4	2	4	2	3	1	3	3	4	1	3	1	3	1	1	2	3	1	1	3	3	3	2	3	1	2	1	3
UKNW06-087	UKNW06-087	3	1	3	3	4	3	1	4	2	4	1	1	1	4	4	1	2	2	2	4	4	4	3	3	1	1	1	3	3	4	4	1	2	3	4	1	3	3	3	1	4	1	1	3	3	3	3	3	4	4	2	2	4	1	2	1	2	2	2	4	1	3	1	3	4	1	1	4	3	1	1	3	4	4	4	3	1	3	3	3	4	2	3	1	1	1	2	3	3	2	2	4	2	2	3	4	1	4	2	4	2	1	2	3	4	2	2	2	3	1	3	3	4	1	1	1	2	3	2	2	3	1	3	3	3	1	4	1	3	4	3	1
UKNW06-088	UKNW06-088	3	1	3	3	4	3	1	4	2	4	1	1	1	4	4	1	2	2	2	4	4	4	3	3	1	1	1	3	3	4	4	1	2	3	4	1	3	3	3	1	4	1	0	3	3	3	3	3	4	0	9	2	4	1	2	1	2	2	2	4	1	3	1	3	4	1	1	4	3	1	1	3	4	4	4	3	1	3	3	3	4	2	3	1	1	1	2	3	3	2	2	4	2	2	0	4	1	4	2	4	2	1	2	3	4	2	2	2	3	1	3	3	4	1	1	1	2	3	2	2	3	1	3	3	3	1	4	1	3	4	3	1
UKNW06-101	UKNW06-101	3	5	6	3	9	3	7	9	2	4	1	1	1	4	4	1	2	2	2	4	4	4	3	3	1	1	1	3	3	4	4	1	2	3	4	1	3	3	3	1	9	0	6	3	1	3	4	3	4	4	4	1	4	1	2	3	4	4	2	4	0	1	3	3	4	7	1	9	3	1	1	6	9	4	4	3	1	3	3	3	4	0	6	6	1	1	9	3	3	2	2	4	2	2	3	4	1	4	2	4	0	1	2	3	4	2	2	2	3	1	10	6	4	1	6	1	0	3	0	2	6	6	6	10	0	6	9	6	6	9	6	1
UKNW06-102	UKNW06-102	3	1	3	3	0	3	7	0	2	4	0	1	1	4	4	1	2	2	0	4	4	4	0	0	1	1	0	3	3	4	0	1	2	3	9	1	3	3	3	1	0	0	0	3	0	3	10	3	4	4	4	5	4	1	2	1	2	0	2	4	0	6	6	3	4	0	1	4	3	1	1	3	9	4	4	3	0	3	3	3	4	0	3	1	1	0	9	0	3	2	0	4	0	2	3	4	1	0	2	0	0	0	2	3	4	2	0	2	3	1	0	3	4	1	0	1	0	0	0	2	3	0	0	0	8	0	9	1	6	9	6	0
UKNW06-103	UKNW06-103	3	1	3	3	0	3	0	0	2	4	0	1	1	4	4	1	2	0	0	0	4	4	6	0	1	1	0	3	0	4	0	1	2	3	9	1	3	0	3	3	0	0	3	0	3	3	0	3	4	4	4	1	0	1	2	0	9	9	2	4	0	1	3	3	0	1	1	4	3	1	1	3	9	4	0	3	6	3	3	3	4	2	3	6	0	0	9	0	3	2	2	4	0	2	3	4	1	0	2	7	0	0	2	3	9	2	0	2	6	0	0	0	4	1	0	1	0	0	0	2	3	0	0	0	8	0	9	1	0	9	6	0
UKNW06-104	UKNW06-104	3	5	0	3	2	3	0	2	8	4	0	1	1	0	4	1	2	0	1	0	0	9	0	0	1	1	0	3	0	4	0	1	2	3	0	1	3	0	3	3	2	3	3	0	1	3	4	0	4	4	4	0	4	1	2	0	0	9	2	4	0	1	3	3	4	4	1	9	3	1	1	6	0	4	0	3	3	3	3	3	4	0	6	3	1	1	4	0	3	0	2	4	4	2	3	9	1	9	2	1	0	0	0	3	0	2	0	2	6	3	4	0	4	1	0	1	0	0	0	2	0	6	0	0	2	0	2	3	1	2	0	0
UKNW06-105	UKNW06-105	3	2	1	3	2	3	1	4	2	4	1	1	1	4	4	1	2	2	2	4	4	4	3	3	1	1	1	3	3	4	4	1	2	3	4	1	3	8	3	6	9	6	3	3	1	3	10	3	4	4	4	5	4	1	2	6	9	9	2	4	1	1	3	3	4	1	1	4	3	1	1	3	4	4	4	3	1	3	3	3	4	2	3	3	1	1	4	4	3	2	2	4	2	2	3	4	1	4	2	4	2	1	2	3	9	2	9	2	6	6	10	6	4	1	1	1	8	3	2	2	6	6	6	10	0	6	2	3	1	2	1	1
UKNW06-111	UKNW06-111	3	5	6	3	2	3	7	0	8	0	3	1	7	4	10	5	2	4	0	0	9	4	0	2	1	0	0	6	3	0	2	1	9	3	4	1	6	8	3	3	2	0	0	0	6	3	10	0	4	4	4	5	2	2	2	0	9	2	2	0	0	1	3	3	0	0	1	9	0	1	0	3	0	0	2	0	3	10	3	6	9	2	3	6	0	0	4	0	6	4	9	7	4	2	3	0	1	9	2	1	0	4	5	6	4	0	4	2	6	1	0	6	4	1	6	6	0	1	5	2	3	6	1	4	0	1	2	1	1	2	6	6
UKNW06-113	UKNW06-113	0	0	1	3	2	3	1	2	3	2	3	1	4	4	3	2	2	4	2	2	2	4	1	2	1	3	2	3	3	4	2	1	4	3	4	1	1	2	3	3	2	0	0	3	3	3	3	3	4	0	0	1	2	2	2	3	4	2	2	4	0	1	3	3	4	1	1	2	3	1	1	3	2	4	2	3	3	4	3	1	2	2	3	3	2	2	4	4	1	4	2	1	4	2	0	2	1	4	2	1	0	4	2	1	4	2	0	2	1	1	3	1	4	1	3	3	2	1	0	2	3	3	1	4	3	1	2	1	1	2	1	1
UKNW06-115	UKNW06-115	3	1	3	3	2	3	4	4	2	2	3	1	1	4	4	0	2	4	1	2	4	4	1	2	1	1	2	1	1	4	2	1	2	3	2	1	3	3	3	1	0	3	0	0	1	3	4	0	4	0	4	1	2	1	2	1	2	2	2	0	0	1	3	3	1	4	1	4	1	1	4	3	2	1	0	3	0	3	3	3	0	2	3	1	2	2	4	4	3	4	4	4	4	2	0	2	1	0	2	1	0	4	2	0	4	2	4	2	3	1	3	3	4	1	1	1	3	1	0	2	3	0	1	3	3	3	2	3	1	2	1	3
UKNW06-116	UKNW06-116	3	1	3	3	2	3	4	4	2	4	3	1	1	4	4	2	2	4	1	2	4	4	1	2	1	1	2	1	1	4	2	1	2	3	2	1	3	3	3	1	4	3	1	1	1	3	4	1	4	4	4	1	2	1	2	1	2	2	2	3	0	1	3	3	1	4	1	4	1	1	4	3	2	1	4	3	1	3	3	3	4	2	3	1	2	2	4	4	3	4	4	4	4	2	3	2	1	2	2	1	0	4	2	3	4	2	4	2	3	1	3	3	4	1	1	1	3	1	1	2	3	1	1	3	3	3	2	3	1	2	1	3
UKNW06-117	UKNW06-117	3	1	3	3	2	3	4	4	2	4	3	1	1	4	4	0	2	4	1	2	4	4	1	2	1	1	2	1	1	4	2	1	2	3	2	1	3	3	3	1	4	3	1	1	1	3	4	0	4	4	4	1	2	1	2	1	2	2	2	3	1	1	3	3	1	4	1	4	1	1	4	3	2	1	4	3	1	3	3	3	4	2	3	1	2	2	4	4	3	4	4	4	4	2	3	2	1	2	2	1	2	4	2	3	4	2	0	2	3	1	3	3	4	1	1	1	3	1	1	2	3	1	1	3	3	3	2	3	1	2	1	3
UKNW06-118	UKNW06-118	3	1	3	3	2	3	4	4	2	9	3	1	1	4	4	2	2	4	1	2	4	4	1	2	1	1	2	1	1	4	2	1	2	3	2	1	3	3	3	1	4	3	1	1	1	3	4	1	4	4	4	1	2	1	2	1	2	2	2	3	1	1	3	3	1	4	1	4	1	1	4	3	2	1	4	3	1	3	3	3	4	2	3	1	2	2	4	4	3	4	4	4	4	2	3	2	1	2	2	1	0	4	2	3	4	2	4	2	3	1	3	3	4	1	1	1	3	1	1	2	3	1	1	3	3	3	2	3	1	2	1	3
UKNW06-119	UKNW06-119	3	1	3	3	2	3	4	4	2	0	3	1	1	4	4	2	0	4	1	2	4	4	1	2	1	1	2	1	1	4	2	1	2	3	2	1	3	3	3	1	4	3	1	1	1	3	4	1	4	4	4	1	2	1	2	1	2	2	2	3	1	1	3	3	1	4	1	4	1	1	4	3	2	1	4	3	1	3	3	3	4	0	3	1	2	2	4	4	3	4	4	4	4	2	3	2	1	2	2	1	0	4	2	3	4	2	0	2	3	1	3	3	4	1	1	1	3	1	1	2	3	1	1	3	3	3	2	3	1	2	1	3
UKNW06-120	UKNW06-120	3	1	3	3	2	3	4	4	2	0	3	1	1	4	4	2	2	4	1	2	4	4	1	2	1	1	2	1	3	3	2	1	2	3	4	1	3	3	3	3	2	1	3	1	1	3	4	1	4	4	4	2	2	2	2	1	2	2	2	3	1	1	3	3	1	4	1	4	1	1	4	3	2	1	2	1	1	3	3	3	4	2	3	1	2	2	4	3	3	4	4	4	4	2	3	4	1	2	2	1	1	4	1	3	4	3	4	2	3	1	3	3	4	1	1	1	3	1	1	2	3	1	1	4	2	1	2	1	1	2	3	3
UKNW06-121	UKNW06-121	3	1	3	3	2	3	4	4	2	2	3	1	1	4	4	2	0	4	1	2	4	4	0	2	1	1	2	1	3	3	2	1	2	3	4	1	3	3	3	3	2	0	3	1	1	3	4	1	4	4	4	2	2	2	2	1	2	2	2	3	0	1	3	3	1	4	1	4	1	1	4	3	2	1	2	1	1	3	3	3	4	2	3	1	2	2	4	3	3	4	4	4	4	2	3	4	1	2	2	1	1	4	1	3	4	3	4	2	3	1	3	3	4	1	1	1	3	1	1	2	3	1	1	4	2	1	2	1	1	2	3	3
UKNW06-122	UKNW06-122	0	1	3	3	2	3	4	4	2	2	3	1	1	4	4	2	0	4	1	2	4	4	1	2	1	1	2	1	3	3	2	1	2	3	4	1	3	3	3	3	2	0	3	1	1	3	4	1	4	0	4	2	2	2	2	1	2	2	2	0	1	1	3	3	1	4	1	4	1	1	4	3	2	1	2	1	1	3	3	3	4	2	3	1	2	0	4	3	3	4	4	4	4	2	0	4	1	2	0	1	1	4	1	3	4	3	4	2	3	0	0	3	4	1	1	1	3	1	0	2	3	1	1	4	2	1	2	1	1	2	3	3
UKNW06-123	UKNW06-123	0	1	3	3	2	3	4	4	2	2	3	1	1	4	4	2	2	4	1	2	4	4	1	2	1	1	2	1	3	3	2	1	2	3	4	1	3	3	3	3	2	0	3	1	1	3	4	1	4	4	4	2	2	2	2	1	2	2	2	3	1	1	3	3	1	4	1	4	1	1	4	3	2	1	2	1	1	3	3	3	4	2	3	1	2	2	4	3	3	4	4	4	4	2	3	4	1	2	2	1	1	4	1	3	4	3	4	2	3	1	3	3	4	1	1	1	3	1	1	2	3	1	1	4	2	1	2	1	1	2	3	3
UKNW06-124	UKNW06-124	3	1	3	3	2	3	4	4	2	2	3	1	1	4	4	2	0	4	1	2	0	4	1	2	1	1	2	1	3	3	2	1	2	3	4	1	3	3	3	0	2	1	3	0	1	0	4	1	4	4	4	0	0	2	2	1	2	2	2	3	1	1	3	3	1	4	1	4	1	1	4	3	2	1	2	1	1	3	3	3	4	0	3	1	2	2	4	3	3	4	4	4	4	2	3	4	1	2	2	1	1	4	1	3	4	3	0	2	3	1	3	3	4	1	1	0	0	1	1	2	3	1	1	4	2	1	2	1	1	2	3	3
UKNW06-125	UKNW06-125	3	1	3	3	4	1	4	4	2	4	1	3	4	4	3	1	2	2	1	4	4	2	1	3	1	1	1	3	3	4	4	4	4	3	2	3	1	3	3	3	2	3	3	1	1	3	3	3	4	4	4	1	2	1	2	3	4	2	1	3	0	0	1	3	1	1	1	2	3	1	4	3	4	4	4	1	3	3	3	3	4	0	0	1	2	1	4	4	3	4	2	1	4	3	1	2	1	4	2	1	1	4	2	1	2	2	4	2	1	1	4	3	4	3	3	1	2	1	1	2	3	3	3	4	3	1	2	3	1	2	1	1
UKNW06-126	UKNW06-126	1	1	1	1	4	1	4	2	3	4	3	3	4	2	3	2	3	4	1	4	4	4	3	2	4	1	2	1	3	3	2	4	2	1	2	3	3	2	3	1	2	3	3	1	1	3	4	3	4	4	4	1	2	2	2	1	2	2	2	4	2	3	3	1	1	1	1	4	3	1	4	3	4	4	4	1	1	3	3	1	2	2	0	3	2	1	4	4	3	4	4	4	4	3	3	2	3	4	3	4	2	4	2	3	2	3	0	2	1	3	3	3	3	3	3	3	2	1	2	2	3	3	3	3	3	1	2	1	3	4	1	3
UKNW06-127	UKNW06-127	3	1	3	3	2	3	4	0	2	0	3	1	1	4	4	0	2	4	1	2	4	4	1	2	1	1	2	1	1	4	2	1	2	3	2	1	3	3	3	1	4	3	1	1	1	3	0	0	4	4	4	1	2	0	2	1	2	2	2	0	0	1	3	3	1	4	1	4	0	1	4	3	2	1	4	3	6	3	3	3	0	2	3	1	2	2	4	4	3	4	4	4	4	2	3	2	1	0	2	1	0	4	2	0	4	2	4	2	3	1	3	3	4	1	1	1	0	1	1	2	3	0	1	3	3	3	2	3	1	2	1	3
UKNW06-128	UKNW06-128	3	1	3	3	4	0	4	4	2	4	1	3	4	0	3	1	0	2	1	4	4	2	1	3	1	1	1	3	3	4	4	4	4	3	2	3	1	3	3	3	2	3	3	1	1	3	3	3	4	4	4	0	2	1	2	0	4	2	1	0	0	3	1	3	1	1	1	2	3	1	4	3	4	0	4	1	3	3	3	3	4	0	1	1	2	1	4	4	3	4	2	1	4	3	1	2	1	4	2	1	0	4	2	1	2	2	0	2	1	1	4	3	4	3	3	0	0	1	0	2	3	3	3	4	3	1	2	3	1	2	1	1
UKNW06-130	UKNW06-130	3	2	1	3	2	3	1	2	3	2	3	1	4	4	3	2	2	4	2	2	2	4	1	2	1	3	2	3	3	4	2	1	4	3	4	1	1	2	3	3	2	1	1	3	3	3	3	3	4	4	4	1	2	2	2	3	4	2	2	4	2	1	3	3	4	1	1	2	3	1	1	3	2	4	2	3	3	4	3	1	2	2	3	3	2	2	4	4	1	4	2	1	4	2	3	2	1	4	2	1	1	4	2	1	4	2	4	2	1	1	3	1	4	1	3	3	2	1	2	2	3	3	1	4	3	1	2	1	1	2	1	1
UKNW06-131	UKNW06-131	3	0	1	3	2	3	1	2	3	2	3	1	4	4	3	2	0	4	2	2	2	4	1	2	1	3	2	3	3	4	2	1	4	3	4	1	1	2	3	3	2	0	1	0	3	3	3	3	4	4	4	0	2	2	2	3	4	2	2	4	0	1	3	3	4	1	1	2	3	1	1	3	2	4	2	3	3	4	3	1	2	0	3	3	2	2	4	4	1	4	2	1	4	2	3	0	1	4	2	1	0	4	0	1	4	2	0	2	1	1	3	1	4	1	3	3	0	1	5	2	3	3	1	4	3	1	2	1	1	2	0	1
UKNW06-132	UKNW06-132	3	0	1	3	2	3	1	2	3	2	3	1	4	4	3	2	2	4	2	2	2	4	1	2	1	3	2	3	3	4	2	1	4	3	0	1	1	2	3	3	2	0	1	3	3	3	3	3	4	4	4	1	2	2	2	3	4	2	2	4	2	1	3	3	4	1	1	2	3	1	1	3	2	4	2	3	3	4	3	1	0	2	3	3	2	2	4	4	0	4	0	1	4	2	3	2	1	4	2	1	1	4	2	1	4	2	0	2	1	1	3	1	4	1	3	3	2	1	2	2	3	3	1	4	3	1	2	1	1	2	1	1
UKNW06-133	UKNW06-133	3	0	6	3	2	3	7	9	8	0	3	1	7	4	10	0	2	4	1	2	9	4	1	2	1	6	2	6	6	4	2	1	9	3	2	1	0	8	3	6	9	0	1	6	6	3	10	6	4	4	4	1	2	5	2	0	9	2	2	10	5	1	3	3	0	7	1	9	6	1	7	3	0	7	9	3	0	0	3	6	9	0	3	6	2	2	4	4	0	4	0	7	4	2	3	2	1	9	2	1	5	4	2	6	4	2	4	2	6	1	3	0	4	1	6	0	8	1	0	2	3	6	0	10	0	6	2	6	1	2	1	6
UKNW06-134	UKNW06-134	3	2	1	3	2	3	1	2	3	2	3	1	4	4	3	2	2	4	2	2	2	4	1	2	1	3	2	3	3	4	2	1	4	3	4	1	1	2	3	3	2	1	1	3	3	3	3	3	4	4	4	1	2	2	2	3	4	2	2	4	2	1	3	3	4	1	1	2	3	1	1	3	2	4	2	3	3	4	3	1	2	2	3	3	2	2	4	4	1	4	2	1	4	2	3	2	1	4	2	1	1	4	2	1	4	2	4	2	1	1	3	1	4	1	3	3	2	1	2	2	3	3	1	4	3	1	2	1	1	2	1	1
UKNW06-135	UKNW06-135	3	2	1	3	2	3	1	2	3	2	3	1	4	4	3	2	2	4	2	2	2	4	1	2	1	3	2	3	3	4	2	1	4	3	4	1	1	2	3	3	2	0	1	3	3	3	3	3	4	4	4	1	2	2	2	3	4	2	2	4	2	1	3	3	4	1	1	2	3	1	1	3	2	4	2	3	3	4	3	1	2	2	3	3	2	2	4	4	1	4	2	1	4	2	3	2	1	4	2	1	1	4	2	1	4	2	0	2	1	1	3	1	4	1	3	3	2	1	2	2	3	3	1	4	3	1	2	1	1	2	1	1
UKNW06-136	UKNW06-136	3	2	1	3	2	3	1	2	3	2	3	1	4	4	3	2	2	4	2	2	2	4	1	2	1	3	2	3	3	4	2	1	4	3	4	1	1	2	3	3	2	1	1	3	3	3	3	3	4	4	4	1	2	2	2	3	4	2	2	4	2	1	3	3	4	1	1	2	3	1	1	3	2	4	2	3	3	4	3	1	0	2	3	3	2	2	4	4	1	4	2	1	4	2	3	2	1	4	2	1	1	4	2	1	4	2	4	2	1	1	3	1	4	1	3	3	2	1	2	2	3	3	1	4	3	1	2	1	1	2	1	1
UKNW06-137	UKNW06-137	3	1	3	3	2	3	4	4	2	9	3	1	1	4	4	2	0	4	1	2	4	4	0	2	1	1	2	1	1	4	2	1	2	3	2	1	3	3	3	1	4	3	1	1	1	3	4	1	4	4	4	1	2	1	2	1	2	2	2	0	1	1	3	3	1	4	1	4	1	1	4	3	2	1	4	3	1	3	3	3	4	2	3	1	2	2	4	4	3	4	4	4	4	2	3	2	1	2	2	1	2	4	2	3	4	2	4	2	3	1	3	3	4	1	1	1	0	1	1	2	3	1	1	3	3	3	2	3	1	2	1	3
UKNW06-138	UKNW06-138	3	0	1	3	2	3	1	2	3	2	3	1	4	4	3	2	2	4	2	2	2	4	1	2	1	3	2	3	3	4	2	1	4	3	4	1	1	2	3	3	2	0	1	3	3	3	3	3	4	4	4	1	2	2	2	3	4	2	2	4	0	1	3	3	4	1	1	2	3	1	1	3	2	4	2	3	3	4	3	1	2	2	3	3	2	2	4	4	1	4	2	1	4	2	3	2	1	4	2	1	1	4	2	1	4	2	4	2	1	1	3	1	4	1	3	3	2	1	2	2	3	3	1	4	3	1	2	1	1	2	1	1
UKNW06-143	UKNW06-143	3	5	0	3	2	3	0	2	0	2	3	1	4	4	3	2	2	4	0	2	2	4	1	2	1	3	2	0	3	4	2	1	0	3	9	1	0	0	3	3	2	0	1	0	3	3	3	3	4	4	4	1	2	2	2	3	0	2	2	4	0	1	3	3	0	1	1	0	3	1	1	3	2	4	2	3	3	0	3	0	0	2	3	0	2	2	4	4	6	4	0	1	4	2	3	0	1	0	2	1	0	4	2	0	4	2	0	2	0	1	3	0	4	1	3	3	2	1	0	2	3	0	1	4	0	1	2	1	1	2	1	0
UKNW06-144	UKNW06-144	3	2	1	3	2	3	1	2	3	2	3	1	4	4	3	0	2	4	2	2	2	4	1	2	1	3	2	3	3	4	2	1	4	3	4	1	1	2	3	3	2	0	1	3	3	3	3	3	4	4	4	1	2	2	2	3	4	2	2	4	2	1	3	3	4	1	1	2	3	1	1	3	2	4	2	3	3	4	3	1	2	2	3	3	2	2	4	4	1	4	2	1	4	2	3	2	1	4	2	1	1	4	2	1	4	2	4	2	1	1	3	1	4	1	3	3	2	1	2	2	3	3	0	4	3	1	2	1	1	2	1	1
UKNW06-145	UKNW06-145	3	2	1	3	2	3	1	2	3	2	3	1	4	4	3	2	2	4	2	2	2	4	1	2	1	3	2	3	3	4	2	1	4	3	4	1	1	2	3	3	2	1	1	3	3	3	3	3	4	4	4	1	2	2	2	3	4	2	2	4	2	1	3	3	4	1	1	2	3	1	1	3	2	4	2	3	3	4	3	1	0	2	3	3	2	2	4	4	1	4	2	1	4	2	3	2	1	4	2	1	1	4	2	1	4	2	0	2	1	1	3	1	4	1	3	3	2	1	2	2	3	3	1	4	3	1	2	1	1	2	1	1
UKNW06-146	UKNW06-146	3	0	1	3	2	3	1	2	3	2	3	1	4	4	3	0	2	4	2	2	2	4	1	2	1	3	2	3	3	4	2	1	4	3	0	1	0	2	3	3	2	1	1	3	3	3	3	3	4	4	4	1	2	2	2	3	4	2	2	4	2	1	3	3	4	1	1	2	3	1	1	3	2	4	2	3	3	4	3	1	0	2	3	3	2	2	4	4	0	4	2	1	4	2	3	2	1	4	2	1	1	4	2	1	4	2	4	2	1	1	3	1	4	1	3	3	2	1	2	2	3	3	1	4	3	1	2	1	1	2	1	1
UKNW06-147	UKNW06-147	3	0	1	3	2	3	1	2	3	2	3	1	4	4	3	0	2	4	2	2	2	4	1	2	1	3	2	3	3	4	2	1	4	3	4	1	1	2	3	3	2	1	1	3	3	3	3	3	4	4	4	1	2	2	2	3	4	2	2	4	0	1	3	3	4	1	1	2	3	1	1	3	2	4	2	3	3	4	3	1	2	2	3	3	2	2	4	4	0	4	2	1	4	2	3	2	1	4	2	1	1	4	2	1	4	2	4	2	1	1	3	1	4	1	3	3	2	1	2	2	3	3	1	4	3	1	2	1	1	2	1	1
UKNW06-151	UKNW06-151	3	0	1	3	2	3	1	2	3	2	3	1	4	4	3	2	2	4	2	2	2	4	1	2	1	3	2	3	3	4	2	1	4	3	0	1	1	2	3	3	2	1	1	3	3	3	3	3	4	4	4	1	2	2	2	3	4	2	2	4	2	1	3	3	4	1	1	2	3	1	1	3	2	4	2	3	3	4	3	1	2	2	3	3	2	2	4	4	0	4	2	1	4	2	3	2	1	4	2	1	1	4	2	1	4	2	4	2	1	1	3	1	0	1	3	3	2	1	2	2	3	3	1	4	3	1	2	1	1	2	1	1
UKNW06-165	UKNW06-165	1	1	1	1	4	1	4	2	3	4	3	3	4	2	3	2	3	4	1	4	4	4	3	2	4	1	2	1	3	3	2	4	2	1	2	3	3	2	3	1	2	3	3	1	1	3	4	3	4	4	4	1	2	2	2	1	2	2	2	4	2	0	3	1	1	1	1	4	3	1	4	3	4	4	4	1	1	3	3	1	2	2	0	3	2	1	4	4	3	4	4	4	4	3	3	2	3	4	3	4	2	4	2	3	2	3	0	2	1	3	3	3	3	3	3	3	2	1	2	2	3	3	3	3	3	1	2	1	3	4	1	3
UKNW06-166	UKNW06-166	1	1	1	1	4	1	4	2	3	4	3	0	4	2	3	0	3	4	1	4	4	4	3	2	4	1	2	1	3	3	2	4	2	1	2	3	3	2	3	1	2	3	3	1	1	3	4	3	4	4	4	1	2	2	2	1	2	2	2	4	2	0	3	1	1	1	1	4	3	1	4	3	4	4	4	1	1	3	3	1	2	2	0	3	2	1	4	4	3	4	4	4	4	3	3	2	3	4	3	4	0	4	2	3	2	3	4	2	1	3	3	3	3	3	3	3	2	1	2	2	3	3	3	3	0	1	2	1	3	4	1	3
UKNW06-167	UKNW06-167	1	1	1	1	4	1	4	2	3	4	3	3	4	2	3	2	3	4	1	4	4	4	3	2	4	1	2	1	3	3	2	4	2	1	2	3	3	2	3	1	2	0	3	1	1	3	4	3	4	4	4	1	2	2	2	1	2	2	2	4	0	3	3	1	1	1	1	4	3	1	4	3	4	4	4	1	1	3	3	1	2	2	1	3	2	1	4	4	3	4	4	4	4	3	3	2	3	4	3	4	0	4	2	3	2	3	0	2	1	3	3	3	3	3	3	3	2	1	2	2	3	3	3	3	3	1	2	1	3	4	1	3
UKNW06-168	UKNW06-168	1	1	1	1	4	1	4	2	3	4	3	3	4	2	3	0	3	4	1	4	4	4	3	2	4	1	2	1	3	3	2	4	2	1	2	3	3	2	3	1	2	3	3	1	1	3	4	3	4	4	4	1	2	2	2	1	2	2	2	4	0	3	3	1	1	1	1	4	3	1	4	3	4	4	4	1	1	3	3	1	2	2	1	3	2	1	4	4	3	4	4	4	4	3	3	2	3	4	3	4	2	4	2	3	2	3	0	2	1	3	3	3	3	3	3	3	2	1	2	2	3	3	3	3	3	1	2	1	3	4	1	3
UKNW06-169	UKNW06-169	1	1	1	1	4	1	4	2	3	4	3	3	4	2	3	2	3	4	1	4	4	4	3	2	4	1	2	1	3	3	2	4	2	1	2	3	3	2	3	1	2	0	3	1	1	3	4	3	4	4	4	1	2	2	2	0	2	2	2	4	2	3	3	1	1	1	1	4	3	1	4	3	4	4	4	1	1	3	0	1	2	2	1	3	2	1	4	4	3	4	4	4	4	3	3	2	3	4	3	4	2	4	2	3	2	3	0	2	1	3	3	3	3	3	3	3	2	1	2	2	3	3	3	3	3	1	2	1	3	4	1	3
UKNW06-172	UKNW06-172	1	1	1	1	4	1	4	2	3	4	3	3	4	2	3	2	3	4	1	4	4	4	3	2	4	1	2	1	3	3	2	4	2	1	2	3	3	2	3	1	2	3	3	1	1	3	4	3	4	4	4	1	2	2	2	0	2	2	2	4	0	3	3	1	1	1	1	4	3	1	4	3	4	4	4	1	1	3	3	1	2	2	1	3	2	1	4	4	3	4	4	4	4	3	3	2	3	4	3	4	0	4	2	3	2	3	0	2	1	3	3	3	3	3	3	3	2	1	2	2	3	3	3	3	3	1	2	1	3	4	1	3
UKNW06-173	UKNW06-173	1	1	1	1	4	1	4	2	3	4	3	3	4	2	3	2	3	4	1	4	4	4	3	2	4	1	2	1	3	3	2	4	2	1	2	3	3	2	3	1	2	3	3	1	1	3	4	3	4	4	4	1	2	2	2	1	2	2	2	4	2	3	3	1	1	1	1	4	3	1	4	3	4	4	4	1	1	3	3	1	2	2	0	3	2	1	4	4	3	4	4	4	4	3	3	2	3	4	3	4	2	4	2	3	2	3	0	2	1	3	3	3	3	3	3	3	2	1	2	2	3	3	3	3	0	1	2	1	3	4	1	3
UKNW06-176	UKNW06-176	1	1	1	1	4	1	4	2	3	4	3	3	4	2	3	0	3	4	1	4	4	4	3	2	4	1	2	1	3	3	2	4	2	1	2	3	3	2	3	1	2	3	3	1	1	3	4	3	4	4	4	1	2	2	2	1	2	2	2	4	2	3	3	1	1	1	1	0	3	1	4	3	4	4	4	1	1	3	0	1	2	0	0	3	2	1	4	4	3	4	4	4	4	3	3	2	3	4	3	4	2	4	2	3	2	3	0	2	1	3	3	3	3	3	3	3	2	1	2	2	3	3	3	3	8	1	2	1	3	4	1	3
UKNW06-177	UKNW06-177	1	1	1	1	4	1	4	2	3	4	3	3	4	2	3	2	3	4	1	4	4	4	3	2	4	1	2	1	3	3	2	4	2	1	2	3	3	2	3	1	2	3	3	1	1	3	4	3	4	4	4	1	2	2	2	0	2	2	2	4	0	3	3	1	1	1	1	4	3	1	4	3	4	4	4	1	1	3	3	1	2	2	1	3	2	1	4	4	3	4	4	4	4	3	3	2	3	4	3	4	2	4	2	3	2	3	0	2	1	3	3	3	3	3	3	3	2	1	2	2	3	3	3	3	3	1	2	1	3	4	1	3
UKNW06-178	UKNW06-178	1	1	1	3	4	1	4	2	3	4	3	3	4	2	4	1	3	4	1	4	4	2	3	3	4	1	2	3	3	3	2	1	2	3	2	1	3	3	3	1	2	3	3	1	1	3	3	1	4	4	4	1	4	2	2	0	4	4	2	4	0	3	3	1	4	1	1	4	3	1	1	1	4	1	4	3	1	4	3	1	4	2	1	3	1	2	2	4	3	4	4	1	4	3	1	4	3	4	3	4	2	4	1	3	4	3	2	2	1	3	3	3	3	3	3	3	2	1	2	4	3	3	3	3	2	1	2	1	3	4	1	3
UKNW06-179	UKNW06-179	1	1	1	1	4	1	4	2	3	4	3	3	4	2	3	2	3	4	1	4	4	4	3	2	4	1	2	1	3	3	2	4	2	1	2	3	3	2	3	1	2	0	3	1	1	3	4	3	4	4	4	1	2	2	2	1	2	2	2	4	2	3	3	1	1	1	1	4	3	1	4	3	4	4	4	1	1	3	3	1	2	2	1	3	2	1	4	4	3	4	4	4	4	3	3	2	3	4	3	4	2	4	2	3	2	3	0	2	1	3	3	3	3	3	3	3	2	1	2	2	3	3	3	3	3	1	2	1	3	4	1	3
UKNW06-180	UKNW06-180	1	1	1	0	4	0	4	2	3	4	3	0	4	2	3	5	3	4	1	4	0	4	0	2	0	6	2	0	3	0	2	0	0	6	2	0	0	2	3	0	0	3	3	0	1	3	0	3	4	4	4	1	2	2	2	1	2	2	2	4	0	0	0	0	1	1	1	9	3	1	4	0	4	4	4	1	6	3	0	0	2	2	6	3	2	1	4	4	3	4	0	0	4	0	3	2	0	4	3	0	5	4	2	0	2	3	0	2	1	3	0	0	0	3	3	3	2	1	2	2	3	0	0	0	8	1	2	1	0	0	1	3
UKNW06-183	UKNW06-183	1	1	1	1	4	1	4	2	3	4	3	0	4	2	3	0	3	4	1	4	4	4	3	2	4	1	2	0	3	3	2	4	2	0	2	3	3	2	3	1	0	0	3	0	1	3	4	3	4	4	4	1	2	2	2	1	2	2	2	4	2	0	0	1	1	1	1	0	3	1	4	3	4	4	4	1	1	3	0	1	2	2	0	3	2	1	4	0	3	4	4	4	4	0	3	2	3	4	3	4	0	4	2	0	2	3	0	2	1	3	0	3	3	3	0	3	2	1	2	2	3	0	3	3	8	1	2	1	3	0	1	3
UKNW06-184	UKNW06-184	1	1	1	1	4	1	4	2	3	4	3	3	4	2	3	2	3	4	1	4	4	4	3	2	4	1	2	1	3	3	2	4	2	1	2	3	3	2	3	1	2	0	3	1	1	3	4	3	4	4	4	1	2	2	2	1	2	2	2	4	2	3	3	1	1	1	1	4	3	1	4	3	4	4	4	1	1	3	3	1	2	0	1	3	2	1	4	4	3	4	4	4	4	3	3	2	3	4	3	4	2	4	2	3	2	3	4	2	1	3	3	3	3	3	3	3	2	1	2	2	3	3	3	3	3	1	2	1	3	4	1	3
UKNW06-187	UKNW06-187	1	1	1	1	4	1	4	2	3	4	3	0	4	2	3	0	3	4	1	4	4	4	3	2	4	1	2	1	3	3	2	4	2	1	2	3	3	2	3	1	2	3	3	1	1	3	4	3	4	4	4	1	2	2	2	1	2	2	2	4	2	3	0	1	1	1	1	0	3	1	4	3	4	4	4	1	1	3	0	1	2	2	0	3	2	1	4	4	3	4	0	4	4	3	3	2	3	4	3	4	2	4	2	3	2	3	0	2	1	3	3	3	3	3	3	3	2	1	2	2	3	3	3	3	8	1	2	1	3	4	1	3
UKNW06-188	UKNW06-188	1	1	1	1	4	1	4	2	3	4	3	3	4	2	3	2	3	4	1	4	4	4	3	2	4	1	2	1	3	3	2	4	2	1	2	3	3	2	3	1	2	3	3	1	1	3	4	3	4	4	4	1	2	2	2	0	2	2	2	4	0	3	3	1	1	1	1	4	3	1	4	3	4	4	4	1	1	3	3	1	2	2	1	3	2	1	4	4	3	4	4	4	4	3	3	2	3	4	3	4	2	4	2	3	2	3	0	2	1	3	3	3	3	3	3	3	2	1	2	2	3	3	3	3	3	1	2	1	3	4	1	3
UKNW06-191	UKNW06-191	1	1	1	1	4	1	4	2	3	4	3	3	4	2	3	2	3	4	1	4	4	4	3	2	4	1	2	1	3	3	2	4	2	1	2	3	3	2	3	1	2	0	3	1	1	3	4	3	4	4	4	1	2	2	2	1	2	2	2	4	2	3	3	1	1	1	1	4	3	1	4	3	4	4	4	1	1	3	3	1	2	0	1	3	2	1	4	4	3	4	4	4	4	3	3	2	3	4	3	4	0	4	2	3	2	3	0	2	1	3	3	3	3	3	3	3	2	1	2	2	3	3	3	3	3	1	2	1	3	4	1	3
UKNW06-192	UKNW06-192	1	1	1	1	4	1	4	2	3	4	3	3	4	2	3	0	0	4	0	4	4	4	3	0	4	1	2	1	3	3	2	4	2	1	2	3	3	2	3	1	2	0	3	1	1	3	4	3	4	4	4	1	2	2	2	0	2	2	2	4	0	3	3	1	1	1	1	4	3	1	4	3	4	4	4	1	1	3	3	1	2	0	1	3	2	1	4	4	3	4	4	4	4	3	3	2	3	4	3	4	0	4	2	3	2	3	4	2	1	3	3	3	3	3	3	3	2	1	2	2	3	3	3	3	3	1	2	1	3	4	1	3
UKNW06-194	UKNW06-194	1	1	1	1	4	0	4	2	3	4	3	3	4	2	3	0	3	4	0	4	4	4	3	2	4	1	2	1	3	3	2	4	2	1	2	3	3	2	3	1	2	0	3	1	1	3	4	3	4	4	4	1	2	2	2	0	2	2	2	4	0	3	3	1	1	1	1	4	3	1	4	3	4	4	4	1	1	3	0	1	2	2	1	3	2	1	4	4	3	4	4	4	4	3	3	2	3	4	3	4	2	4	2	3	2	3	0	2	1	3	3	3	3	3	3	3	2	1	2	2	3	3	3	3	3	1	2	1	3	4	1	3
UKNW06-195	UKNW06-195	1	1	1	1	4	1	4	2	3	4	3	0	4	2	3	0	3	4	1	4	4	4	3	2	4	1	2	1	3	3	2	4	2	1	2	3	3	2	3	0	2	3	3	1	1	3	4	3	4	4	4	1	2	2	2	1	2	2	2	4	2	0	3	1	1	1	1	4	3	1	4	3	4	4	4	1	1	3	3	1	2	2	0	3	2	1	4	4	3	4	4	4	4	3	3	2	3	4	3	4	2	4	2	3	2	3	4	2	1	3	3	3	3	3	3	3	2	1	2	2	3	3	3	3	0	1	2	1	3	0	1	3
UKNW06-197	UKNW06-197	0	1	6	6	9	0	4	9	8	4	3	1	1	0	10	0	0	4	1	9	0	0	0	0	0	1	2	0	1	10	2	0	2	3	2	6	3	8	3	0	4	3	6	0	1	3	4	6	4	4	4	1	2	5	2	0	0	0	2	0	5	1	6	0	0	7	1	9	6	1	4	0	9	0	4	6	1	0	0	6	9	0	6	0	0	5	4	0	3	4	0	4	4	2	3	2	0	9	0	7	0	4	2	6	9	8	9	2	6	6	10	0	10	0	6	0	0	1	1	2	3	1	6	0	8	6	2	3	1	9	1	3
UKNW06-199	UKNW06-199	1	1	1	1	4	1	4	2	3	4	3	0	1	2	0	1	2	9	1	4	0	0	0	3	0	1	2	0	1	3	4	0	2	3	4	3	3	2	3	3	9	3	3	1	1	3	3	6	4	4	4	1	2	2	2	3	4	4	2	4	2	0	6	1	4	1	1	2	3	1	0	0	0	4	4	1	1	4	0	1	2	2	0	3	0	1	4	0	3	4	0	0	4	2	0	0	0	4	3	4	0	4	0	1	2	3	0	2	0	3	4	0	0	0	3	0	2	1	1	2	3	0	3	4	2	1	2	3	0	4	1	3
UKNW06-200	UKNW06-200	1	1	1	1	4	1	4	2	3	4	3	6	1	2	10	1	0	9	1	4	0	0	0	3	0	1	2	0	1	3	4	0	2	3	0	3	3	2	3	0	9	3	3	1	1	3	3	6	4	4	4	1	2	2	2	3	4	4	2	4	2	0	6	1	4	1	1	2	3	1	0	0	9	4	4	1	0	4	6	1	2	2	0	3	0	1	4	0	3	4	0	0	4	2	6	9	6	4	3	4	5	4	0	1	2	3	0	0	6	3	4	0	10	0	3	0	2	1	1	2	3	6	3	4	2	1	2	3	0	4	1	3
UKNW06-201	UKNW06-201	1	1	1	1	4	1	4	2	3	4	3	3	1	2	4	1	0	0	1	4	4	4	1	3	1	1	2	1	1	3	4	1	2	3	4	3	3	2	3	3	2	3	3	1	1	3	3	6	4	4	4	1	2	2	2	3	4	4	2	4	2	3	0	1	4	1	1	2	3	1	1	3	0	4	4	1	6	4	0	1	2	0	0	3	2	1	4	4	3	4	4	1	4	2	1	4	0	4	3	4	2	4	1	1	2	3	0	2	3	3	4	3	4	1	3	1	2	1	1	2	3	0	3	4	2	1	2	3	3	4	1	3
UKNW06-202	UKNW06-202	1	1	1	1	4	1	4	2	3	0	3	3	1	2	4	1	2	2	1	4	4	4	0	3	1	1	2	1	1	3	4	1	2	3	4	3	3	2	3	3	2	3	3	1	1	3	3	0	4	4	4	1	2	2	2	3	4	4	2	4	2	3	3	1	4	1	1	2	3	1	1	3	0	4	4	1	6	4	3	1	2	2	0	3	2	1	4	4	3	4	4	1	4	2	1	4	1	4	3	4	2	4	1	1	2	3	4	2	3	3	4	3	4	1	3	0	2	1	1	2	3	3	3	4	2	1	2	3	3	4	1	3
UKNW06-203	UKNW06-203	1	1	1	1	4	1	4	2	3	9	3	3	1	2	4	1	2	2	1	4	4	4	0	3	1	1	2	1	1	3	4	1	2	3	4	3	3	2	3	3	2	0	3	1	1	3	3	1	4	4	4	1	2	2	2	3	4	4	2	4	0	3	3	1	4	1	1	2	3	1	1	3	2	4	4	1	6	4	3	1	2	2	1	3	2	1	4	4	3	4	4	1	4	2	1	4	1	4	3	4	0	4	1	1	2	3	0	2	3	3	4	3	4	1	3	1	2	1	0	2	3	3	3	4	2	1	2	3	3	4	1	3
UKNW06-209	UKNW06-209	3	0	1	3	2	0	1	2	3	2	3	1	4	4	3	2	0	4	2	2	2	4	1	2	1	3	2	3	3	4	2	1	4	3	4	1	1	2	3	3	2	0	1	3	3	3	3	3	4	4	4	0	2	2	2	0	4	2	2	4	0	0	3	3	4	1	1	2	3	1	1	3	2	4	2	3	3	4	3	1	2	0	3	3	2	0	4	4	1	4	2	1	4	2	3	0	1	4	2	1	0	4	2	1	4	2	0	2	1	1	0	1	4	1	3	3	0	1	2	2	3	3	1	4	3	1	2	1	1	2	1	1
UKNW06-210	UKNW06-210	3	1	1	1	2	1	4	4	2	0	3	1	4	2	3	1	2	2	1	2	4	4	1	2	1	3	2	3	1	4	4	1	4	3	4	1	1	2	3	3	4	3	3	3	1	3	4	1	4	4	4	1	2	2	2	1	2	4	2	3	1	1	3	3	4	1	1	2	3	1	4	1	4	4	4	3	1	3	3	3	0	2	3	1	2	1	4	3	3	4	4	1	2	2	3	2	1	4	2	1	1	1	2	3	2	3	4	2	1	1	3	1	4	1	1	1	3	3	0	2	3	3	1	3	2	1	2	1	1	2	1	1
UKNW06-397	UKNW06-397	3	1	3	3	4	1	4	4	2	4	1	3	4	4	3	1	2	2	1	4	4	2	1	3	1	1	1	3	3	4	4	4	4	3	2	3	1	3	3	3	2	3	3	1	1	3	3	3	4	4	4	1	2	1	2	3	4	2	1	3	1	3	1	3	1	1	1	2	3	1	4	3	4	4	4	1	3	3	3	3	4	2	1	1	2	1	4	4	3	4	2	1	4	3	1	2	1	4	2	1	1	4	2	1	2	2	4	2	1	1	4	3	4	3	3	1	2	1	1	2	3	3	3	4	3	1	2	3	1	2	1	1
UKNW06-398	UKNW06-398	3	1	3	3	4	1	4	4	2	4	1	3	4	4	3	1	2	2	1	4	4	2	1	3	1	1	1	3	3	4	4	4	4	3	2	3	1	3	3	3	2	3	3	1	1	3	3	3	4	4	4	1	2	1	2	3	4	2	1	3	1	3	1	3	1	1	1	2	3	1	4	3	4	4	4	1	3	3	3	3	4	2	1	1	2	1	4	4	3	4	2	1	4	3	1	2	1	4	2	1	1	4	2	1	2	2	4	2	1	1	4	3	4	3	3	1	2	1	1	2	3	3	3	4	3	1	2	3	1	2	1	1
UKID3	UKID3	3	1	3	3	2	3	4	4	2	0	3	1	1	4	4	2	2	4	0	2	4	4	1	2	1	1	2	1	1	4	2	1	2	3	2	1	3	3	3	1	4	3	1	1	1	3	4	1	4	0	4	1	2	1	2	1	2	2	2	0	1	1	3	3	1	4	1	4	1	1	4	3	2	1	4	0	1	3	3	3	0	2	3	1	2	2	9	4	3	4	4	4	4	2	3	2	1	2	2	1	2	4	2	3	4	2	4	2	3	1	3	3	4	1	1	1	3	1	1	2	3	1	1	3	0	3	2	3	1	0	1	3
