strain	category	AtMSQTsnp 2	AtMSQTsnp 4	AtMSQTsnp 8	AtMSQTsnp 9	AtMSQTsnp 10	AtMSQTsnp 11	AtMSQTsnp 12	AtMSQTsnp 14	AtMSQTsnp 15	AtMSQTsnp 18	AtMSQTsnp 21	AtMSQTsnp 22	AtMSQTsnp 27	AtMSQTsnp 29	AtMSQTsnp 30	AtMSQTsnp 31	AtMSQTsnp 33	AtMSQTsnp 38	AtMSQTsnp 40	AtMSQTsnp 41	AtMSQTsnp 47	AtMSQTsnp 48	AtMSQTsnp 49	AtMSQTsnp 53	AtMSQTsnp 54	AtMSQTsnp 57	AtMSQTsnp 58	AtMSQTsnp 60	AtMSQTsnp 61	AtMSQTsnp 62	AtMSQTsnp 63	AtMSQTsnp 65	AtMSQTsnp 67	AtMSQTsnp 69	AtMSQTsnp 73	AtMSQTsnp 76	AtMSQTsnp 85	AtMSQTsnp 87	AtMSQTsnp 88	AtMSQTsnp 90	AtMSQTsnp 91	AtMSQTsnp 92	AtMSQTsnp 97	AtMSQTsnp 100	AtMSQTsnp 101	AtMSQTsnp 104	AtMSQTsnp 108	AtMSQTsnp 114	AtMSQTsnp 118	AtMSQTsnp 123	AtMSQTsnp 126	AtMSQTsnp 128	AtMSQTsnp 129	AtMSQTsnp 130	AtMSQTsnp 132	AtMSQTsnp 138	AtMSQTsnp 140	AtMSQTsnp 142	AtMSQTsnp 143	AtMSQTsnp 145	AtMSQTsnp 146	AtMSQTsnp 155	AtMSQTsnp 156	AtMSQTsnp 159	AtMSQTsnp 164	AtMSQTsnp 169	AtMSQTsnp 170	AtMSQTsnp 173	AtMSQTsnp 174	AtMSQTsnp 177	AtMSQTsnp 184	AtMSQTsnp 186	AtMSQTsnp 187	AtMSQTsnp 188	AtMSQTsnp 189	AtMSQTsnp 191	AtMSQTsnp 194	AtMSQTsnp 197	AtMSQTsnp 198	AtMSQTsnp 203	AtMSQTsnp 205	AtMSQTsnp 214	AtMSQTsnp 220	AtMSQTsnp 222	AtMSQTsnp 223	AtMSQTsnp 231	AtMSQTsnp 232	AtMSQTsnp 235	AtMSQTsnp 237	AtMSQTsnp 242	AtMSQTsnp 244	AtMSQTsnp 249	AtMSQTsnp 254	AtMSQTsnp 260	AtMSQTsnp 263	AtMSQTsnp 266	AtMSQTsnp 267	AtMSQTsnp 274	AtMSQTsnp 278	AtMSQTsnp 279	AtMSQTsnp 281	AtMSQTsnp 282	AtMSQTsnp 285	AtMSQTsnp 286	AtMSQTsnp 288	AtMSQTsnp 292	AtMSQTsnp 294	AtMSQTsnp 300	AtMSQTsnp 304	AtMSQTsnp 306	AtMSQTsnp 307	AtMSQTsnp 310	AtMSQTsnp 312	AtMSQTsnp 315	AtMSQTsnp 321	AtMSQTsnp 323	AtMSQTsnp 325	AtMSQTsnp 327	AtMSQTsnp 331	AtMSQTsnp 334	AtMSQTsnp 343	AtMSQTsnp 350	AtMSQTsnp 351	AtMSQTsnp 355	AtMSQTsnp 358	AtMSQTsnp 359	AtMSQTsnp 360	AtMSQTsnp 361	AtMSQTsnp 368	AtMSQTsnp 370	AtMSQTsnp 372	AtMSQTsnp 373	AtMSQTsnp 378	AtMSQTsnp 379	AtMSQTsnp 388	AtMSQTsnp 390	AtMSQTsnp 392	AtMSQTsnp 394	AtMSQTsnp 395	AtMSQTsnp 397	AtMSQTsnp 398	AtMSQTsnp 399	AtMSQTsnp 404	AtMSQTsnp 406	AtMSQTsnp 408	AtMSQTsnp 409	AtMSQTsnp 410	AtMSQTsnp 412	AtMSQTsnp 415
BRR3	BRR3	3	2	1	3	1	2	1	1	2	2	4	1	1	4	2	3	1	2	4	2	2	4	4	1	4	3	1	3	2	1	3	4	4	1	4	3	4	1	3	2	3	1	4	1	1	3	1	1	3	3	2	4	9	1	4	1	4	3	4	2	1	3	2	3	3	1	4	1	4	2	1	1	4	1	4	4	2	1	1	4	3	3	1	4	2	3	1	1	1	4	3	3	1	4	4	4	2	3	1	2	4	3	0	2	1	2	4	4	1	3	4	3	4	4	1	3	3	3	4	0	3	1	3	1	3	2	1	1	2	3	3	3	3	3	3	4	1	1	2	3	1	1
BRR4	BRR4	3	2	1	3	1	2	1	1	2	2	4	1	1	4	2	3	1	2	4	2	2	4	4	1	4	3	1	3	2	1	3	4	4	1	4	3	4	1	3	2	3	1	4	1	1	3	1	1	3	3	2	4	2	1	4	1	4	3	4	2	1	3	2	3	3	1	4	1	4	2	1	1	4	1	4	4	2	1	1	4	3	3	1	4	2	3	1	1	1	4	3	3	1	4	4	4	2	3	1	2	4	3	4	2	1	2	4	4	1	3	4	3	4	4	1	3	3	3	4	4	3	1	3	1	3	2	1	1	2	3	3	3	3	3	3	4	1	1	2	3	1	1
BRR5	BRR5	3	2	1	3	1	2	1	1	2	2	4	1	1	4	2	3	1	2	4	2	2	4	4	1	4	3	1	3	2	1	3	4	4	1	4	3	4	1	3	2	3	1	4	1	1	3	1	1	3	3	2	4	2	1	4	1	4	3	4	2	1	3	2	3	3	1	4	1	4	2	1	1	4	1	4	4	2	1	1	4	3	3	1	4	2	3	1	1	1	4	3	3	1	4	4	4	2	3	1	2	4	3	4	2	1	2	4	4	1	3	4	3	4	4	1	3	3	3	4	4	3	1	3	1	3	2	1	1	2	3	3	3	3	3	3	4	1	1	2	3	1	1
BRR7	BRR7	3	2	1	3	1	2	1	1	2	2	4	1	1	4	2	3	1	2	4	2	2	4	4	1	4	3	1	3	2	1	3	4	4	1	4	3	4	1	3	2	3	1	4	1	1	3	1	1	3	3	2	4	2	1	4	1	4	3	4	2	1	3	2	3	3	1	4	1	4	2	1	1	4	1	4	4	2	1	1	4	3	3	1	4	2	3	1	1	1	4	3	3	1	4	4	4	2	3	1	2	4	3	4	2	1	2	4	4	1	3	4	3	4	4	1	3	3	3	4	4	3	1	3	1	3	2	1	1	2	3	3	3	3	3	3	4	1	1	2	3	1	1
BRR8	BRR8	3	2	1	3	1	2	1	1	2	2	4	1	1	4	2	3	1	2	4	2	2	4	4	1	0	3	1	3	2	1	3	4	4	1	4	3	4	1	3	2	3	1	4	1	1	3	1	1	3	3	2	4	2	1	4	1	4	3	4	2	1	3	2	3	3	1	4	1	4	2	1	1	4	1	4	4	2	1	1	4	3	3	1	4	2	3	1	1	1	4	3	0	1	4	4	4	2	3	1	2	4	3	4	2	1	0	4	4	1	3	4	3	4	4	1	3	3	3	4	4	3	1	3	1	3	2	1	1	2	3	3	3	3	3	3	0	1	1	2	3	0	0
BRR9	BRR9	3	2	1	3	1	2	1	1	2	2	4	1	1	4	2	3	1	2	4	2	2	4	4	1	4	3	1	3	2	1	3	4	4	1	4	3	4	1	3	2	3	1	4	1	1	3	1	1	3	3	2	4	2	1	4	1	4	3	4	2	1	3	2	3	3	1	4	1	4	2	1	1	4	1	4	4	2	1	1	4	3	3	1	4	2	3	1	1	1	4	3	0	1	4	4	4	2	3	1	2	4	3	4	2	1	2	4	4	1	3	4	3	4	4	1	3	3	3	4	4	3	1	3	1	3	2	1	1	2	3	3	3	3	3	3	4	1	1	2	3	1	1
BRR10	BRR10	3	2	1	3	1	2	1	1	2	2	4	1	1	4	2	3	1	2	4	2	2	4	4	1	4	3	1	3	2	1	3	4	4	1	4	3	4	1	3	2	3	1	4	1	1	3	1	1	3	3	2	4	2	1	4	1	4	3	4	2	1	3	2	3	3	1	4	1	4	2	1	1	4	1	4	4	2	1	1	4	3	3	1	4	2	3	1	1	1	4	3	3	1	4	4	4	2	3	1	2	4	3	4	2	1	2	4	4	1	3	4	3	4	4	1	3	3	3	4	4	3	1	3	1	3	2	1	1	2	3	3	3	3	3	3	4	1	1	2	3	1	1
BRR12	BRR12	3	2	1	3	1	2	1	1	2	2	4	1	1	4	2	3	1	2	4	2	2	4	4	1	4	3	1	3	2	1	3	4	4	1	4	3	4	1	3	2	3	1	4	1	1	3	1	1	3	3	2	4	2	1	4	1	4	3	4	2	1	3	2	3	3	1	4	1	4	2	1	1	4	1	4	4	2	1	1	4	3	3	1	4	2	3	1	1	1	4	3	3	1	4	4	4	2	3	1	2	4	3	4	2	1	2	4	4	1	3	4	3	4	4	1	3	3	3	4	4	3	1	3	1	3	2	1	1	2	3	3	3	3	3	3	4	1	1	2	3	1	1
BRR13	BRR13	3	2	1	3	1	2	1	1	2	2	4	1	1	4	2	3	1	2	4	2	2	4	4	1	0	3	1	3	2	1	3	4	4	1	4	3	4	1	3	2	3	1	4	1	1	3	1	1	3	3	2	4	2	1	4	1	4	3	4	2	1	3	2	3	3	1	4	1	4	2	1	1	4	1	4	4	2	1	1	4	3	3	1	4	2	3	1	1	1	4	3	0	1	4	4	4	2	3	1	2	4	3	0	2	1	2	4	4	1	3	4	3	4	4	1	3	3	3	4	4	3	1	3	1	3	2	1	1	2	3	3	3	3	3	3	4	1	1	2	3	1	1
BRR14	BRR14	3	2	1	3	1	2	1	1	2	2	4	1	1	4	2	3	1	2	4	2	2	4	4	1	4	3	1	3	2	1	3	4	4	1	4	3	4	1	3	2	3	1	4	1	1	3	1	1	3	3	2	4	2	1	4	1	4	3	4	2	1	3	2	3	3	1	4	1	4	2	1	1	4	1	4	4	2	1	1	4	3	3	1	4	2	3	1	1	1	4	3	3	1	4	4	4	2	3	1	2	4	3	4	2	1	2	4	4	1	3	4	3	4	4	1	3	3	3	4	4	3	1	3	1	3	2	1	1	2	3	3	3	3	3	3	4	1	1	2	3	1	1
BRR15	BRR15	3	2	1	3	1	2	1	1	2	2	4	1	1	4	2	3	1	2	4	2	2	4	4	1	4	3	1	3	2	1	3	4	4	1	4	3	4	1	3	2	3	1	4	1	1	3	1	1	3	3	2	4	2	1	4	1	4	3	4	2	1	3	2	3	3	1	4	1	4	2	1	1	4	1	4	4	2	1	1	4	3	3	1	4	2	3	1	1	1	4	3	0	1	4	4	4	2	3	1	2	4	3	4	2	1	2	4	4	1	3	4	3	4	4	1	3	3	3	4	4	3	1	3	1	3	2	1	1	2	3	3	3	3	3	3	4	1	1	2	3	1	1
BRR16	BRR16	3	2	1	3	1	2	1	1	2	2	4	1	1	4	2	3	1	2	4	2	2	4	4	1	4	3	1	3	2	1	3	4	4	1	4	3	4	1	3	2	3	1	4	1	1	3	1	1	3	3	2	4	2	1	4	1	4	3	4	2	1	3	2	3	3	1	4	1	4	2	1	1	4	1	4	4	2	1	1	4	3	3	1	4	2	3	1	1	1	4	3	3	1	4	4	4	2	3	1	2	4	3	4	2	1	2	4	4	1	3	4	3	4	4	1	3	3	3	4	4	3	1	3	1	3	2	1	1	2	3	3	3	3	3	3	4	1	1	2	3	1	1
BRR17	BRR17	3	2	1	3	1	2	1	1	2	2	4	1	1	4	2	3	1	2	4	2	2	4	4	1	4	3	1	3	2	1	3	4	4	1	4	3	4	1	3	2	3	1	4	1	1	3	1	1	3	3	2	4	2	1	4	1	4	3	4	2	1	3	2	3	3	1	4	1	4	2	1	1	4	1	4	4	2	1	1	4	3	3	1	4	2	3	1	1	1	4	3	3	1	4	4	4	2	3	1	2	4	3	4	2	1	2	4	4	1	3	4	3	4	4	1	3	3	3	4	4	3	1	3	1	3	2	1	1	2	3	3	3	3	3	3	4	1	1	2	3	1	1
BRR18	BRR18	3	2	1	3	1	2	1	1	2	2	4	1	1	4	2	3	1	2	4	2	2	4	4	1	4	3	1	3	2	1	3	4	4	1	4	3	4	1	3	2	3	1	4	1	1	3	1	1	3	3	2	4	2	1	4	1	4	3	4	2	1	3	2	3	3	1	4	1	4	2	1	1	4	1	4	4	2	1	1	4	3	3	1	4	2	3	1	1	1	4	3	0	1	4	4	4	2	3	1	2	4	3	4	2	1	2	4	4	1	3	4	3	4	4	1	3	3	3	4	4	3	1	3	1	3	2	1	1	2	3	3	3	3	3	3	4	1	1	2	3	1	1
BRR23	BRR23	3	2	1	3	1	2	1	1	2	2	4	1	1	4	2	3	1	2	4	2	2	4	4	1	4	3	1	3	2	1	3	4	4	1	4	3	4	1	3	2	3	1	4	1	1	3	1	1	3	3	2	4	2	1	4	1	4	3	4	2	1	3	2	3	3	1	4	1	4	2	1	1	4	1	4	4	2	1	1	4	3	3	1	4	2	3	1	1	1	4	3	3	1	4	4	4	2	3	1	2	4	3	4	2	1	2	4	4	1	3	4	3	4	4	1	3	3	3	4	4	3	1	3	1	3	2	1	1	2	3	3	3	3	3	3	4	1	1	2	3	1	1
BRR25	BRR25	3	2	1	3	1	2	1	1	2	2	4	1	1	4	2	3	1	2	4	2	2	4	4	1	4	3	1	3	2	1	3	4	4	1	4	3	4	1	3	2	3	1	4	1	1	3	1	1	3	3	2	4	2	1	4	1	4	3	4	2	1	3	2	3	3	1	4	1	4	2	1	1	4	1	4	4	2	1	1	4	3	3	1	4	2	3	1	1	1	4	3	3	1	4	4	4	2	3	1	2	4	3	4	2	1	2	4	4	1	3	4	3	4	4	1	3	3	3	4	4	3	1	3	1	3	2	1	1	2	3	3	3	3	3	3	4	1	1	2	3	1	1
BRR26	BRR26	3	2	1	3	1	2	1	1	2	2	4	1	1	4	2	3	1	2	4	2	2	4	4	1	4	3	1	3	2	1	3	4	4	1	4	3	4	1	3	2	3	1	4	1	1	3	1	1	3	3	2	4	2	1	4	1	4	3	4	2	1	3	2	3	3	1	4	1	4	2	1	1	4	1	4	4	2	1	1	4	3	3	1	4	2	3	1	1	1	4	3	3	1	4	4	4	2	3	1	2	4	3	4	2	1	2	4	4	1	3	4	3	4	4	1	3	3	3	4	4	3	1	3	1	3	2	1	1	2	3	3	3	3	3	3	4	1	1	2	3	1	1
BRR27	BRR27	3	2	1	3	1	2	1	1	2	2	4	1	1	4	2	3	1	2	4	2	2	4	4	1	4	3	1	3	2	1	3	4	4	1	4	3	4	1	3	2	3	1	4	1	1	3	1	1	3	3	2	4	2	1	4	1	4	3	4	2	1	3	2	3	3	1	4	1	4	2	1	1	4	1	4	4	2	1	1	4	3	3	1	4	2	3	1	1	1	4	3	0	1	4	4	4	2	3	1	2	4	3	4	2	1	2	4	4	1	3	4	3	4	4	1	3	3	3	4	4	3	1	3	1	3	2	1	1	2	3	3	3	3	3	3	4	1	1	2	3	1	1
BRR28	BRR28	3	2	1	3	1	2	1	1	2	2	4	1	1	4	2	3	1	2	4	2	2	4	4	1	4	3	1	3	2	1	3	4	4	1	4	3	4	1	3	2	3	1	4	1	1	3	1	1	3	3	2	4	2	1	4	1	4	3	4	2	1	3	2	3	3	1	4	1	4	2	1	1	4	1	4	4	2	1	1	4	3	3	1	4	2	3	1	1	1	4	3	0	1	4	4	4	2	3	1	2	4	3	4	2	1	2	4	4	1	3	4	3	4	4	1	3	3	3	4	4	3	1	3	1	3	2	1	1	2	3	3	3	3	3	3	4	1	1	2	3	1	1
BRR29	BRR29	3	2	1	3	1	2	1	1	2	2	4	1	1	4	2	3	1	2	4	2	2	4	4	1	4	3	1	3	2	1	3	4	4	1	4	3	4	1	3	2	3	1	4	1	1	3	1	1	3	3	2	4	2	1	4	1	4	3	4	2	1	3	2	3	3	1	4	1	4	2	1	1	4	1	4	4	2	1	1	4	3	3	1	4	2	3	1	1	1	4	3	0	1	4	4	4	2	3	1	2	4	3	4	2	1	2	4	4	1	3	4	3	4	4	1	3	3	3	4	4	3	1	3	1	3	2	1	1	2	3	3	3	3	3	3	4	1	1	2	3	1	1
BRR31	BRR31	3	2	1	3	1	2	1	1	2	2	4	1	1	4	2	3	1	2	4	2	2	4	4	1	4	3	1	3	2	1	3	4	4	1	4	3	4	1	3	2	3	1	4	1	1	3	1	1	3	3	2	4	2	1	4	1	4	3	4	2	1	3	2	3	3	1	4	1	4	2	1	1	4	1	4	4	2	1	1	4	3	3	1	4	2	3	1	1	1	4	3	0	1	4	4	4	2	3	1	2	4	3	4	2	1	2	4	4	1	3	4	3	4	4	1	3	3	3	4	4	3	1	3	1	3	2	1	1	2	3	3	3	3	3	3	4	1	1	2	3	1	1
BRR32	BRR32	3	2	1	3	1	2	1	1	2	2	4	1	1	4	2	3	1	2	4	2	2	4	4	1	4	3	1	3	2	1	3	4	4	1	4	3	4	1	3	2	3	1	4	1	1	3	1	1	3	3	2	4	2	1	4	1	4	3	4	2	1	3	2	3	3	1	4	1	4	2	1	1	4	1	4	4	2	1	1	4	3	0	1	4	2	3	1	1	1	4	3	0	1	4	4	4	2	3	1	2	4	3	4	2	1	2	4	4	1	3	4	3	4	4	1	3	3	3	4	4	3	1	3	1	3	2	1	1	2	3	3	3	3	3	3	4	1	1	2	3	0	1
BRR36	BRR36	3	2	1	3	1	2	1	1	2	2	4	1	1	4	2	3	1	2	4	2	2	4	4	1	4	3	1	3	2	1	3	4	4	1	4	3	4	1	3	2	3	1	4	1	1	3	1	1	3	3	2	4	2	1	4	1	4	3	4	2	1	3	2	3	3	1	4	1	4	2	1	1	4	1	4	4	2	1	1	4	3	3	1	4	2	3	1	1	1	4	3	3	1	4	4	4	2	3	1	2	4	3	4	2	1	2	4	4	1	3	4	3	4	4	1	3	3	3	4	4	3	1	3	1	3	2	1	1	2	3	3	3	3	3	3	4	1	1	2	3	1	1
BRR37	BRR37	3	2	1	3	1	2	1	1	2	2	4	1	1	4	2	3	1	2	4	2	2	4	4	1	4	3	1	3	2	1	3	4	4	1	4	3	4	1	3	2	3	1	4	1	1	3	1	1	3	3	2	4	2	1	4	1	4	3	4	2	1	3	2	3	3	1	4	1	4	2	1	1	4	1	4	4	2	1	1	4	3	3	1	4	2	3	1	1	1	4	3	0	1	4	4	4	2	3	1	2	4	3	4	2	1	2	4	4	1	3	4	3	4	4	1	3	3	3	4	4	3	1	3	1	3	2	1	1	2	3	3	3	3	3	3	4	1	1	2	3	1	1
BRR38	BRR38	3	2	1	3	1	2	1	1	2	2	4	1	1	4	2	3	1	2	4	2	2	4	4	1	4	3	1	3	2	1	3	4	4	1	4	3	4	1	3	2	3	1	4	1	1	3	1	1	3	3	2	4	2	1	4	1	4	3	4	2	1	3	2	3	3	1	4	1	4	2	1	1	4	1	4	4	2	1	1	4	3	3	1	4	2	3	1	1	1	4	3	3	1	4	4	4	2	3	1	2	4	3	4	2	1	2	4	4	1	3	4	3	4	4	1	3	3	3	4	4	3	1	3	1	3	2	1	1	2	3	3	3	3	3	3	4	1	1	2	3	1	1
BRR41	BRR41	3	2	1	3	1	2	1	1	2	2	4	1	1	4	0	3	1	2	4	2	2	4	4	1	4	3	1	3	2	1	3	4	4	1	4	3	4	1	3	2	3	1	4	1	1	3	1	1	3	3	2	4	2	1	4	1	4	0	4	2	1	3	0	3	3	1	4	1	4	2	1	1	4	1	4	4	2	1	1	4	3	3	1	4	2	3	1	1	1	4	3	3	1	4	4	4	2	3	1	2	4	3	4	2	1	2	4	4	1	3	4	3	4	4	1	3	3	3	4	4	3	1	3	1	3	2	1	1	2	3	3	3	3	3	3	4	1	1	2	3	1	1
BRR43	BRR43	3	2	1	0	1	2	1	1	2	2	4	1	1	4	2	3	1	2	4	2	2	4	4	1	4	3	1	3	2	1	3	4	4	1	4	3	4	1	3	2	3	1	4	1	1	3	1	1	3	3	2	4	2	1	4	1	4	3	4	2	1	3	2	3	3	1	4	1	4	2	1	1	4	1	4	4	2	1	1	4	3	3	1	4	2	3	1	1	1	4	3	0	1	4	4	4	2	3	1	2	4	3	4	2	1	2	4	4	1	3	4	3	4	4	1	3	3	3	4	4	3	1	3	1	3	2	1	1	2	3	3	3	3	3	3	4	1	1	2	3	1	1
BRR45	BRR45	3	2	1	3	1	2	1	1	2	2	4	1	1	4	2	3	1	2	4	2	2	4	4	1	4	3	1	3	2	1	3	4	4	1	4	3	4	1	3	2	3	1	4	1	1	3	1	1	3	3	2	4	2	1	4	1	4	3	4	2	1	3	2	3	3	1	4	1	4	2	1	1	4	1	4	4	2	1	1	4	3	3	1	4	2	3	1	1	1	4	3	0	1	4	4	4	2	3	1	2	4	3	4	2	1	2	4	4	1	3	4	3	4	4	1	3	3	3	4	4	3	1	3	1	3	2	1	1	2	3	3	3	3	3	3	4	1	1	2	3	1	1
BRR49	BRR49	3	1	3	0	3	4	1	1	2	2	4	3	1	1	2	3	2	2	4	2	4	4	4	3	4	3	1	1	1	1	3	3	4	1	4	1	4	3	3	2	3	3	2	1	1	1	1	3	4	1	2	2	2	2	4	2	2	3	4	2	2	4	1	1	1	3	1	4	1	2	1	2	4	1	4	1	2	1	1	3	3	3	1	4	2	3	1	1	2	9	4	0	3	4	4	4	4	2	3	4	3	1	4	2	1	1	4	4	1	1	4	2	4	2	1	1	3	3	3	3	1	1	3	1	3	2	3	2	4	3	1	1	4	2	3	2	3	1	2	3	1	1
BRR50	BRR50	3	2	1	3	1	2	1	1	2	2	4	1	1	4	2	3	1	2	4	2	2	4	4	1	4	3	1	3	2	1	3	4	4	1	4	3	4	1	3	2	3	1	4	1	1	3	1	1	3	3	2	4	2	1	4	1	4	3	4	2	1	3	2	3	3	1	4	1	4	2	1	1	4	1	4	4	2	1	1	4	3	3	1	4	2	3	1	1	1	4	3	3	1	4	4	4	2	3	1	2	4	3	4	2	1	2	4	4	1	3	4	3	4	4	1	3	3	3	4	0	3	1	3	1	3	2	1	1	2	3	3	3	3	3	3	4	1	1	2	3	1	1
BRR51	BRR51	3	2	1	3	1	2	1	1	2	2	4	1	1	4	2	3	1	2	4	2	2	4	4	1	4	3	1	3	2	1	3	4	4	1	4	3	4	1	3	2	3	1	4	1	1	3	1	1	3	3	2	4	9	1	4	1	4	3	4	2	1	3	2	3	3	1	4	1	4	2	1	1	4	1	4	4	2	1	1	4	3	3	1	4	2	3	1	1	1	4	3	3	1	4	4	4	2	3	1	2	4	3	4	2	1	2	4	4	1	3	4	3	4	4	1	3	3	3	4	4	3	1	3	1	3	2	1	1	2	3	3	3	3	3	3	4	1	1	2	3	1	1
BRR52	BRR52	3	2	1	3	1	2	1	1	2	2	4	1	1	4	2	3	1	2	4	2	2	4	4	1	4	3	1	3	2	1	3	4	4	1	4	3	4	1	3	2	3	1	4	1	1	3	1	1	3	3	2	4	2	1	4	1	4	3	4	2	1	3	2	3	3	1	4	1	4	2	1	1	4	1	4	4	2	1	1	4	3	3	1	4	2	3	1	1	1	4	3	3	1	4	4	4	2	3	1	2	4	3	4	2	1	2	4	4	1	3	4	3	4	4	1	3	3	3	4	4	3	1	3	1	3	2	1	1	2	3	3	3	3	3	3	4	1	1	2	3	1	1
BRR54	BRR54	3	2	1	3	1	2	1	1	2	2	4	1	1	4	2	3	1	2	4	2	2	4	4	1	4	3	1	3	2	1	3	4	4	1	4	3	4	1	3	2	3	1	4	1	1	3	1	1	3	3	2	4	2	1	4	1	4	3	4	2	1	3	2	3	3	1	4	1	4	2	1	1	4	1	4	4	2	1	1	4	3	3	1	4	2	3	1	1	1	4	3	3	1	4	4	4	2	3	1	2	4	3	4	2	1	2	4	4	1	3	4	3	4	4	1	3	3	3	4	4	3	1	3	1	3	2	1	1	2	3	3	3	3	3	3	4	1	1	2	3	1	1
BRR55	BRR55	3	2	1	3	1	2	1	1	2	2	4	1	1	4	2	3	1	2	4	2	2	4	4	1	4	3	1	3	2	1	3	4	4	1	4	3	4	1	3	2	3	1	4	1	1	3	1	1	3	3	2	4	9	1	4	1	4	3	4	2	1	3	2	3	3	1	4	1	4	2	1	1	4	1	4	4	2	1	1	4	3	3	1	4	2	3	1	1	1	4	3	0	1	4	4	4	2	3	1	2	4	3	4	2	1	2	4	4	1	3	4	3	4	4	1	3	3	3	4	4	3	1	3	1	3	2	1	1	2	3	3	3	3	3	3	4	1	1	2	3	1	1
BRR57	BRR57	3	2	1	3	1	2	1	1	2	2	4	1	1	4	2	3	1	2	4	2	2	4	4	1	4	3	1	3	2	1	3	4	4	1	4	3	4	1	3	2	3	1	4	1	1	3	1	1	3	3	2	4	2	1	4	1	4	3	4	2	1	3	2	3	3	1	4	1	4	2	1	1	4	1	4	4	2	1	1	4	3	3	1	4	2	3	1	1	1	4	3	3	1	4	4	4	2	3	1	2	4	3	4	2	1	2	4	4	1	3	4	3	4	4	1	3	3	3	4	4	3	1	3	1	3	2	1	1	2	3	3	3	3	3	3	4	1	1	2	3	1	1
BRR58	BRR58	3	2	1	3	1	2	1	1	2	2	4	1	1	4	2	3	1	2	4	2	2	4	4	1	4	3	1	3	2	1	3	4	4	1	4	3	4	1	3	2	3	1	4	1	1	3	1	1	3	3	2	4	2	1	4	1	4	3	4	2	1	3	2	3	3	1	4	1	4	2	1	1	4	1	4	4	2	1	1	4	3	3	1	4	2	3	1	1	1	4	3	0	1	4	4	4	2	3	1	2	4	3	4	2	1	2	4	4	1	3	4	3	4	4	1	3	3	3	4	4	3	1	3	1	3	2	1	1	2	3	3	3	3	3	3	4	1	1	2	3	1	1
BRR60	BRR60	3	2	1	3	1	2	1	1	2	2	4	1	1	4	2	3	1	2	4	2	2	4	4	1	4	3	1	3	2	1	3	4	4	1	4	3	4	1	3	2	3	1	4	1	1	3	1	1	3	3	2	4	0	1	4	1	4	3	4	2	1	3	2	3	3	1	4	1	4	2	1	1	4	1	4	4	2	1	1	4	3	3	1	4	2	3	1	1	1	4	3	3	1	4	4	4	2	3	1	2	4	3	4	2	1	2	4	4	1	3	4	3	4	4	1	3	3	3	4	4	3	1	3	1	3	2	1	1	2	3	3	3	3	3	3	4	1	1	2	3	1	1
BRR62	BRR62	3	2	1	3	1	2	1	1	2	2	4	1	1	4	2	3	1	2	4	2	2	4	4	1	4	3	1	3	2	1	3	4	4	1	4	3	4	1	3	2	3	1	4	1	1	3	1	1	3	3	2	4	2	1	4	1	4	3	4	2	1	3	2	3	3	1	4	1	4	2	1	1	4	1	4	4	2	1	1	4	3	3	1	4	2	3	1	1	1	4	3	0	1	4	4	4	2	3	1	2	4	3	4	2	1	2	4	4	1	3	4	3	4	4	1	3	3	3	4	4	3	1	3	1	3	2	1	1	2	3	3	3	3	3	3	4	1	1	2	3	1	1
BRR64	BRR64	3	2	1	3	1	2	1	1	2	2	4	1	1	4	2	3	1	2	4	2	2	4	4	1	4	3	1	3	2	1	3	4	4	1	4	3	4	1	3	2	3	1	4	1	1	3	1	1	3	3	2	4	2	1	4	1	4	3	4	2	1	3	2	3	3	1	4	1	4	2	1	1	4	1	4	4	2	1	1	4	3	3	1	4	2	3	1	1	1	4	3	3	1	4	4	4	2	3	1	2	4	3	4	2	1	2	4	4	1	3	4	3	4	4	1	3	3	3	4	4	3	1	3	1	3	2	1	1	2	3	3	3	3	3	3	4	1	1	2	3	1	1
BRR65	BRR65	3	2	1	3	1	2	1	1	2	2	4	1	1	4	2	3	1	2	4	2	2	4	4	1	4	3	1	3	2	1	3	4	4	1	4	3	4	1	3	2	3	1	4	1	1	3	1	1	3	3	2	4	2	1	4	1	4	3	4	2	1	3	2	3	3	1	4	1	4	2	1	1	4	1	4	4	2	1	1	4	3	3	1	4	2	3	1	1	1	4	3	3	1	4	4	4	2	3	1	2	4	3	4	2	1	2	4	4	1	3	4	3	4	4	1	3	3	3	4	4	3	1	3	1	3	2	1	1	2	3	3	3	3	3	3	4	1	1	2	3	1	1
BRR67	BRR67	3	2	1	3	1	2	1	1	2	2	4	1	1	4	2	3	1	2	4	2	2	4	4	1	0	3	1	3	2	1	3	4	4	1	4	3	4	1	3	2	3	1	4	1	1	3	1	1	3	3	2	4	9	1	4	1	4	3	4	2	1	3	2	3	3	1	4	1	4	2	1	1	4	1	4	4	2	1	1	4	3	3	1	4	2	3	1	1	1	4	3	3	1	4	4	4	2	3	1	2	4	3	4	2	1	2	4	4	1	3	4	3	4	4	1	3	3	3	4	4	3	1	3	1	3	2	1	1	2	3	3	3	3	3	3	0	1	1	2	3	1	1
BRR69	BRR69	3	2	1	3	1	2	1	1	2	2	4	1	1	4	2	3	1	2	4	2	2	4	4	1	4	3	1	3	2	1	3	4	4	1	4	3	4	1	3	2	3	1	4	1	1	3	1	1	3	3	2	4	2	1	4	1	4	3	4	2	1	3	2	3	3	1	4	1	4	2	1	1	4	1	4	4	2	1	1	4	3	3	1	4	2	3	1	1	1	4	3	3	1	4	4	4	2	3	1	2	4	3	4	2	1	2	4	4	1	3	4	3	4	4	1	3	3	3	4	4	3	1	3	1	3	2	1	1	2	3	3	3	3	3	3	4	1	1	2	3	1	1
BRR73	BRR73	3	2	1	3	1	2	1	1	2	2	4	1	1	4	2	3	1	2	4	2	2	4	4	1	4	3	1	3	2	1	3	4	4	1	4	3	4	1	3	2	3	1	4	1	1	3	1	1	3	3	2	4	2	1	4	1	4	3	4	2	1	3	2	3	3	1	4	1	4	2	1	1	4	1	4	4	2	1	1	4	3	3	1	4	2	3	1	1	1	4	3	3	1	4	4	4	2	3	1	2	4	3	4	2	1	2	4	4	1	3	4	3	4	4	1	3	3	3	4	4	3	1	3	1	3	2	1	1	2	3	3	3	3	3	3	4	1	1	2	3	1	1
BRR75	BRR75	3	2	1	3	1	2	1	1	2	2	4	1	1	4	2	3	1	2	4	2	2	4	4	1	4	3	1	3	2	1	3	4	4	1	4	3	4	1	3	2	3	1	4	1	1	3	1	1	3	3	2	4	2	1	4	1	4	3	4	2	1	3	2	3	3	1	4	1	4	2	1	1	4	1	4	4	2	1	1	4	3	3	1	4	2	3	1	1	1	4	3	3	1	4	4	4	2	3	1	2	4	3	4	2	1	2	4	4	1	3	4	3	4	4	1	3	3	3	4	4	3	1	3	1	3	2	1	1	2	3	3	3	3	3	3	4	1	1	2	3	1	1
BRR76	BRR76	3	2	1	3	1	2	1	1	2	2	4	1	1	4	2	3	1	2	4	2	2	4	4	1	4	3	1	3	2	1	3	4	4	1	4	3	4	1	3	2	3	1	4	1	1	3	1	1	3	3	2	4	2	1	4	1	4	3	4	2	1	3	2	3	3	1	4	1	4	2	1	1	4	1	4	4	2	1	1	4	3	3	1	4	2	3	1	1	1	4	3	3	1	4	4	4	2	3	1	2	4	3	4	2	1	2	4	4	1	3	4	3	4	4	1	3	3	3	4	4	3	1	3	1	3	2	1	1	2	3	3	3	3	3	3	4	1	1	2	3	1	1
BRR77	BRR77	3	2	1	3	1	2	1	1	2	2	4	1	1	4	2	3	1	2	4	2	2	4	4	1	4	3	1	3	2	1	3	4	4	1	4	3	4	1	3	2	3	1	4	1	1	3	1	1	3	3	2	4	2	1	4	1	4	3	4	2	1	3	2	3	3	1	4	1	4	2	1	1	4	1	4	4	2	1	1	4	3	3	1	4	2	3	1	1	1	4	3	3	1	4	4	4	2	3	1	2	4	3	4	2	1	2	4	4	1	3	4	3	4	4	1	3	3	3	4	0	3	1	3	1	3	2	1	1	2	3	3	3	3	3	3	4	1	1	2	3	1	1
BRR80	BRR80	3	2	1	3	1	2	1	1	2	2	4	1	1	4	2	3	1	2	4	2	2	4	4	1	4	3	1	3	2	1	3	4	4	1	4	3	4	1	3	2	3	1	4	1	1	3	1	1	3	3	2	4	2	1	4	1	4	3	4	2	1	3	2	3	3	1	4	1	4	2	1	1	4	1	4	4	2	1	1	4	3	3	1	4	2	3	1	1	1	4	3	3	1	4	4	4	2	3	1	2	4	3	4	2	1	2	4	4	1	3	4	3	4	4	1	3	3	3	4	4	3	1	3	1	3	2	1	1	2	3	3	3	3	3	3	4	1	1	2	3	1	1
BRR81	BRR81	3	2	1	3	1	2	1	1	2	2	4	1	1	4	2	3	1	2	4	2	2	4	4	1	4	3	1	3	2	1	3	4	4	1	4	3	4	1	3	2	3	1	4	1	1	3	1	1	3	3	2	4	2	1	4	1	4	3	4	2	1	3	2	3	3	1	4	1	4	2	1	1	4	1	4	4	2	1	1	4	3	3	1	4	2	3	1	1	1	4	3	3	1	4	4	4	2	3	1	2	4	3	4	2	1	2	4	4	1	3	4	3	4	4	1	3	3	3	4	4	3	1	3	1	3	2	1	1	2	3	3	3	3	3	3	4	1	1	2	3	1	1
BRR83	BRR83	3	2	1	3	1	2	1	1	2	2	4	1	1	4	2	3	1	2	4	2	2	4	4	1	4	3	1	3	2	1	3	4	4	1	4	3	4	1	3	2	3	1	4	1	1	3	1	1	3	3	2	4	2	1	4	1	4	3	4	2	1	3	2	3	3	1	4	1	4	2	1	1	4	1	4	4	2	1	1	4	3	3	1	4	2	3	1	1	1	4	3	3	1	4	4	4	2	3	1	2	4	3	4	2	1	2	4	4	1	3	4	3	4	4	1	3	3	3	4	4	3	1	3	1	3	2	1	1	2	3	3	3	3	3	3	4	1	1	2	3	0	1
BRR85	BRR85	3	2	1	3	1	2	1	1	2	2	4	1	1	4	2	3	1	2	4	2	2	4	4	1	4	3	1	3	2	1	3	4	4	1	4	3	4	1	3	2	3	1	4	1	1	3	1	1	3	3	2	4	2	1	4	1	4	3	4	2	1	3	2	3	3	1	4	1	4	2	1	1	4	1	4	4	2	1	1	4	3	3	1	4	2	3	1	1	1	4	3	3	1	4	4	4	2	3	1	2	4	3	4	2	1	2	4	4	1	3	4	3	4	4	1	3	3	3	4	4	3	1	3	1	3	2	1	1	2	3	3	3	3	3	3	4	1	1	2	3	1	1
BRR89	BRR89	3	2	1	3	1	2	1	1	2	2	4	1	1	4	2	3	1	2	4	2	2	4	4	1	4	3	1	3	2	1	3	4	4	1	4	3	4	1	3	2	3	1	4	1	1	3	1	1	3	3	2	4	2	1	4	1	4	3	4	2	1	3	2	3	3	1	4	1	4	2	1	1	4	1	4	4	2	1	1	4	3	3	1	4	2	3	1	1	1	4	3	0	1	4	4	4	2	3	1	2	4	3	4	2	1	2	4	4	1	3	4	3	4	4	1	3	3	3	4	4	3	1	3	1	3	2	1	1	2	3	3	3	3	3	3	4	1	1	2	3	1	1
BRR90	BRR90	3	2	1	3	1	2	1	1	2	2	4	1	1	4	2	3	1	2	4	2	2	4	4	1	4	3	1	3	2	1	3	4	4	1	4	3	4	1	3	2	3	1	4	1	1	3	1	1	3	3	2	4	2	1	4	1	4	3	4	2	1	3	2	3	3	1	4	1	4	2	1	1	4	1	4	4	2	1	1	4	3	3	1	4	2	3	1	1	1	4	3	3	1	4	4	4	2	3	1	2	4	3	4	2	1	2	4	4	1	3	4	3	4	4	1	3	3	3	4	4	3	1	3	1	3	2	1	1	2	3	3	3	3	3	3	4	1	1	2	3	1	1
BRR95	BRR95	3	2	1	3	1	2	1	1	2	2	4	1	1	4	2	3	1	2	4	2	2	4	4	1	4	3	1	3	2	1	3	4	4	1	4	3	4	1	3	2	3	1	4	1	1	3	1	1	3	3	2	4	2	1	4	1	4	3	4	2	1	3	2	3	3	1	4	1	4	2	1	1	4	1	4	4	2	1	1	4	3	3	1	4	2	3	1	1	1	4	3	3	1	4	4	4	2	3	1	2	4	3	4	2	1	2	4	4	1	3	4	3	4	4	1	3	3	3	4	4	3	1	3	1	3	2	1	1	2	3	3	3	3	3	3	4	1	1	2	3	1	1
BRR96	BRR96	3	2	1	3	1	2	1	1	2	2	4	1	1	4	2	3	1	2	4	2	2	4	4	1	4	3	1	3	2	1	3	4	4	1	4	3	4	1	3	2	3	1	4	1	1	3	1	1	3	3	2	4	0	1	4	1	4	3	4	2	1	3	2	3	3	1	4	1	4	2	1	1	4	1	4	4	2	1	1	4	3	3	1	4	2	3	1	1	1	4	3	3	1	4	4	4	2	3	1	2	4	3	4	2	1	2	4	4	1	3	4	3	4	4	1	3	3	3	4	4	3	1	3	1	3	2	1	1	2	3	3	3	3	3	3	4	1	1	2	3	1	1
BRR97	BRR97	3	2	1	3	1	2	1	1	2	2	4	1	1	4	2	3	1	2	4	2	2	4	4	1	4	3	1	3	2	1	3	4	4	1	4	3	4	1	3	2	3	1	4	1	1	3	1	1	3	3	2	4	0	1	4	1	4	3	4	2	1	3	2	3	3	1	4	1	4	2	1	1	4	1	4	4	2	1	1	4	3	3	1	4	2	3	1	1	1	4	3	3	1	4	4	4	2	3	1	2	4	3	4	2	1	2	4	4	1	3	4	3	4	4	1	3	3	3	4	4	3	1	3	1	3	2	1	1	2	3	3	3	3	3	3	4	1	1	2	3	1	1
BRR98	BRR98	3	2	1	3	1	2	1	1	2	2	4	1	1	4	2	3	1	2	4	2	2	4	4	1	4	3	1	3	2	1	3	4	4	1	4	3	4	1	3	2	3	1	4	1	1	3	1	1	3	3	2	4	9	1	4	1	4	3	4	2	1	3	2	3	3	1	4	1	4	2	1	1	4	1	4	4	2	1	1	4	3	3	1	4	2	3	1	1	1	4	3	3	1	4	4	4	2	3	1	2	4	3	4	2	1	2	4	4	1	3	4	3	4	4	1	3	3	3	4	4	3	1	3	1	3	2	1	1	2	3	3	3	3	3	3	4	1	1	2	3	1	1
BRR100	BRR100	3	2	1	3	1	2	1	1	2	2	4	1	1	4	2	3	1	2	4	2	2	4	4	1	4	3	1	3	2	1	3	4	4	1	4	3	4	1	3	2	3	1	4	1	1	3	1	1	3	3	2	4	9	1	4	1	4	3	4	2	1	3	2	3	3	1	4	1	4	2	1	1	4	1	4	4	2	1	1	4	3	3	1	4	2	3	1	1	1	4	3	3	1	4	4	4	2	3	1	2	4	3	4	2	1	2	4	4	1	3	4	3	4	4	1	3	3	3	4	4	3	0	3	1	3	2	1	1	2	3	3	3	3	3	3	4	1	1	2	3	1	1
BRR102	BRR102	3	2	1	3	1	2	1	1	2	2	4	1	1	4	2	3	1	2	4	2	2	4	4	1	4	3	1	3	2	1	3	4	4	1	4	3	4	1	3	2	3	1	4	1	1	3	1	1	3	3	2	4	2	1	4	1	4	3	4	2	1	3	2	3	3	1	4	1	4	2	1	1	4	1	4	4	2	1	1	4	3	3	1	4	2	3	1	1	1	4	3	3	1	4	4	4	2	3	1	2	4	3	4	2	1	2	4	4	1	3	4	3	4	4	1	3	3	3	4	4	3	1	3	1	3	2	1	1	2	3	3	3	3	3	3	4	1	1	2	3	1	1
BRR105	BRR105	3	2	1	3	1	2	1	1	2	2	4	1	1	4	2	3	1	2	4	2	2	4	4	1	4	3	1	3	2	1	3	4	4	1	4	3	4	1	3	2	3	1	4	1	1	3	1	1	3	3	2	4	2	1	4	1	4	3	4	2	1	3	2	3	3	1	4	1	4	2	1	1	4	1	4	4	2	1	1	4	3	3	1	4	2	3	1	1	1	4	3	3	1	4	4	4	2	3	1	2	4	3	4	2	1	2	4	4	1	3	4	3	4	4	1	3	3	3	4	4	3	1	3	1	3	2	1	1	2	3	3	3	3	3	3	4	1	1	2	3	1	1
BRR106	BRR106	3	2	1	3	1	2	1	1	2	2	4	1	1	4	2	3	1	2	4	2	2	4	4	1	4	3	1	3	2	1	3	4	4	1	4	3	4	1	3	2	3	1	4	1	1	3	1	1	3	3	2	4	2	1	4	1	4	3	4	2	1	3	2	3	3	1	4	1	4	2	1	1	4	1	4	4	2	1	1	4	3	3	1	4	2	3	1	1	1	4	3	3	1	4	4	4	2	3	1	2	4	3	4	2	1	2	4	4	1	3	4	3	4	4	1	3	3	3	4	4	3	1	3	1	3	2	1	1	2	3	3	3	3	3	3	4	1	1	2	3	1	1
BRR107	BRR107	3	2	1	3	1	2	1	1	2	2	4	1	1	4	2	3	1	2	4	2	2	4	4	1	4	3	1	3	2	1	3	4	4	1	4	3	4	1	3	2	3	1	4	1	1	3	1	1	3	3	2	4	2	1	4	1	4	3	4	2	1	3	2	3	3	1	4	1	4	2	1	1	4	1	4	4	2	1	1	4	3	3	1	4	2	3	1	1	1	4	3	3	1	4	4	4	2	3	1	2	4	3	4	2	1	2	4	4	1	3	4	3	4	4	1	3	3	3	4	4	3	1	3	1	3	2	1	1	2	3	3	3	3	3	3	4	1	1	2	3	1	1
