strain	category	AtMSQTsnp 2	AtMSQTsnp 4	AtMSQTsnp 8	AtMSQTsnp 9	AtMSQTsnp 10	AtMSQTsnp 11	AtMSQTsnp 12	AtMSQTsnp 14	AtMSQTsnp 15	AtMSQTsnp 18	AtMSQTsnp 21	AtMSQTsnp 22	AtMSQTsnp 27	AtMSQTsnp 29	AtMSQTsnp 30	AtMSQTsnp 31	AtMSQTsnp 33	AtMSQTsnp 38	AtMSQTsnp 40	AtMSQTsnp 41	AtMSQTsnp 47	AtMSQTsnp 48	AtMSQTsnp 49	AtMSQTsnp 53	AtMSQTsnp 54	AtMSQTsnp 57	AtMSQTsnp 58	AtMSQTsnp 60	AtMSQTsnp 61	AtMSQTsnp 62	AtMSQTsnp 63	AtMSQTsnp 65	AtMSQTsnp 67	AtMSQTsnp 69	AtMSQTsnp 73	AtMSQTsnp 76	AtMSQTsnp 85	AtMSQTsnp 87	AtMSQTsnp 88	AtMSQTsnp 90	AtMSQTsnp 91	AtMSQTsnp 92	AtMSQTsnp 97	AtMSQTsnp 100	AtMSQTsnp 101	AtMSQTsnp 104	AtMSQTsnp 108	AtMSQTsnp 114	AtMSQTsnp 118	AtMSQTsnp 123	AtMSQTsnp 126	AtMSQTsnp 128	AtMSQTsnp 129	AtMSQTsnp 130	AtMSQTsnp 132	AtMSQTsnp 138	AtMSQTsnp 140	AtMSQTsnp 142	AtMSQTsnp 143	AtMSQTsnp 145	AtMSQTsnp 146	AtMSQTsnp 155	AtMSQTsnp 156	AtMSQTsnp 159	AtMSQTsnp 164	AtMSQTsnp 169	AtMSQTsnp 170	AtMSQTsnp 173	AtMSQTsnp 174	AtMSQTsnp 177	AtMSQTsnp 184	AtMSQTsnp 186	AtMSQTsnp 187	AtMSQTsnp 188	AtMSQTsnp 189	AtMSQTsnp 191	AtMSQTsnp 194	AtMSQTsnp 197	AtMSQTsnp 198	AtMSQTsnp 203	AtMSQTsnp 205	AtMSQTsnp 214	AtMSQTsnp 220	AtMSQTsnp 222	AtMSQTsnp 223	AtMSQTsnp 231	AtMSQTsnp 232	AtMSQTsnp 235	AtMSQTsnp 237	AtMSQTsnp 242	AtMSQTsnp 244	AtMSQTsnp 249	AtMSQTsnp 254	AtMSQTsnp 260	AtMSQTsnp 263	AtMSQTsnp 266	AtMSQTsnp 267	AtMSQTsnp 274	AtMSQTsnp 278	AtMSQTsnp 279	AtMSQTsnp 281	AtMSQTsnp 282	AtMSQTsnp 285	AtMSQTsnp 286	AtMSQTsnp 288	AtMSQTsnp 292	AtMSQTsnp 294	AtMSQTsnp 300	AtMSQTsnp 304	AtMSQTsnp 306	AtMSQTsnp 307	AtMSQTsnp 310	AtMSQTsnp 312	AtMSQTsnp 315	AtMSQTsnp 321	AtMSQTsnp 323	AtMSQTsnp 325	AtMSQTsnp 327	AtMSQTsnp 331	AtMSQTsnp 334	AtMSQTsnp 343	AtMSQTsnp 350	AtMSQTsnp 351	AtMSQTsnp 355	AtMSQTsnp 358	AtMSQTsnp 359	AtMSQTsnp 360	AtMSQTsnp 361	AtMSQTsnp 368	AtMSQTsnp 370	AtMSQTsnp 372	AtMSQTsnp 373	AtMSQTsnp 378	AtMSQTsnp 379	AtMSQTsnp 388	AtMSQTsnp 390	AtMSQTsnp 392	AtMSQTsnp 394	AtMSQTsnp 395	AtMSQTsnp 397	AtMSQTsnp 398	AtMSQTsnp 399	AtMSQTsnp 404	AtMSQTsnp 406	AtMSQTsnp 408	AtMSQTsnp 409	AtMSQTsnp 410	AtMSQTsnp 412	AtMSQTsnp 415
UKSW06-001	UKSW06-001	3	1	3	0	3	4	3	1	4	3	4	3	1	2	4	4	4	1	4	0	3	2	3	4	0	2	4	3	2	2	3	3	2	3	1	3	1	3	4	4	2	1	2	2	2	2	3	1	3	3	1	2	1	4	3	2	1	1	1	3	3	2	3	1	1	1	4	4	0	3	4	2	4	4	3	4	3	4	3	1	2	4	1	2	3	4	4	2	3	1	3	3	4	1	1	3	3	1	2	1	1	3	3	1	4	1	2	3	1	1
UKSW06-002	UKSW06-002	3	1	3	0	3	4	3	1	4	3	4	3	1	2	4	4	4	1	4	0	3	2	3	4	0	2	4	3	2	2	3	3	2	3	1	3	1	3	4	4	2	1	2	2	2	2	3	1	3	3	1	2	1	4	3	2	1	1	1	3	3	2	3	1	1	1	4	4	0	3	4	2	4	4	3	4	3	4	3	1	2	4	1	2	3	4	4	2	3	1	3	3	4	1	1	3	3	1	2	1	1	3	3	1	4	1	2	3	1	1
UKSW06-003	UKSW06-003	3	1	3	4	3	4	3	1	4	3	4	3	1	2	4	4	4	0	4	0	3	2	3	4	0	2	4	3	2	2	3	3	2	3	1	3	1	3	4	4	2	1	2	2	2	2	3	1	3	3	1	2	1	4	3	2	1	1	1	3	3	2	3	1	1	1	4	4	3	3	4	2	4	4	3	4	3	4	0	1	2	0	1	2	3	4	4	2	3	1	3	3	4	1	1	3	3	1	2	1	1	3	3	1	4	1	2	3	0	1
UKSW06-004	UKSW06-004	3	1	3	4	3	4	3	1	4	3	4	3	1	2	4	4	4	1	4	2	3	2	3	4	4	2	4	3	2	2	3	3	2	3	1	3	1	3	4	4	2	1	2	2	2	2	3	1	3	3	1	2	1	4	3	2	1	1	1	3	3	2	3	1	1	1	4	4	3	3	4	2	4	4	3	4	3	4	3	1	2	4	1	2	3	4	4	2	3	1	3	3	4	1	1	3	3	1	2	1	1	3	3	1	4	1	2	3	1	1
UKSW06-005	UKSW06-005	3	2	1	3	3	2	3	1	2	3	4	3	2	2	4	2	4	3	4	2	1	2	0	3	0	4	4	3	0	2	3	1	4	1	1	3	3	3	4	4	4	2	2	1	0	2	4	1	3	3	1	2	1	4	3	4	4	1	1	4	3	2	3	3	2	2	4	4	4	1	4	4	4	2	3	2	1	4	2	1	1	4	4	2	3	4	2	2	3	1	4	3	4	1	3	2	0	2	2	1	3	3	3	3	2	1	2	1	1	1
UKSW06-006	UKSW06-006	3	1	1	4	3	4	1	4	4	3	4	3	1	2	2	4	4	3	4	2	1	2	1	4	2	2	4	3	4	2	3	3	4	1	1	1	3	1	3	4	4	1	2	1	2	2	4	3	1	3	1	2	1	1	1	2	4	1	3	4	3	2	3	1	2	2	4	4	3	3	4	2	4	4	3	2	1	2	2	1	2	4	4	2	1	4	4	2	3	1	3	3	4	1	3	3	1	1	2	1	1	4	3	1	4	1	2	1	1	1
UKSW06-007	UKSW06-007	1	1	1	3	3	2	3	1	4	3	4	3	1	2	2	4	4	1	4	2	1	1	1	4	2	2	1	3	2	2	3	3	4	3	3	1	3	1	3	4	4	1	2	1	4	4	4	1	3	3	1	0	1	4	1	2	1	1	3	4	1	2	3	3	1	1	4	3	3	3	4	4	4	4	1	4	1	4	3	1	1	2	1	2	1	4	4	2	3	3	4	3	4	1	1	3	1	2	2	1	1	4	3	1	2	1	2	3	1	3
UKSW06-010	UKSW06-010	3	1	1	4	3	4	1	4	4	3	4	3	1	2	2	4	4	3	4	2	1	2	1	4	2	2	4	3	4	2	3	3	4	1	1	1	3	1	3	4	4	1	2	1	2	2	4	3	1	3	1	2	1	1	1	2	4	1	3	4	3	2	3	1	2	2	4	4	3	3	4	2	4	4	3	2	1	2	2	1	2	4	4	2	1	4	4	2	3	1	3	3	4	1	3	3	1	1	2	1	1	4	3	1	4	1	2	1	1	1
UKSW06-011	UKSW06-011	3	1	1	4	3	4	1	4	4	3	4	3	1	2	2	4	4	3	4	2	1	2	1	4	2	2	4	3	4	2	3	3	4	1	1	1	3	1	3	4	4	1	2	1	2	2	4	3	1	3	1	2	1	1	1	2	4	1	3	4	3	2	3	1	2	2	4	4	3	3	4	2	4	4	3	2	1	2	2	1	2	4	4	2	1	4	4	2	3	1	3	3	4	1	3	3	1	1	2	1	1	4	3	1	4	1	2	1	1	1
UKSW06-012	UKSW06-012	3	1	1	4	3	4	1	4	4	3	4	3	1	2	2	4	4	3	4	2	1	2	1	4	2	2	4	3	4	2	3	3	4	1	1	1	3	1	3	4	4	1	2	1	2	2	4	3	1	3	1	2	1	1	1	2	4	1	3	4	3	2	3	1	2	2	4	4	3	3	4	2	4	4	3	2	1	2	2	1	2	4	4	2	1	4	4	2	3	1	3	3	4	1	3	3	1	1	2	1	1	4	3	1	4	1	2	1	1	1
UKSW06-013	UKSW06-013	3	1	1	4	3	4	1	4	4	3	4	3	1	2	2	4	4	3	4	2	1	2	1	4	2	2	4	3	4	2	3	3	4	1	1	1	3	1	3	4	4	1	2	1	2	2	4	3	1	3	1	2	1	1	1	2	4	1	3	4	3	2	3	1	2	2	4	4	3	3	4	2	4	4	3	2	1	2	2	1	2	4	4	2	1	4	4	2	3	1	3	3	4	1	3	3	1	1	2	1	1	4	3	1	4	1	2	1	1	1
UKSW06-014	UKSW06-014	3	1	1	4	3	4	1	4	4	3	4	3	1	2	2	4	4	3	4	2	1	2	1	4	2	2	4	3	4	2	3	3	4	1	1	1	3	1	3	4	4	1	2	1	0	2	4	3	1	3	1	2	1	1	1	2	4	1	3	4	3	2	3	1	2	2	4	4	3	3	4	2	4	4	3	2	1	2	2	1	2	4	4	2	1	4	4	2	3	1	3	3	4	1	3	3	0	1	2	1	1	4	3	1	4	1	2	1	1	1
UKSW06-015	UKSW06-015	3	1	1	4	3	4	1	4	4	3	4	3	1	2	2	4	4	3	4	2	1	2	0	4	0	2	4	3	4	2	3	3	4	1	1	1	3	1	3	4	4	1	2	1	0	2	4	3	1	3	1	2	1	1	1	2	4	1	3	4	3	2	3	1	2	2	4	4	3	3	4	2	4	4	3	2	1	2	2	1	2	4	4	2	1	4	4	2	3	1	3	3	4	1	3	3	0	1	2	1	1	4	3	1	4	1	2	1	1	1
UKSW06-016	UKSW06-016	3	1	1	4	3	4	1	4	4	3	4	3	1	2	2	4	4	3	4	2	1	2	1	4	2	2	4	3	4	2	3	3	4	1	1	1	3	1	3	4	4	1	2	1	0	2	4	3	1	3	1	2	1	1	1	2	4	1	3	4	3	2	3	1	2	2	4	4	3	3	4	2	4	4	3	2	1	2	2	1	2	4	4	2	1	4	4	2	3	1	3	3	4	1	3	3	0	1	2	1	1	4	3	1	4	1	2	1	1	1
UKSW06-017	UKSW06-017	3	1	1	4	3	4	1	4	4	3	4	3	1	2	2	4	4	3	4	2	1	2	1	4	0	2	4	3	4	2	3	3	4	1	1	1	3	1	3	4	4	1	2	1	0	2	4	3	1	3	1	2	1	1	1	2	4	1	3	4	3	2	3	1	2	2	4	4	3	3	4	2	4	4	3	2	1	2	2	1	2	4	4	2	1	4	4	2	3	1	3	3	4	1	3	3	0	1	2	1	1	4	3	1	4	1	2	1	1	1
UKSW06-018	UKSW06-018	1	1	1	3	3	2	3	1	4	3	4	3	1	2	2	4	4	1	4	2	1	1	1	4	0	2	1	3	2	2	3	3	4	3	3	1	3	1	3	4	4	1	2	1	0	4	4	1	3	3	1	0	1	4	1	2	1	1	3	4	1	2	3	3	1	1	4	3	3	3	4	4	4	4	1	4	1	4	3	1	1	2	1	2	1	4	4	2	3	3	4	3	4	1	1	3	0	2	2	1	1	4	3	1	2	1	2	3	1	3
UKSW06-025	UKSW06-025	3	1	1	4	1	2	3	4	4	3	4	3	1	2	2	4	4	1	4	2	1	2	3	4	2	4	1	3	4	2	3	3	4	3	3	1	1	3	4	4	4	2	2	2	2	2	4	1	3	3	1	2	1	4	1	4	4	3	1	3	3	2	3	1	1	2	4	3	3	3	4	4	1	2	3	2	1	4	2	1	1	2	1	2	3	2	4	2	1	1	3	1	4	1	1	2	3	2	4	3	1	4	3	1	2	1	2	1	1	1
UKSW06-027	UKSW06-027	3	1	1	4	1	2	3	4	4	3	4	3	1	2	2	4	4	1	4	2	1	2	3	4	2	4	1	3	4	2	3	3	4	3	3	1	1	3	4	4	4	2	2	2	2	2	4	1	3	3	1	2	1	4	1	4	4	3	1	3	3	2	3	1	1	2	4	3	3	3	4	4	1	2	3	2	1	4	2	1	1	2	1	2	3	2	4	2	1	1	3	1	4	1	1	2	3	2	4	3	1	4	3	1	2	1	2	1	1	1
UKSW06-028	UKSW06-028	3	1	1	4	0	2	3	4	4	3	4	3	0	2	2	4	4	1	4	2	1	2	0	4	0	4	1	3	4	2	3	3	4	3	3	1	1	3	4	4	4	2	2	2	0	2	4	1	3	3	1	2	1	4	1	4	4	3	1	3	3	2	3	1	1	2	4	3	3	3	4	4	1	2	3	2	1	4	2	1	1	2	1	2	3	2	4	2	1	1	3	1	4	1	1	2	0	2	4	3	1	4	3	1	2	1	2	1	1	1
UKSW06-029	UKSW06-029	3	1	3	4	3	2	3	1	2	3	4	3	1	2	2	2	4	3	4	2	1	2	0	4	0	2	1	3	4	2	3	1	4	3	3	3	1	1	3	2	2	1	2	2	0	4	4	3	3	3	1	2	1	1	3	2	4	3	3	4	3	2	3	1	1	1	4	3	3	1	4	2	4	4	3	2	1	4	2	1	1	2	4	2	1	4	4	2	1	3	4	3	4	1	3	2	0	2	2	3	1	3	3	3	2	1	2	1	1	1
UKSW06-030	UKSW06-030	3	1	3	4	3	2	3	1	2	3	4	3	1	2	2	2	4	3	4	2	1	2	1	4	2	2	1	3	4	2	3	1	4	3	3	3	1	1	3	2	2	1	2	2	2	4	4	3	3	3	1	2	1	1	3	2	4	3	3	4	3	2	3	1	1	1	4	3	3	1	4	2	4	4	3	2	1	4	2	1	1	2	4	2	1	4	4	2	1	3	4	3	4	1	3	2	3	2	2	3	1	3	3	3	2	1	2	1	1	1
UKSW06-031	UKSW06-031	3	1	3	4	3	2	3	1	2	3	4	3	1	2	2	2	4	3	4	2	1	2	0	4	0	2	1	3	4	2	3	1	4	3	3	3	1	1	3	2	2	1	2	2	0	4	4	3	3	3	1	2	1	1	3	2	4	3	3	4	3	2	3	1	1	1	4	3	3	1	4	2	4	4	3	2	1	4	2	1	1	2	4	2	1	4	4	2	1	3	4	3	4	1	3	2	0	2	2	3	1	3	3	3	2	1	2	1	1	1
UKSW06-032	UKSW06-032	1	1	1	3	3	2	3	1	4	3	4	3	1	2	2	4	4	1	4	2	1	1	1	4	2	2	1	3	2	2	3	3	4	3	3	1	3	1	3	4	4	1	2	1	0	4	4	1	3	3	1	4	1	4	1	2	1	1	3	4	1	2	3	3	1	1	4	3	3	3	4	4	4	4	1	4	1	4	3	1	1	2	1	2	1	4	4	2	3	3	4	3	4	1	1	3	0	2	2	1	1	4	3	1	2	1	2	3	1	3
UKSW06-034	UKSW06-034	3	2	3	3	1	2	3	4	4	3	4	3	1	2	2	4	4	3	4	2	3	2	3	4	2	4	1	3	4	2	3	3	4	1	1	3	3	3	3	4	4	1	2	2	0	2	4	1	3	3	1	2	1	4	1	4	4	1	1	4	3	2	3	1	1	2	4	3	3	3	2	4	1	4	1	2	3	4	2	4	2	4	4	2	1	2	2	2	1	1	4	1	4	1	3	3	3	2	2	3	1	3	2	1	2	1	2	1	1	1
UKSW06-035	UKSW06-035	3	2	3	3	1	2	3	4	4	3	4	3	1	2	2	4	4	3	4	2	3	2	3	4	2	4	1	3	4	2	3	3	4	1	1	3	3	3	3	4	4	1	2	2	0	2	4	1	3	3	1	2	1	4	1	4	4	1	1	4	3	2	3	1	1	2	4	3	3	3	2	4	1	4	1	2	3	4	2	4	2	4	4	2	1	2	2	2	1	1	4	1	4	1	3	3	0	2	2	3	1	3	2	1	2	1	2	1	1	1
UKSW06-036	UKSW06-036	3	2	3	3	1	2	3	4	4	3	4	3	1	2	2	4	4	3	4	2	3	2	3	4	2	4	1	3	4	2	3	3	4	1	1	3	3	3	3	4	4	1	2	2	0	2	4	1	3	3	1	2	1	4	1	4	4	1	1	4	3	2	3	1	1	2	4	3	3	3	2	4	1	4	1	2	3	4	2	4	2	4	4	2	1	2	2	2	1	1	4	1	4	1	3	3	3	2	2	3	1	3	2	1	2	1	2	1	1	1
UKSW06-037	UKSW06-037	1	1	1	3	3	2	3	1	4	3	4	3	1	2	2	4	4	1	4	2	1	1	1	4	2	2	1	3	2	2	3	3	4	3	3	3	3	3	3	4	4	1	2	1	0	4	4	1	3	3	1	0	1	4	1	4	4	1	3	3	3	2	1	1	1	1	4	3	4	1	2	2	4	4	1	4	1	4	3	1	1	2	1	2	1	4	4	2	3	3	4	3	4	1	1	3	0	2	2	1	3	4	3	1	4	1	4	1	1	1
UKSW06-039	UKSW06-039	1	1	1	3	0	2	3	1	4	3	4	3	1	2	2	4	4	1	4	2	1	1	0	4	0	2	1	3	2	2	3	3	4	3	3	3	3	3	3	4	4	1	2	1	0	4	4	1	3	3	1	4	1	4	1	4	4	1	3	3	3	2	1	1	1	1	4	3	4	1	2	2	4	4	1	4	1	4	3	1	1	2	1	2	1	4	4	2	3	3	4	3	4	1	1	3	0	2	2	1	3	4	3	1	4	1	4	1	1	1
UKSW06-041	UKSW06-041	1	1	1	3	3	2	3	1	4	3	4	3	1	2	2	4	4	1	4	2	1	1	1	4	2	2	1	3	2	2	3	3	4	3	3	3	3	3	3	4	4	1	2	1	4	4	4	1	3	3	1	0	1	4	1	4	4	1	3	3	3	2	1	1	1	1	4	3	4	1	2	2	4	4	1	4	1	4	3	1	1	2	1	2	1	4	4	2	3	3	4	3	4	1	1	3	1	2	2	1	3	4	3	1	4	1	4	1	1	1
UKSW06-042	UKSW06-042	1	1	1	3	3	2	3	1	4	3	4	3	1	2	2	4	4	1	4	2	1	1	1	4	2	2	1	3	2	2	3	3	4	3	3	1	3	1	3	4	4	1	2	1	4	4	4	1	3	3	1	0	1	4	1	2	1	1	3	4	1	2	3	3	1	1	4	3	3	3	4	4	4	4	1	4	1	4	3	1	1	2	1	2	1	4	4	2	3	3	4	3	4	1	1	3	1	2	2	1	1	4	3	1	2	1	2	3	1	3
UKSW06-043	UKSW06-043	1	1	1	3	3	2	3	1	4	3	4	3	1	2	2	4	4	1	4	2	1	1	1	4	2	2	1	3	2	2	3	3	4	3	3	1	3	1	3	4	4	1	2	1	4	4	4	1	3	3	1	4	1	4	1	2	1	1	3	4	1	2	3	3	1	1	4	3	3	3	4	4	4	4	1	4	1	4	3	1	1	2	1	2	1	4	4	2	3	3	4	3	4	1	1	3	1	2	2	1	1	4	3	1	2	1	2	3	1	3
UKSW06-044	UKSW06-044	1	1	1	3	0	2	3	1	4	3	4	3	0	2	2	4	4	1	4	2	1	1	0	4	0	2	1	3	2	2	3	3	4	3	3	1	3	1	3	4	4	1	2	1	0	4	4	1	3	3	1	0	1	4	1	2	1	1	3	4	1	2	3	3	1	1	4	3	3	3	4	4	4	4	1	4	1	4	3	1	1	2	1	2	1	4	4	2	3	3	4	3	4	1	1	3	0	2	2	1	1	4	3	1	2	1	2	3	1	3
UKSW06-045	UKSW06-045	1	1	1	3	3	2	3	1	4	3	4	3	1	2	2	4	4	1	4	2	1	1	1	4	2	2	1	3	2	2	3	3	4	3	3	1	3	1	3	4	4	1	2	1	0	4	4	1	3	3	1	0	1	4	1	2	1	1	3	4	1	2	3	3	1	1	4	3	3	3	4	4	4	4	1	4	1	4	3	1	1	2	1	2	1	4	4	2	3	3	4	3	4	1	1	3	0	2	2	1	1	4	3	1	2	1	2	3	1	3
UKSW06-046	UKSW06-046	1	1	1	3	3	2	3	1	4	3	4	3	1	2	2	4	4	1	4	2	1	1	1	4	2	2	1	3	2	2	3	3	4	3	3	1	3	1	3	4	4	1	2	1	4	4	4	1	3	3	1	0	1	4	1	2	1	1	3	4	1	2	3	3	1	1	4	3	3	3	4	4	4	4	1	4	1	4	3	1	1	2	1	2	1	4	4	2	3	3	4	3	4	1	1	3	1	2	2	1	1	4	3	1	2	1	2	3	1	3
UKSW06-047	UKSW06-047	1	1	1	0	3	0	0	1	4	0	4	3	1	2	0	4	4	1	4	0	1	1	1	4	2	2	1	3	2	2	3	3	4	1	3	1	3	1	3	4	4	1	2	1	0	4	4	1	3	3	1	0	1	4	1	2	1	0	3	0	1	2	3	0	1	0	4	3	0	0	4	4	0	4	1	4	1	4	3	1	1	0	1	2	1	4	4	2	3	0	0	0	4	1	1	3	1	2	0	1	1	4	0	1	2	1	2	3	1	3
UKSW06-048	UKSW06-048	1	1	1	3	3	2	3	1	4	3	4	3	1	2	2	4	4	1	4	2	1	1	1	4	0	2	1	3	2	2	3	3	4	3	3	1	3	1	3	4	4	1	2	1	0	4	4	1	3	3	1	4	1	4	1	2	1	1	3	4	1	2	3	3	1	1	4	3	3	3	4	4	4	4	1	4	1	4	3	1	1	2	1	2	1	4	4	2	3	3	4	3	4	1	1	3	0	2	2	1	1	4	3	1	2	1	2	3	1	3
UKSW06-049	UKSW06-049	3	2	1	4	1	2	1	4	4	3	4	3	1	2	2	4	4	1	4	2	1	2	1	4	2	2	1	3	2	2	3	3	4	3	3	3	3	3	3	4	2	2	2	2	0	4	4	1	3	3	1	0	1	4	3	2	1	1	3	4	1	2	3	1	2	2	4	3	3	1	2	4	4	4	1	4	1	4	2	1	2	2	4	2	1	4	4	2	3	3	4	3	4	1	3	3	1	2	2	3	1	3	3	1	2	1	2	3	1	1
UKSW06-050	UKSW06-050	1	1	1	3	3	2	3	1	4	3	4	3	1	2	2	4	4	1	4	2	1	1	1	4	2	2	1	3	2	2	3	3	4	3	3	1	3	1	3	4	4	1	2	1	4	4	4	1	3	3	1	0	1	4	1	2	1	1	3	4	1	2	3	3	1	1	4	3	3	3	4	4	4	4	1	4	1	4	3	1	1	2	1	2	1	4	4	2	3	3	4	3	4	1	1	3	1	2	2	1	1	4	3	1	2	1	2	3	1	3
UKSW06-051	UKSW06-051	1	1	1	3	3	2	3	1	4	3	4	3	1	2	2	4	4	1	4	2	1	1	1	4	2	2	1	3	2	2	3	3	4	3	3	1	3	1	3	4	4	1	2	1	0	4	4	1	3	3	1	4	1	4	1	2	1	1	3	4	1	2	3	3	1	1	4	3	3	3	4	4	4	4	1	4	1	4	3	1	1	2	1	2	1	4	4	2	3	3	4	3	4	1	1	3	0	2	2	1	1	4	3	1	2	1	2	3	1	3
UKSW06-052	UKSW06-052	1	1	1	3	3	2	3	1	4	3	4	3	1	2	2	4	4	1	4	2	1	1	0	4	0	2	1	3	2	2	3	3	4	3	3	1	3	1	3	4	4	1	2	1	0	4	4	1	3	3	1	0	1	4	1	2	1	1	3	4	1	2	3	3	1	1	4	3	3	3	4	4	4	4	1	4	1	4	3	1	1	2	1	2	1	4	4	2	3	3	4	3	4	1	1	3	0	2	2	1	1	4	3	1	2	1	2	3	1	3
UKSW06-056	UKSW06-056	1	1	1	3	3	2	3	1	4	3	4	3	1	2	2	4	4	1	4	2	1	1	1	4	2	2	1	3	2	2	3	3	4	3	3	1	3	1	3	4	4	1	2	1	4	4	4	1	3	3	1	0	1	4	1	2	1	1	3	4	1	2	3	3	1	1	4	3	3	3	4	4	4	4	1	4	1	4	3	1	1	2	1	2	1	4	4	2	3	3	4	3	4	1	1	3	1	2	2	1	1	4	3	1	2	1	2	3	1	3
UKSW06-057	UKSW06-057	1	1	1	3	3	2	3	1	4	3	4	3	1	2	2	4	4	1	4	2	1	1	1	4	2	2	1	3	2	2	3	3	4	3	3	1	3	1	3	4	4	1	2	1	4	4	4	1	3	3	1	0	1	4	1	2	1	1	3	4	1	2	3	3	1	1	4	3	3	3	4	4	4	4	1	4	1	4	3	1	1	2	1	2	1	4	4	2	3	3	4	3	4	1	1	3	1	2	2	1	1	4	3	1	2	1	2	3	1	3
UKSW06-058	UKSW06-058	1	1	1	3	3	2	3	1	4	3	4	3	1	2	2	4	4	1	4	2	1	1	1	4	2	2	1	3	2	2	3	3	4	3	3	1	3	1	3	4	4	1	2	1	0	4	4	1	3	3	1	0	1	4	1	2	1	1	3	4	1	2	3	3	1	1	4	3	3	3	4	4	4	4	1	4	1	4	3	1	1	2	1	2	1	4	4	2	3	3	4	3	4	1	1	3	0	2	2	1	1	4	3	1	2	1	2	3	1	3
UKSW06-059	UKSW06-059	1	1	1	3	3	2	3	1	4	3	4	3	1	2	2	4	4	1	4	2	1	1	1	4	0	2	1	3	2	2	3	3	4	3	3	1	3	1	3	4	4	1	2	1	0	4	4	1	3	3	1	0	1	4	1	2	1	1	3	4	1	2	3	3	1	1	4	3	3	3	4	4	4	4	1	4	1	4	3	1	1	2	1	2	1	4	4	2	3	3	4	3	4	1	1	3	0	2	2	1	1	4	3	1	2	1	2	3	1	3
UKSW06-060	UKSW06-060	1	1	1	3	3	2	3	1	4	3	4	3	1	2	2	4	4	1	4	2	1	1	1	4	2	2	1	3	2	2	3	3	4	3	3	1	3	1	3	4	4	1	2	1	0	4	4	1	3	3	1	4	1	4	1	2	1	1	3	4	1	2	3	3	1	1	4	3	3	3	4	4	4	4	1	4	1	4	3	1	1	2	1	2	1	4	4	2	3	3	4	3	4	1	1	3	1	2	2	1	1	4	3	1	2	1	2	3	1	3
UKSW06-061	UKSW06-061	1	1	1	3	3	2	3	1	4	3	4	3	1	2	2	4	4	1	4	2	1	1	1	4	2	2	1	3	2	2	3	3	4	3	3	1	3	1	3	4	4	1	2	1	4	4	4	1	3	3	1	4	1	4	1	2	1	1	3	4	1	2	3	3	1	1	4	3	3	3	4	4	4	4	1	4	1	4	3	1	1	2	1	2	1	4	4	2	3	3	4	3	4	1	1	3	1	2	2	1	1	4	3	1	2	1	2	3	1	3
UKSW06-062	UKSW06-062	1	1	1	3	3	2	3	1	4	3	4	3	1	2	2	4	4	1	4	2	1	1	1	4	2	2	1	3	2	2	3	3	4	3	3	1	3	1	3	4	4	1	2	1	4	4	4	1	3	3	1	4	1	4	1	2	1	1	3	0	1	2	3	3	1	1	4	3	3	0	4	4	4	4	1	4	1	4	3	1	1	0	1	2	1	4	4	2	3	0	4	3	4	1	1	3	1	2	2	1	1	4	3	1	2	1	2	3	1	3
UKSW06-063	UKSW06-063	1	1	1	3	3	2	3	1	4	3	4	3	1	2	2	4	4	1	4	2	1	1	1	4	2	2	1	3	2	2	3	3	4	3	3	1	3	1	3	4	4	1	2	1	0	4	4	1	3	3	1	0	1	4	1	2	1	1	3	4	1	2	3	3	1	1	4	3	3	3	4	4	4	4	1	4	1	4	3	1	1	2	1	2	1	4	4	2	3	3	4	3	4	1	1	3	1	2	2	1	1	4	3	1	2	1	2	3	1	3
UKSW06-064	UKSW06-064	1	1	1	3	3	2	3	1	4	3	4	3	1	2	2	4	4	1	4	2	1	1	0	4	0	2	1	3	2	2	3	3	4	3	3	1	3	1	3	4	4	1	2	1	0	4	4	1	3	3	1	4	1	4	1	2	1	1	3	4	1	2	3	3	1	1	4	3	3	3	4	4	4	4	1	4	1	4	3	1	1	2	1	2	1	4	4	2	3	3	4	3	4	1	1	3	0	2	2	1	1	4	3	1	2	1	2	3	1	3
UKSW06-065	UKSW06-065	3	2	1	3	3	2	3	1	2	3	4	3	2	2	4	2	4	3	4	2	1	2	1	3	4	4	4	3	4	2	3	1	4	1	1	3	3	3	4	4	4	2	2	1	0	2	4	1	3	3	1	2	1	4	3	4	4	1	1	4	3	2	3	3	2	2	4	4	4	1	4	4	4	2	3	2	1	4	2	1	1	4	4	2	3	4	2	2	3	1	4	3	4	1	3	2	1	2	2	1	3	3	3	3	2	1	2	1	1	1
UKSW06-066	UKSW06-066	3	2	1	3	3	2	3	1	2	3	4	3	2	2	4	2	4	3	4	2	1	2	1	3	4	4	4	3	4	2	3	1	4	1	1	3	3	3	4	4	4	2	2	1	2	2	4	1	3	3	1	2	1	4	3	4	4	1	1	4	3	2	3	3	2	2	4	4	4	1	4	4	4	2	3	2	1	4	2	1	1	4	4	2	3	4	2	2	3	1	4	3	4	1	3	2	1	2	2	1	3	3	3	3	2	1	2	1	1	1
UKSW06-067	UKSW06-067	3	2	1	3	3	2	3	1	2	3	4	3	2	2	4	2	4	3	4	2	1	2	1	3	4	4	4	3	4	2	3	1	4	1	1	3	3	3	4	4	4	2	2	1	2	2	4	1	3	3	1	2	1	4	3	4	4	1	1	4	3	2	3	3	2	2	4	4	4	1	4	4	4	2	3	2	1	4	2	1	1	4	4	2	3	4	2	2	3	1	4	3	4	1	3	2	1	2	2	1	3	3	3	3	2	1	2	1	1	1
UKSW06-068	UKSW06-068	3	2	1	3	3	2	3	1	2	3	4	3	2	2	4	2	4	3	4	2	1	2	1	3	0	4	4	3	4	2	3	1	4	1	1	3	3	3	4	4	4	2	2	1	0	2	4	1	3	3	1	2	1	4	3	4	4	1	1	4	3	2	3	3	2	2	4	4	4	0	4	4	4	2	3	2	1	4	2	1	1	4	4	2	3	4	2	2	3	1	4	3	4	1	3	2	0	2	2	1	3	3	3	3	2	1	2	1	1	1
UKSW06-069	UKSW06-069	1	1	1	3	3	2	3	1	4	3	4	3	1	2	2	4	4	1	4	2	1	1	1	4	2	2	1	3	2	2	3	3	4	3	3	1	3	1	3	4	4	1	2	1	4	4	4	1	3	3	1	4	1	4	1	2	1	1	3	4	1	2	3	3	1	1	4	3	3	3	4	4	4	4	1	4	1	4	3	1	1	2	1	2	1	4	4	2	3	3	4	3	4	1	1	3	1	2	2	1	1	4	3	1	2	1	2	3	1	3
UKSW06-070	UKSW06-070	3	2	3	3	1	2	3	4	4	3	4	3	1	2	2	4	4	1	4	2	1	2	3	4	2	4	1	3	4	2	3	3	4	3	3	1	3	3	3	4	4	2	2	2	2	2	3	1	3	3	1	4	1	4	3	2	4	3	1	3	3	2	3	1	1	2	4	3	3	3	2	4	1	4	1	2	3	4	2	4	2	4	4	2	3	2	4	2	1	1	3	1	4	1	1	2	3	2	4	3	1	4	3	1	2	1	2	1	1	1
UKSW06-071	UKSW06-071	3	2	3	3	1	2	3	4	4	3	4	3	1	2	2	4	4	1	4	2	1	2	3	4	2	4	1	3	4	2	3	3	4	3	3	1	3	3	3	4	4	2	2	2	2	2	3	1	3	3	1	4	1	4	3	2	4	3	1	3	3	2	3	1	1	2	4	3	3	3	2	4	1	4	1	2	3	4	2	4	2	4	4	2	3	2	4	2	1	1	3	1	4	1	1	2	3	2	4	3	1	4	3	1	2	1	2	1	1	1
UKSW06-072	UKSW06-072	3	2	3	3	1	2	3	4	4	3	4	3	1	2	2	4	4	1	4	2	1	2	3	4	2	4	1	3	4	2	3	3	4	3	3	1	3	3	3	4	4	2	2	2	2	2	3	1	3	3	1	4	1	4	3	2	4	3	1	3	3	2	3	1	1	2	4	3	3	3	2	4	1	4	1	2	3	4	2	4	2	4	4	2	3	2	4	2	1	1	3	1	4	1	1	2	3	2	4	3	1	4	3	1	2	1	2	1	1	1
UKSW06-073	UKSW06-073	1	1	1	3	3	2	3	1	4	3	4	3	1	2	2	4	4	1	4	2	1	1	1	4	2	2	1	3	2	2	3	3	4	3	3	1	3	1	3	4	4	1	2	1	4	4	4	1	3	3	1	0	1	4	1	2	1	1	3	4	1	2	3	3	1	1	4	3	3	3	4	4	4	4	1	4	1	4	3	1	1	2	1	2	1	4	4	2	3	3	4	3	4	1	1	3	1	2	2	1	1	4	3	1	2	1	2	3	1	3
UKSW06-074	UKSW06-074	3	1	1	4	3	4	1	4	4	3	4	3	1	2	2	4	4	3	4	2	1	2	1	4	2	2	4	3	4	2	3	3	4	1	1	1	3	1	3	4	4	1	2	1	2	2	4	3	1	3	1	2	1	1	1	2	4	1	3	4	3	2	3	1	2	2	4	4	3	3	4	2	4	4	3	2	1	2	2	1	2	4	4	2	1	4	4	2	3	1	3	3	4	1	3	3	1	1	2	1	1	4	3	1	4	1	2	1	1	1
UKSW06-075	UKSW06-075	1	1	1	3	3	2	3	1	4	3	4	3	1	2	4	2	4	1	4	2	3	1	1	4	0	2	4	3	2	2	3	3	4	1	1	3	1	3	4	4	2	1	4	2	0	4	3	3	3	1	1	2	1	4	1	4	4	1	3	3	3	4	3	3	1	1	2	3	4	1	4	2	4	4	1	2	3	4	2	1	2	4	4	2	3	4	2	2	3	3	4	1	4	1	1	2	0	1	2	3	3	4	3	1	2	1	2	3	1	3
UKSW06-076	UKSW06-076	3	2	1	4	3	4	1	4	4	3	1	3	1	2	2	2	4	1	4	2	1	1	0	4	0	4	1	3	2	2	3	3	4	3	3	3	1	3	3	4	4	1	2	2	0	4	4	3	3	3	1	2	1	1	1	4	4	3	3	3	1	2	1	3	2	2	4	3	3	1	4	4	4	4	1	2	1	4	2	1	1	2	1	2	1	4	4	4	1	1	4	1	4	1	1	2	0	1	2	3	3	3	2	1	2	1	2	1	1	1
UKSW06-077	UKSW06-077	3	1	1	4	3	4	1	4	4	3	4	3	1	2	2	4	4	3	4	2	1	2	1	4	2	2	4	3	4	2	3	3	4	1	1	1	3	1	3	4	4	1	2	1	2	2	4	3	1	3	1	2	1	1	1	2	4	1	3	4	3	2	3	1	2	2	4	4	3	3	4	2	4	4	3	2	1	2	2	1	2	4	4	2	1	4	4	2	3	1	3	3	4	1	3	3	1	1	2	1	1	4	3	1	4	1	2	1	1	1
UKSW06-078	UKSW06-078	3	2	1	4	3	4	1	4	4	3	1	3	1	2	2	2	4	1	4	2	1	1	1	4	2	4	1	3	2	2	3	3	4	3	3	3	1	3	3	4	4	1	2	2	2	4	4	3	3	3	1	2	1	1	1	4	4	3	3	3	1	2	1	3	2	2	4	3	3	1	4	4	4	4	1	2	1	4	2	1	1	2	1	2	1	4	4	4	1	1	4	1	4	1	1	2	3	1	2	3	3	3	2	1	2	1	2	1	1	1
UKSW06-079	UKSW06-079	1	1	1	3	3	2	3	1	4	3	4	3	1	2	2	4	4	1	4	2	1	1	1	4	2	2	1	3	2	2	3	3	4	3	3	1	3	1	3	4	4	1	2	1	4	4	4	1	3	3	1	4	1	4	1	2	1	1	3	4	1	2	3	3	1	1	4	3	3	3	4	4	4	4	1	4	1	4	3	1	1	2	1	2	1	4	4	2	3	3	4	3	4	1	1	3	1	2	2	1	1	4	3	1	2	1	2	3	1	3
UKSW06-080	UKSW06-080	3	1	1	4	3	4	1	4	4	3	4	3	1	2	2	4	4	3	4	2	1	2	1	4	2	2	4	3	4	2	3	3	4	1	1	1	3	1	3	4	4	1	2	1	2	2	4	3	1	3	1	2	1	1	1	2	4	1	3	4	3	2	3	1	2	2	4	4	3	3	4	2	4	4	3	2	1	2	2	1	2	4	4	2	1	4	4	2	3	1	3	3	4	1	3	3	1	1	2	1	1	4	3	1	4	1	2	1	1	1
UKSW06-081	UKSW06-081	3	1	3	4	3	4	1	4	4	1	4	3	1	2	4	4	2	1	4	2	1	1	3	4	2	4	4	3	2	3	3	3	2	3	3	1	1	3	3	4	4	1	2	1	2	2	3	3	1	3	1	2	1	4	3	4	4	1	3	3	3	2	1	1	2	1	4	4	4	3	4	2	1	4	1	2	1	4	2	1	1	2	4	2	1	2	4	2	1	1	4	3	4	3	1	2	1	1	2	3	3	4	3	1	2	1	2	1	1	1
UKSW06-082	UKSW06-082	1	1	1	3	0	2	3	1	4	3	4	3	0	2	4	2	4	1	4	2	3	1	0	4	0	2	4	3	2	2	3	3	4	1	1	3	1	3	4	4	2	1	4	2	0	4	3	3	3	1	1	2	1	4	1	4	4	1	3	3	3	4	3	3	1	1	2	3	4	1	4	2	4	4	1	2	3	4	2	1	2	4	4	2	3	4	2	2	3	3	4	1	4	1	1	2	0	1	2	3	3	4	3	1	2	1	2	3	1	3
UKSW06-083	UKSW06-083	1	1	1	3	3	2	3	1	4	3	4	3	1	2	4	2	4	1	4	2	3	1	1	4	2	2	4	3	2	2	3	3	4	1	1	3	1	3	4	4	2	1	4	2	0	4	3	3	3	1	1	2	1	4	1	4	4	1	3	3	3	4	3	3	1	1	2	3	4	1	4	2	4	4	1	2	3	4	2	1	2	4	4	2	3	4	2	2	3	3	4	1	4	1	1	2	0	1	2	3	3	4	3	1	2	1	2	3	1	3
UKSW06-084	UKSW06-084	1	1	1	3	3	2	3	1	4	3	4	3	1	2	4	2	4	1	4	2	3	1	1	4	2	2	4	3	2	2	3	3	4	1	1	3	1	3	4	4	2	1	4	2	2	4	3	3	3	1	1	2	1	4	1	4	4	1	3	3	3	4	3	3	1	1	2	3	4	0	4	2	4	4	1	2	3	4	2	1	2	4	4	2	3	4	2	2	3	3	4	1	4	1	1	2	3	1	2	3	3	4	3	1	2	1	2	3	1	3
UKSW06-085	UKSW06-085	1	1	1	3	0	2	3	1	4	3	4	3	1	2	4	2	4	1	4	0	3	1	0	4	0	2	4	3	2	2	3	3	4	1	1	3	1	3	4	4	2	1	4	2	0	4	3	3	3	1	1	2	1	4	1	4	4	1	3	3	3	4	3	3	1	1	2	3	4	1	4	2	4	4	1	2	3	4	2	1	2	4	4	2	3	4	2	2	3	3	4	1	4	1	1	2	0	1	2	3	3	4	3	1	2	1	2	3	1	3
UKSW06-086	UKSW06-086	1	1	1	3	3	2	3	1	4	3	4	3	1	2	2	4	4	1	4	2	1	1	1	4	2	2	1	3	2	2	3	3	4	3	3	1	3	1	3	4	4	1	2	1	4	4	4	1	3	3	1	0	1	4	1	2	1	1	3	4	1	2	3	3	1	1	4	3	3	3	4	4	4	4	1	4	1	4	3	1	1	2	1	2	1	4	4	2	3	3	4	3	4	1	1	3	1	2	2	1	1	4	3	1	2	1	2	3	1	3
UKSW06-087	UKSW06-087	1	1	1	0	3	2	3	1	4	0	4	3	1	2	2	4	4	1	4	0	1	1	1	4	2	2	1	3	2	2	3	3	4	3	3	1	3	1	3	4	4	1	2	1	4	4	4	1	3	3	1	4	1	4	1	2	1	1	3	0	1	2	3	3	1	1	4	3	3	3	4	4	4	4	1	0	1	4	3	1	1	2	1	2	1	4	4	2	3	0	4	3	4	1	1	3	1	2	2	1	1	4	3	1	2	1	2	3	1	3
UKSW06-088	UKSW06-088	1	1	1	3	3	2	3	1	4	3	4	3	1	2	2	4	4	1	4	2	1	1	1	4	2	2	1	3	2	2	3	3	4	3	3	1	3	1	3	4	4	1	2	1	0	4	4	1	3	3	1	4	1	4	1	2	1	1	3	4	1	2	3	3	1	1	4	3	3	3	4	4	4	4	1	4	1	4	3	1	1	2	1	2	1	4	4	2	3	3	4	3	4	1	1	3	1	2	2	1	1	4	3	1	2	1	2	3	1	3
UKSW06-089	UKSW06-089	3	2	3	3	1	2	3	4	4	3	4	3	1	2	2	4	4	3	4	2	3	2	3	4	2	4	1	3	4	2	3	3	4	1	1	3	3	3	3	4	4	1	2	2	2	2	4	1	3	3	1	2	1	4	1	4	4	1	1	4	3	2	3	1	1	2	4	3	3	3	2	4	1	4	1	2	3	4	2	4	2	4	4	2	1	2	2	2	1	1	4	1	4	1	3	3	3	2	2	3	1	3	2	1	2	1	2	1	1	1
UKSW06-090	UKSW06-090	3	1	1	4	3	4	1	4	4	3	4	3	1	2	2	4	4	3	4	2	1	2	1	4	2	2	4	3	4	2	3	3	4	1	1	1	3	1	3	4	4	1	2	1	2	2	4	3	1	3	1	2	1	1	1	2	4	1	3	4	3	2	3	1	2	2	4	4	3	3	4	2	4	4	3	2	1	2	2	1	2	4	4	2	1	4	4	2	3	1	3	3	4	1	3	3	1	1	2	1	1	4	3	1	4	1	2	1	1	1
UKSW06-091	UKSW06-091	3	1	1	4	3	4	1	4	4	3	4	3	1	2	2	4	4	3	4	2	1	2	1	4	2	2	4	3	4	2	3	3	4	1	1	1	3	1	3	4	4	1	2	1	2	2	4	3	1	3	1	2	1	1	1	2	4	1	3	4	3	2	3	1	2	2	4	4	3	3	4	2	4	4	3	2	1	2	2	1	2	4	4	2	1	4	4	2	3	1	3	3	4	1	3	3	1	1	2	1	1	4	3	1	4	1	2	1	1	1
UKSW06-092	UKSW06-092	3	1	1	4	3	4	1	4	4	3	4	3	1	2	2	4	4	3	4	2	1	2	1	4	2	2	4	3	4	2	3	3	4	1	1	1	3	1	3	4	4	1	2	1	0	2	4	3	1	3	1	2	1	1	1	2	4	1	3	4	3	2	3	1	2	2	4	4	3	3	4	2	4	4	3	2	1	2	2	1	2	4	4	2	1	4	4	2	3	1	3	3	4	1	3	3	0	1	2	1	1	4	3	1	4	1	2	1	1	1
UKSW06-093	UKSW06-093	3	1	1	4	3	4	1	4	4	3	4	3	1	2	2	4	4	3	4	2	1	2	1	4	2	2	4	3	4	2	3	3	4	1	1	1	3	1	3	4	4	1	2	1	2	2	4	3	1	3	1	2	1	1	1	2	4	1	3	4	3	2	3	1	2	2	4	4	3	3	4	2	4	4	3	2	1	2	2	1	2	4	4	2	1	4	4	2	3	1	3	3	4	1	3	3	1	1	2	1	1	4	3	1	4	1	2	1	1	1
UKSW06-094	UKSW06-094	3	1	1	4	3	4	1	4	4	3	4	3	1	2	2	4	4	3	4	2	1	2	1	4	2	2	4	3	4	2	3	3	4	1	1	1	3	1	3	4	4	1	2	1	2	2	4	3	1	3	1	2	1	1	1	2	4	1	3	4	3	2	3	1	2	2	4	4	3	3	4	2	4	4	3	2	1	2	2	1	2	4	4	2	1	4	4	2	3	1	3	3	4	1	3	3	1	1	2	1	1	4	3	1	4	1	2	1	1	1
UKSW06-095	UKSW06-095	3	1	1	4	3	4	1	4	4	3	4	3	1	2	2	4	4	3	4	2	1	2	1	4	2	2	4	3	4	2	3	3	4	1	1	1	3	1	3	4	4	1	2	1	2	2	4	3	1	3	1	2	1	1	1	2	4	1	3	4	3	2	3	1	2	0	4	4	3	0	4	2	4	4	3	2	1	2	2	1	2	4	4	2	1	4	4	2	3	1	0	3	4	1	3	3	1	1	2	1	1	4	3	1	4	1	2	1	1	1
UKSW06-096	UKSW06-096	3	1	1	4	3	4	1	4	4	3	4	3	1	2	2	4	4	3	4	2	1	2	1	4	2	2	4	3	4	2	3	3	4	1	1	1	3	1	3	4	4	1	2	1	2	2	4	3	1	3	1	2	1	1	1	2	4	1	3	4	3	2	3	1	2	2	4	4	3	3	4	2	4	4	3	2	1	2	2	1	2	4	4	2	1	4	4	2	3	1	3	3	4	1	3	3	1	1	2	1	1	4	3	1	4	1	2	1	1	1
UKSW06-097	UKSW06-097	3	1	1	4	3	4	1	4	4	3	4	3	1	2	2	4	4	3	4	2	1	2	1	4	2	2	4	3	4	2	3	3	4	1	1	1	3	1	3	4	4	1	2	1	2	2	4	3	1	3	1	2	1	1	1	2	4	1	3	4	3	2	3	1	2	2	4	4	3	3	4	2	4	4	3	2	1	2	2	1	2	4	4	2	1	4	4	2	3	1	3	3	4	1	3	3	1	1	2	1	1	4	3	1	4	1	2	1	1	1
UKSW06-098	UKSW06-098	3	1	1	4	3	4	1	4	4	3	4	3	1	2	2	4	4	3	4	2	1	2	1	4	2	2	4	3	4	2	3	3	4	1	1	1	3	1	3	4	4	1	2	1	2	2	4	3	1	3	1	2	1	1	1	2	4	1	3	4	3	2	3	1	2	2	4	4	3	3	4	2	4	4	3	2	1	2	2	1	2	4	4	2	1	4	4	2	3	1	3	3	4	1	3	3	1	1	2	1	1	4	3	1	4	1	2	1	1	1
UKSW06-099	UKSW06-099	3	2	3	3	1	2	3	4	4	3	4	3	1	2	2	4	4	3	4	2	3	2	3	4	2	4	1	3	4	2	3	3	4	1	1	3	3	3	3	4	4	1	2	2	0	2	4	1	3	3	1	2	1	4	1	4	4	1	1	4	3	2	3	1	1	2	4	3	3	3	2	4	1	4	1	2	3	4	2	4	2	4	4	2	1	2	2	2	1	1	4	1	4	1	3	3	3	2	2	3	1	3	2	1	2	1	2	1	1	1
UKSW06-101	UKSW06-101	1	1	1	3	3	2	3	1	4	3	4	3	1	2	2	4	4	1	4	2	1	1	1	4	2	2	1	3	2	2	3	3	4	3	3	1	3	1	3	4	4	1	2	1	0	4	4	1	3	3	1	4	1	4	1	2	1	1	3	4	1	2	3	3	1	1	4	3	3	3	4	4	4	4	1	4	1	4	3	1	1	2	1	2	1	4	4	2	3	3	4	3	4	1	1	3	1	2	2	1	1	4	3	1	2	1	2	3	1	3
UKSW06-102	UKSW06-102	1	1	1	3	3	2	3	1	4	3	4	3	1	2	2	4	4	1	4	2	1	1	1	4	2	2	1	3	2	2	3	3	4	3	3	1	3	1	3	4	4	1	2	1	4	4	4	1	3	3	1	0	1	4	1	2	1	1	3	4	1	2	3	3	1	1	4	3	3	3	4	4	4	4	1	4	1	4	3	1	1	2	1	2	1	4	4	2	3	3	4	3	4	1	1	3	1	2	2	1	1	4	3	1	2	1	2	3	1	3
UKSW06-103	UKSW06-103	1	1	1	3	3	2	3	1	4	3	4	3	1	2	2	4	4	1	4	2	1	1	1	4	2	2	1	3	2	2	3	3	4	3	3	1	3	1	3	4	4	1	2	1	0	4	4	1	3	3	1	4	1	4	1	2	1	1	3	4	1	2	3	3	1	1	4	3	3	3	4	4	4	4	1	4	1	4	3	1	1	2	1	2	1	4	4	2	3	3	4	3	4	1	1	3	1	2	2	1	1	4	3	1	2	1	2	3	1	3
UKSW06-104	UKSW06-104	3	2	3	3	1	2	3	4	4	3	4	3	1	2	2	4	4	3	4	2	3	2	3	4	2	4	1	3	4	2	3	3	4	1	1	3	3	3	3	4	4	1	2	2	2	2	4	1	3	3	1	2	1	4	1	4	4	1	1	4	3	2	3	1	1	2	4	3	3	3	2	4	1	4	1	2	3	4	2	4	2	4	4	2	1	2	2	2	1	1	4	1	4	1	3	3	3	2	2	3	1	3	2	1	2	1	2	1	1	1
UKSW06-105	UKSW06-105	3	2	3	3	1	2	3	4	4	3	4	3	1	2	2	4	4	3	4	2	3	2	3	4	2	4	1	3	4	2	3	3	4	1	1	3	3	3	3	4	4	1	2	2	2	2	4	1	3	3	1	2	1	4	1	4	4	1	1	4	3	2	3	1	1	2	4	3	3	3	2	4	1	4	1	2	3	4	2	4	2	4	4	2	1	2	2	2	1	1	4	1	4	1	3	3	3	2	2	3	1	3	2	1	2	1	2	1	1	1
UKSW06-106	UKSW06-106	3	2	3	3	1	2	3	4	4	3	4	3	1	2	2	4	4	3	4	2	3	2	3	4	2	4	1	3	4	2	3	3	4	1	1	3	3	3	3	4	4	1	2	2	2	2	4	1	3	3	1	2	1	4	1	4	4	1	1	4	3	2	3	1	1	2	4	3	3	3	2	4	1	4	1	2	3	4	2	4	2	4	4	2	1	2	2	2	1	1	4	1	4	1	3	3	3	2	2	3	1	3	2	1	2	1	2	1	1	1
UKSW06-107	UKSW06-107	3	1	3	4	3	9	0	1	2	3	4	3	1	2	0	2	4	3	4	0	1	2	1	4	2	2	1	3	4	2	3	1	4	0	3	3	1	1	3	2	2	1	2	2	0	4	4	0	3	3	1	2	1	1	3	2	4	0	3	0	0	2	3	1	1	1	4	3	3	1	4	2	4	4	3	0	1	4	2	1	1	0	4	2	1	4	4	2	1	0	0	3	4	1	3	2	3	2	2	3	1	3	3	0	2	1	2	1	1	1
UKSW06-109	UKSW06-109	3	1	3	4	3	2	3	1	2	3	4	3	1	2	2	2	4	3	4	2	1	2	1	4	2	2	1	3	4	2	3	1	4	3	3	3	1	1	3	2	2	1	2	2	0	4	4	3	3	3	1	2	1	1	3	2	4	3	3	4	3	2	3	1	1	1	4	3	3	1	4	2	4	4	3	2	1	4	2	1	1	2	4	2	1	4	4	2	1	3	4	3	4	1	3	2	3	2	2	3	1	3	3	3	2	1	2	1	1	1
UKSW06-110	UKSW06-110	3	1	1	4	1	2	3	4	4	3	4	3	1	2	2	4	4	1	4	2	1	2	3	4	2	4	1	3	4	2	3	3	4	3	3	1	1	3	4	4	4	2	2	2	2	2	4	1	3	3	1	2	1	4	1	4	4	3	1	3	3	2	3	1	1	2	4	3	3	3	4	4	1	2	3	2	1	4	2	1	1	2	1	2	3	2	4	2	1	1	3	1	4	1	1	2	3	0	4	3	1	4	3	1	2	1	2	1	1	1
UKSW06-111	UKSW06-111	3	1	1	4	1	2	3	4	4	3	4	3	1	2	2	4	4	1	4	0	1	2	3	4	2	4	1	3	4	2	3	3	4	0	3	1	1	3	4	4	4	2	2	2	2	2	4	1	3	3	1	2	1	4	1	4	4	3	1	3	3	2	3	1	1	0	4	3	3	0	4	4	1	2	3	2	1	4	2	1	1	0	1	2	3	2	4	2	1	0	3	1	4	1	1	2	3	2	4	3	1	4	3	1	2	1	2	1	1	1
UKSW06-113	UKSW06-113	3	1	1	4	1	2	3	4	4	3	4	3	1	2	2	4	4	1	4	2	1	2	3	4	2	4	1	3	4	2	3	3	4	3	3	1	1	3	4	4	4	2	2	2	2	2	4	1	3	3	1	2	1	4	1	4	4	3	1	3	3	2	3	1	1	2	4	3	3	3	4	4	1	2	3	2	1	4	2	1	1	2	1	2	3	2	4	2	1	1	3	1	4	1	1	2	3	2	4	3	1	4	3	1	2	1	2	1	1	1
UKSW06-115	UKSW06-115	3	1	3	4	3	2	3	1	2	3	4	3	1	2	2	2	4	3	4	0	1	2	1	4	2	2	1	3	4	2	3	1	4	3	3	3	1	1	3	2	2	1	2	2	0	4	4	3	3	3	1	2	1	1	3	2	4	3	3	4	3	2	3	1	1	1	4	3	3	1	4	2	4	4	3	2	1	4	2	1	1	2	4	2	1	4	4	2	1	3	4	3	4	1	3	2	3	2	2	3	1	3	3	3	2	1	2	1	1	1
UKSW06-118	UKSW06-118	3	1	3	4	3	2	3	1	2	3	4	3	1	2	2	2	4	3	4	2	1	2	1	4	2	2	1	3	4	2	3	1	4	3	3	3	1	1	3	2	2	1	2	2	2	4	4	3	3	3	1	2	1	1	3	2	4	3	3	4	3	2	3	1	1	1	4	3	3	1	4	2	4	4	3	2	1	4	2	1	1	2	4	2	1	4	4	2	1	3	4	3	4	1	3	2	3	2	2	3	1	3	3	3	2	1	2	1	1	1
UKSW06-119	UKSW06-119	3	2	1	3	3	2	3	4	2	3	4	4	1	2	2	4	4	1	4	2	1	2	6	3	4	9	1	3	4	2	3	3	2	1	1	3	3	1	3	4	4	1	2	1	9	2	3	3	1	3	1	2	2	1	1	4	1	3	3	4	1	4	1	3	2	1	2	4	4	1	4	2	4	4	1	4	6	4	3	4	1	4	4	1	3	2	2	4	1	3	4	1	4	3	3	3	1	1	2	1	1	3	3	3	4	1	2	3	1	1
UKSW06-120	UKSW06-120	3	1	3	0	3	2	3	1	2	3	4	3	1	2	2	0	4	3	4	0	1	2	1	4	0	2	1	3	4	2	3	1	4	3	3	3	1	1	3	2	2	1	2	2	2	4	4	3	3	3	1	2	1	1	3	2	4	3	3	4	3	2	3	1	1	1	4	3	3	1	4	2	4	4	3	2	1	4	2	1	1	2	4	2	1	4	4	2	1	3	4	3	4	1	3	2	3	2	2	3	1	3	3	3	2	1	2	1	0	1
UKSW06-123	UKSW06-123	0	1	3	0	3	2	3	1	2	3	4	3	1	0	2	0	4	3	4	0	1	2	1	4	0	2	1	3	4	2	3	1	4	3	3	3	1	1	3	2	0	1	2	2	2	0	4	3	3	3	1	2	1	1	3	2	4	3	3	4	3	0	3	1	1	1	4	3	3	1	4	2	4	4	3	2	1	4	2	1	0	2	4	2	1	4	4	2	1	3	4	3	4	1	3	0	3	0	2	3	1	3	3	3	2	1	2	1	0	1
UKSW06-125	UKSW06-125	3	1	3	4	3	2	3	1	2	3	4	3	1	2	2	0	4	3	4	0	1	2	1	4	2	2	1	3	4	2	3	1	4	3	3	3	1	1	3	2	2	1	2	2	2	4	4	3	3	3	1	2	1	1	3	2	4	3	3	4	3	2	3	1	1	1	4	3	3	1	4	2	4	4	3	2	1	4	2	1	1	2	4	2	1	4	4	2	1	3	4	3	4	1	3	2	3	2	2	3	1	3	3	3	2	1	2	1	0	1
UKSW06-130	UKSW06-130	3	1	0	0	3	2	3	0	0	3	4	3	1	2	2	0	4	3	4	0	1	2	1	4	0	2	0	3	0	2	3	1	4	3	3	3	1	1	3	2	2	1	2	2	2	4	4	3	3	3	1	2	1	1	3	2	4	3	3	4	3	2	3	1	0	1	4	3	3	1	4	2	4	4	3	2	1	4	2	1	0	2	4	5	1	4	4	2	1	3	4	3	4	1	3	2	3	2	2	3	1	3	3	3	0	1	2	1	1	1
UKSW06-132	UKSW06-132	1	1	1	3	3	2	3	1	4	3	4	3	1	2	2	4	4	1	4	2	1	1	1	4	2	2	1	3	2	2	3	3	4	3	3	1	3	1	3	4	4	1	2	1	4	4	4	1	3	3	1	4	1	4	1	2	1	1	3	4	1	2	3	3	1	1	4	3	3	3	4	4	4	4	1	4	1	4	3	1	0	2	1	2	1	4	4	2	3	3	4	3	4	1	1	3	1	2	2	1	1	4	3	1	2	1	2	3	0	3
UKSW06-134	UKSW06-134	3	1	1	0	1	4	1	4	4	3	4	4	1	2	4	2	2	3	4	0	1	2	1	4	2	2	1	3	4	3	3	1	2	0	3	3	3	3	4	4	4	1	2	1	2	4	4	1	1	1	1	2	1	4	1	4	4	3	1	4	3	2	1	1	2	1	4	3	3	1	2	4	4	4	3	2	1	4	2	1	2	0	4	1	3	4	4	2	1	3	4	3	4	3	0	2	3	2	2	3	3	3	2	3	2	3	4	1	0	1
UKSW06-135	UKSW06-135	3	1	1	0	1	4	0	4	4	3	4	4	1	2	4	2	2	3	4	0	1	2	1	4	2	2	1	3	4	3	3	1	2	3	3	3	3	3	4	4	4	1	2	1	2	4	4	1	1	1	1	2	1	4	1	4	4	3	1	4	3	2	1	1	2	1	4	3	3	1	2	4	4	4	3	2	1	4	2	1	2	0	4	1	3	4	0	2	1	3	4	3	4	3	0	2	3	2	2	3	3	3	2	3	2	3	4	1	0	1
UKSW06-136	UKSW06-136	3	1	1	4	1	4	0	4	4	3	4	4	1	2	4	2	2	3	4	0	1	2	1	4	2	2	1	3	4	3	3	1	2	0	3	3	3	3	4	4	4	1	2	1	2	4	4	1	1	1	1	2	1	4	1	4	4	3	1	4	3	2	1	1	2	1	4	3	0	1	2	4	4	4	3	2	1	4	2	1	2	0	4	1	3	4	4	2	1	3	4	3	4	3	0	2	3	2	2	3	3	3	2	3	2	3	4	1	1	1
UKSW06-137	UKSW06-137	3	2	0	0	1	2	1	4	4	3	4	3	2	3	2	4	4	1	0	0	1	2	3	4	0	4	1	3	4	2	3	3	4	3	3	3	1	3	4	4	0	2	2	2	2	4	4	1	3	3	1	4	1	4	3	2	4	3	1	3	3	0	3	1	0	2	4	3	3	1	2	2	1	2	0	4	1	4	2	1	0	2	1	2	3	2	0	2	1	1	4	1	4	1	0	0	1	0	2	3	1	3	3	1	2	1	2	3	0	1
UKSW06-138	UKSW06-138	3	2	1	0	1	2	1	4	4	3	4	3	2	3	2	4	4	1	4	0	1	2	3	4	0	4	1	3	4	2	3	3	4	3	3	3	1	3	4	4	4	2	2	2	2	4	4	1	3	3	1	4	1	4	3	2	4	3	1	3	3	2	3	1	2	2	4	3	3	1	2	2	1	2	0	4	1	4	0	1	1	2	1	2	3	2	0	2	1	1	4	1	4	1	0	3	1	0	2	3	1	3	3	1	2	1	2	3	0	1
UKSW06-139	UKSW06-139	1	1	1	3	3	2	3	1	4	3	4	3	1	0	2	4	4	1	4	0	1	1	1	4	0	2	1	3	2	2	3	3	4	3	3	1	3	1	3	4	4	1	2	1	4	4	4	1	3	3	1	4	1	4	1	2	1	1	3	4	1	0	3	3	1	1	4	3	3	3	4	4	4	4	1	4	1	4	3	1	0	2	1	2	1	4	4	2	3	3	4	3	4	1	1	3	1	2	2	1	1	4	3	1	2	1	2	3	0	3
UKSW06-140	UKSW06-140	1	1	1	3	3	2	3	1	4	3	4	3	1	2	2	4	4	1	4	0	1	1	1	4	0	2	1	3	2	2	3	3	4	3	3	1	3	1	3	4	4	1	2	1	4	4	4	1	3	3	1	4	1	4	1	2	1	1	3	4	1	2	3	3	1	1	4	3	3	3	4	4	4	4	1	4	1	4	3	1	1	2	1	2	1	4	4	2	3	3	4	3	4	1	1	3	1	2	2	1	1	4	3	1	2	1	2	3	0	3
UKSW06-141	UKSW06-141	3	2	3	4	3	2	3	4	4	1	4	3	1	2	4	2	2	3	0	0	1	2	1	4	0	2	4	3	2	2	3	3	4	3	3	3	3	3	3	4	4	1	2	1	4	4	3	3	1	3	1	2	1	4	3	2	1	1	3	4	1	2	3	1	2	2	2	4	3	1	4	4	4	4	1	4	1	4	3	1	1	0	4	1	3	2	4	2	3	3	4	3	4	1	1	3	3	2	2	3	1	3	2	1	2	1	2	1	0	1
UKSW06-142	UKSW06-142	1	1	1	0	3	2	3	1	4	3	4	3	1	0	2	4	4	0	4	0	1	1	1	4	2	2	1	3	2	2	3	3	4	3	3	1	3	1	3	4	4	1	2	1	4	4	4	1	3	3	1	4	1	4	1	2	1	1	3	4	1	0	3	3	1	1	4	3	3	3	4	4	4	4	1	4	1	4	3	1	0	0	1	2	1	4	4	2	3	3	4	3	4	1	0	0	1	0	2	1	1	4	3	1	2	1	2	3	0	3
UKSW06-143	UKSW06-143	1	1	1	0	3	2	3	1	4	3	4	3	1	0	2	4	4	0	4	0	1	1	1	4	0	2	1	3	2	2	3	3	4	3	3	1	3	1	3	4	4	1	2	1	4	4	4	1	3	3	1	4	1	4	1	2	1	1	3	4	1	2	3	3	1	1	4	3	0	3	4	4	4	4	1	4	1	4	3	1	0	0	1	2	1	4	4	2	3	3	4	3	4	1	1	3	1	2	2	1	1	4	3	1	2	1	2	3	0	3
UKSW06-145	UKSW06-145	3	2	1	0	1	2	1	4	4	3	4	3	2	3	2	4	4	1	4	0	1	2	3	4	0	4	1	3	4	2	3	3	4	3	3	3	1	3	4	4	4	2	2	2	2	4	4	1	3	3	1	4	1	4	3	2	4	3	1	3	3	2	3	1	2	2	4	3	3	1	2	2	1	2	1	4	1	4	2	1	1	2	1	2	3	2	4	2	1	1	4	1	4	1	0	3	1	2	2	3	1	3	3	1	2	1	2	3	0	1
UKSW06-147	UKSW06-147	3	1	1	0	3	4	1	4	4	3	4	3	1	2	2	4	4	3	4	0	1	2	1	4	0	2	4	3	4	2	3	3	4	1	1	1	3	1	3	4	4	1	2	1	2	2	4	3	1	3	1	2	1	1	1	2	4	1	3	4	3	2	3	1	2	2	4	4	3	3	4	2	4	4	3	2	1	0	2	1	2	0	4	2	1	4	4	2	3	1	3	3	4	1	3	3	1	1	2	1	1	4	3	1	4	1	2	1	0	1
UKSW06-148	UKSW06-148	3	1	1	0	3	4	1	4	4	3	4	3	1	2	2	4	4	3	4	0	1	2	1	4	0	2	4	3	4	2	3	3	4	1	0	1	3	1	3	4	4	1	2	1	2	2	4	3	1	3	1	2	1	1	1	2	4	1	3	4	3	2	3	1	2	2	4	4	3	3	4	2	4	4	3	2	1	2	2	1	2	0	4	2	1	4	4	2	3	1	3	3	4	1	3	3	1	1	2	1	1	4	3	1	4	1	2	1	0	1
UKSW06-149	UKSW06-149	3	1	1	0	3	4	1	4	4	3	4	3	1	0	2	0	4	3	4	0	1	2	1	0	0	0	4	3	4	2	3	0	4	1	1	0	3	0	3	4	4	0	0	1	2	2	4	3	1	3	1	2	1	1	1	2	4	1	3	4	3	0	3	1	2	2	4	0	3	3	4	2	4	4	3	2	1	2	2	1	2	0	4	2	1	4	0	2	3	1	3	3	4	1	0	0	1	1	2	1	1	4	3	1	4	1	0	1	0	1
UKSW06-153	UKSW06-153	1	1	1	3	3	2	3	1	4	3	4	3	1	0	2	4	4	1	4	0	1	1	1	4	0	2	1	3	2	2	3	3	4	3	3	1	3	1	3	4	4	1	2	1	4	4	4	1	3	3	1	4	1	4	1	2	1	1	3	4	1	0	3	3	1	1	4	3	3	3	4	4	4	4	1	4	1	4	3	1	1	2	1	2	1	4	4	2	3	3	4	3	4	1	1	3	1	2	2	1	1	4	3	1	2	1	2	3	1	3
UKSW06-155	UKSW06-155	3	1	3	0	3	2	3	4	4	3	1	4	2	2	2	4	4	1	4	0	1	2	1	4	0	2	1	3	2	3	3	1	4	3	1	1	1	3	4	4	4	1	2	1	2	2	3	1	3	3	1	4	1	4	3	2	1	3	1	3	3	2	3	1	2	2	4	4	0	3	4	4	4	4	3	2	1	2	2	1	2	2	4	2	3	4	4	2	3	1	3	3	4	1	1	3	1	1	2	1	1	3	3	3	2	1	2	1	0	3
UKSW06-156	UKSW06-156	3	1	3	0	3	2	3	4	4	3	1	4	2	2	2	4	4	1	4	0	1	2	1	4	0	2	1	3	2	3	3	1	4	3	1	1	1	3	4	4	4	1	2	1	2	2	3	1	3	3	1	4	1	4	3	2	1	3	1	3	3	0	3	1	2	2	4	4	0	3	4	4	4	4	3	2	1	2	2	1	2	2	4	2	3	4	4	2	3	1	3	3	4	1	1	3	1	1	2	1	1	3	3	3	2	1	2	1	0	3
UKSW06-157	UKSW06-157	3	1	3	0	3	2	3	4	4	3	4	3	2	2	2	4	4	1	4	0	1	2	1	4	0	2	4	3	2	2	3	1	4	3	1	3	3	3	3	4	2	1	2	1	2	4	4	1	3	3	1	4	1	4	3	2	1	3	3	4	1	2	3	1	2	2	4	4	0	3	4	4	4	2	1	4	1	4	2	1	2	2	4	2	3	2	0	2	1	1	4	1	4	1	0	3	1	2	2	3	1	3	3	1	2	1	2	3	0	1
UKSW06-159	UKSW06-159	3	1	3	0	3	2	3	4	4	3	1	4	2	2	2	4	4	1	4	0	1	2	1	4	0	2	1	3	2	3	3	1	4	3	1	1	1	3	4	4	4	1	2	1	2	2	3	1	3	3	1	4	1	4	3	2	1	3	1	3	3	2	3	1	2	2	4	4	4	3	4	4	4	4	3	2	1	2	2	1	0	2	4	2	3	4	4	2	3	1	3	3	4	1	1	3	1	1	2	1	1	3	3	3	2	1	2	1	0	3
UKSW06-160	UKSW06-160	3	1	3	0	3	2	3	4	4	3	1	4	2	0	2	4	4	1	4	0	1	2	1	4	4	2	1	3	2	3	3	1	4	3	1	1	1	3	4	4	4	1	2	1	2	2	3	1	3	3	1	4	1	4	3	2	1	3	1	3	3	0	3	1	2	2	4	4	4	3	4	4	4	4	3	2	1	2	2	1	2	2	4	2	3	4	4	2	3	1	3	3	4	1	1	3	1	1	2	1	1	3	3	3	2	1	2	1	0	3
UKSW06-341	UKSW06-341	3	2	1	0	1	4	3	4	4	3	4	3	2	2	2	2	0	1	2	0	3	2	3	4	2	2	1	3	4	0	3	3	2	1	1	3	3	3	3	4	4	1	2	2	2	2	4	1	3	3	1	2	1	1	3	2	4	3	3	4	3	2	3	1	1	2	4	3	3	0	2	0	1	4	3	2	3	4	2	1	2	4	4	2	1	4	4	2	1	1	3	1	4	1	3	2	1	2	2	3	1	4	3	1	4	1	2	3	1	1
UKSW06-346	UKSW06-346	1	1	1	3	0	2	3	1	4	3	4	3	1	2	2	4	4	1	4	0	1	1	0	4	0	2	1	3	2	2	3	3	4	3	3	1	3	1	3	4	4	1	2	1	0	4	4	1	3	3	1	4	1	4	1	2	1	1	3	4	1	2	3	3	1	1	4	3	3	3	4	4	4	4	1	4	1	4	3	1	1	2	1	2	1	4	4	2	3	3	4	3	4	1	1	3	0	2	2	1	1	4	3	1	2	1	2	3	1	3
UKSW06-347	UKSW06-347	1	1	1	3	3	2	3	1	4	3	4	3	1	2	2	4	4	1	4	0	1	1	1	4	2	2	1	3	2	2	3	3	4	3	3	1	3	1	3	4	4	1	2	1	4	4	4	1	3	3	1	4	1	4	1	2	1	1	3	4	1	2	3	3	1	1	4	3	3	3	4	4	4	4	1	4	1	4	3	1	1	2	1	2	1	4	4	2	3	3	4	3	4	1	1	3	1	2	2	1	1	4	3	1	2	1	2	3	1	3
UKSW06-348	UKSW06-348	1	1	1	3	3	0	3	1	4	0	4	3	1	2	2	4	4	1	4	0	1	1	1	4	2	2	1	3	2	2	3	3	4	0	3	1	3	1	3	4	4	1	2	1	0	4	4	1	3	3	1	4	1	4	1	2	1	1	3	4	0	2	3	3	1	0	4	3	3	3	4	4	4	4	1	0	1	4	3	1	1	2	1	2	1	4	4	2	3	0	4	3	4	1	1	3	1	2	2	1	1	4	3	1	2	1	2	3	1	3
UKSW06-349	UKSW06-349	1	1	1	3	3	2	3	1	4	3	4	3	1	2	2	4	4	1	4	0	0	1	1	4	2	2	1	3	2	2	3	3	4	3	3	1	3	1	3	4	4	1	2	1	0	4	4	1	3	3	1	4	1	4	1	2	1	1	3	4	1	2	3	3	1	1	4	3	3	3	4	4	4	4	1	4	1	4	0	1	0	2	1	2	1	4	4	2	3	3	4	3	4	1	1	3	1	0	2	1	1	4	3	1	2	1	2	3	0	3
UKSW06-350	UKSW06-350	1	1	1	3	3	2	3	1	4	3	4	3	1	2	2	4	4	1	4	0	1	1	1	4	2	2	1	3	2	2	3	3	4	3	3	1	3	1	3	4	4	1	2	1	0	4	4	1	3	3	1	4	1	4	1	2	1	1	3	4	1	2	3	3	1	1	4	3	3	3	4	4	4	4	1	4	1	4	3	1	1	2	1	2	1	4	4	2	3	3	4	3	4	1	1	3	1	2	2	1	1	4	3	1	2	1	2	3	1	3
UKSW06-351	UKSW06-351	1	1	1	3	3	2	3	1	4	3	4	3	1	2	2	4	4	1	4	0	1	1	1	4	2	2	1	3	2	2	3	3	4	3	3	1	3	1	3	4	4	1	2	1	4	4	4	1	3	3	1	4	1	4	1	2	1	1	3	4	1	2	3	3	1	1	4	3	3	3	4	4	4	4	1	4	1	4	3	1	1	2	1	2	1	4	4	2	3	3	4	3	4	1	1	3	1	2	2	1	1	4	3	1	2	1	2	3	1	3
UKSW06-352	UKSW06-352	1	1	1	3	3	2	3	1	4	3	4	3	1	2	2	4	4	1	4	0	1	1	1	4	2	2	1	3	2	2	3	3	4	3	3	1	3	1	3	4	4	1	2	1	4	4	4	1	3	3	1	4	1	4	1	2	1	1	3	4	1	2	3	3	1	1	4	3	3	3	4	4	4	4	1	4	1	4	3	1	1	2	1	2	1	4	4	2	3	3	4	3	4	1	1	3	1	2	2	1	1	4	3	1	2	1	2	3	1	3
UKSW06-353	UKSW06-353	1	1	1	3	3	2	3	1	4	3	4	3	1	2	2	4	4	1	4	0	1	1	1	4	2	2	1	3	2	2	3	3	4	3	3	1	3	1	3	4	4	1	2	1	4	4	4	1	3	3	1	4	1	4	1	2	1	1	3	4	1	2	3	3	1	1	4	3	3	3	4	4	4	4	1	4	1	4	3	1	1	2	1	2	1	4	4	2	3	3	4	3	4	1	1	3	1	2	2	1	1	4	3	1	2	1	2	3	1	3
UKSW06-354	UKSW06-354	1	1	1	3	3	2	3	1	4	3	4	3	1	2	2	4	4	1	4	0	1	1	0	4	0	2	1	3	2	2	3	3	4	3	3	1	3	1	3	4	4	1	2	1	0	4	4	1	3	3	1	4	1	4	1	2	1	1	3	4	1	2	3	3	1	1	4	3	3	3	4	4	4	4	1	4	1	4	3	1	1	2	1	2	1	4	4	2	3	3	4	3	4	1	1	3	0	2	2	1	1	4	3	1	2	1	2	3	1	3
