strain	category	AtMSQTsnp 2	AtMSQTsnp 4	AtMSQTsnp 8	AtMSQTsnp 9	AtMSQTsnp 10	AtMSQTsnp 11	AtMSQTsnp 12	AtMSQTsnp 14	AtMSQTsnp 15	AtMSQTsnp 18	AtMSQTsnp 21	AtMSQTsnp 22	AtMSQTsnp 27	AtMSQTsnp 29	AtMSQTsnp 30	AtMSQTsnp 31	AtMSQTsnp 33	AtMSQTsnp 38	AtMSQTsnp 40	AtMSQTsnp 41	AtMSQTsnp 47	AtMSQTsnp 48	AtMSQTsnp 49	AtMSQTsnp 53	AtMSQTsnp 54	AtMSQTsnp 57	AtMSQTsnp 58	AtMSQTsnp 60	AtMSQTsnp 61	AtMSQTsnp 62	AtMSQTsnp 63	AtMSQTsnp 65	AtMSQTsnp 67	AtMSQTsnp 69	AtMSQTsnp 73	AtMSQTsnp 76	AtMSQTsnp 85	AtMSQTsnp 87	AtMSQTsnp 88	AtMSQTsnp 90	AtMSQTsnp 91	AtMSQTsnp 92	AtMSQTsnp 97	AtMSQTsnp 100	AtMSQTsnp 101	AtMSQTsnp 104	AtMSQTsnp 108	AtMSQTsnp 114	AtMSQTsnp 118	AtMSQTsnp 123	AtMSQTsnp 126	AtMSQTsnp 128	AtMSQTsnp 129	AtMSQTsnp 130	AtMSQTsnp 132	AtMSQTsnp 138	AtMSQTsnp 140	AtMSQTsnp 142	AtMSQTsnp 143	AtMSQTsnp 145	AtMSQTsnp 146	AtMSQTsnp 155	AtMSQTsnp 156	AtMSQTsnp 159	AtMSQTsnp 164	AtMSQTsnp 169	AtMSQTsnp 170	AtMSQTsnp 173	AtMSQTsnp 174	AtMSQTsnp 177	AtMSQTsnp 184	AtMSQTsnp 186	AtMSQTsnp 187	AtMSQTsnp 188	AtMSQTsnp 189	AtMSQTsnp 191	AtMSQTsnp 194	AtMSQTsnp 197	AtMSQTsnp 198	AtMSQTsnp 203	AtMSQTsnp 205	AtMSQTsnp 214	AtMSQTsnp 220	AtMSQTsnp 222	AtMSQTsnp 223	AtMSQTsnp 231	AtMSQTsnp 232	AtMSQTsnp 235	AtMSQTsnp 237	AtMSQTsnp 242	AtMSQTsnp 244	AtMSQTsnp 249	AtMSQTsnp 254	AtMSQTsnp 260	AtMSQTsnp 263	AtMSQTsnp 266	AtMSQTsnp 267	AtMSQTsnp 274	AtMSQTsnp 278	AtMSQTsnp 279	AtMSQTsnp 281	AtMSQTsnp 282	AtMSQTsnp 285	AtMSQTsnp 286	AtMSQTsnp 288	AtMSQTsnp 292	AtMSQTsnp 294	AtMSQTsnp 300	AtMSQTsnp 304	AtMSQTsnp 306	AtMSQTsnp 307	AtMSQTsnp 310	AtMSQTsnp 312	AtMSQTsnp 315	AtMSQTsnp 321	AtMSQTsnp 323	AtMSQTsnp 325	AtMSQTsnp 327	AtMSQTsnp 331	AtMSQTsnp 334	AtMSQTsnp 343	AtMSQTsnp 350	AtMSQTsnp 351	AtMSQTsnp 355	AtMSQTsnp 358	AtMSQTsnp 359	AtMSQTsnp 360	AtMSQTsnp 361	AtMSQTsnp 368	AtMSQTsnp 370	AtMSQTsnp 372	AtMSQTsnp 373	AtMSQTsnp 378	AtMSQTsnp 379	AtMSQTsnp 388	AtMSQTsnp 390	AtMSQTsnp 392	AtMSQTsnp 394	AtMSQTsnp 395	AtMSQTsnp 397	AtMSQTsnp 398	AtMSQTsnp 399	AtMSQTsnp 404	AtMSQTsnp 406	AtMSQTsnp 408	AtMSQTsnp 409	AtMSQTsnp 410	AtMSQTsnp 412	AtMSQTsnp 415
UKNW99-116	UKNW99-116	3	2	1	3	3	2	3	1	2	3	2	3	1	4	4	3	2	2	4	2	2	2	4	1	2	2	1	3	2	3	3	4	2	1	4	3	4	1	1	2	3	3	2	1	1	3	3	3	3	3	4	4	1	2	2	2	3	4	2	2	4	2	1	3	3	4	1	1	2	3	1	1	3	2	4	2	3	3	4	3	1	1	2	2	3	3	2	2	4	4	2	1	4	2	1	4	2	3	2	1	4	2	1	1	4	4	2	1	4	2	4	2	1	1	3	1	4	4	1	3	3	0	2	1	2	2	3	3	1	4	3	1	2	1	1	2	1	1	1
UKNW06-170	UKNW06-170	1	1	1	3	1	4	1	4	2	3	4	3	3	4	2	3	2	3	4	1	4	4	4	3	2	2	4	1	2	1	3	3	2	4	2	1	2	3	3	2	3	1	2	3	3	1	1	3	4	3	4	4	1	2	2	2	1	2	2	2	4	2	3	3	1	1	1	1	4	3	1	4	3	4	4	4	1	1	3	3	0	1	2	2	0	3	2	1	4	4	4	3	4	4	4	4	3	3	2	3	4	3	4	2	0	4	2	3	2	3	4	2	1	3	3	3	3	0	3	3	3	0	2	1	2	2	3	3	3	3	3	1	2	1	3	4	1	1	3
UKNW06-171	UKNW06-171	1	1	1	3	1	4	1	4	2	3	4	3	3	4	2	3	2	3	4	1	4	4	4	3	2	2	4	1	2	1	3	3	2	4	2	1	2	3	3	2	3	1	2	3	3	1	1	3	4	3	4	4	1	2	2	2	1	2	2	2	4	2	3	3	1	1	1	1	4	3	1	4	3	4	4	4	1	1	3	3	0	1	2	2	1	3	2	1	4	4	4	3	4	4	4	4	3	3	2	3	4	3	4	2	0	4	2	3	2	3	0	2	1	3	3	3	3	0	3	3	3	0	2	1	2	2	3	3	3	3	3	1	2	1	3	4	1	1	3
UKNW06-281	UKNW06-281	1	1	1	3	1	4	1	4	2	2	4	3	3	4	2	3	2	2	2	1	4	4	2	1	4	2	4	1	2	3	1	3	4	1	4	3	4	3	3	2	3	3	4	3	3	1	1	3	3	3	4	4	1	2	2	2	3	4	4	2	3	2	3	1	1	1	1	1	2	1	2	4	1	4	1	4	1	1	4	1	1	1	4	2	1	3	1	1	4	3	4	3	2	2	4	2	2	3	2	3	4	3	4	2	4	1	2	1	2	3	2	4	3	3	4	1	4	0	1	3	1	1	3	1	1	2	3	3	3	4	2	1	2	1	1	4	1	1	1
UKNW06-282	UKNW06-282	1	1	1	3	1	4	1	4	2	2	4	3	3	4	2	3	2	2	2	1	4	4	2	1	4	2	4	1	2	3	1	3	4	1	4	3	4	3	3	2	3	3	4	3	3	1	1	3	3	3	4	4	1	2	2	2	3	4	4	2	3	2	3	1	1	1	1	1	2	1	2	4	1	4	1	4	1	1	4	1	1	1	4	2	1	3	1	1	4	3	4	3	2	2	4	2	2	3	2	3	4	3	4	2	4	1	2	1	2	3	2	4	3	3	4	1	4	3	1	3	1	1	3	1	1	2	3	3	3	4	2	1	2	1	1	4	1	1	1
UKNW06-283	UKNW06-283	1	1	1	3	1	4	1	4	2	2	4	3	3	4	2	3	2	2	2	1	4	4	2	1	4	2	4	1	2	3	1	3	4	1	4	3	4	3	3	2	3	3	4	3	3	1	1	3	3	3	4	4	1	2	2	2	3	4	4	2	3	2	3	1	1	1	1	1	2	1	2	4	1	4	1	4	1	1	4	1	1	1	4	2	1	3	1	1	4	3	4	3	2	2	4	2	2	3	2	3	4	3	4	2	4	1	2	1	2	3	2	4	3	3	4	1	4	3	1	3	1	1	3	1	1	2	3	3	3	4	2	1	2	1	1	4	1	1	1
UKNW06-284	UKNW06-284	1	1	1	3	1	4	1	4	2	2	4	3	3	4	2	3	2	2	2	1	4	4	2	1	4	2	4	1	2	3	1	3	4	1	4	3	4	3	3	2	3	3	4	3	3	1	1	3	3	3	4	4	1	2	2	2	3	4	4	2	3	2	3	1	1	1	1	1	2	1	2	4	1	4	1	4	1	1	4	1	1	1	4	2	1	3	1	1	4	3	4	3	2	2	4	2	2	3	2	3	4	3	4	2	4	1	2	1	2	3	2	4	3	3	4	1	4	0	1	3	1	1	3	1	1	2	3	3	3	4	2	1	2	1	1	4	1	1	1
UKNW06-291	UKNW06-291	1	1	1	3	1	4	1	4	2	2	4	3	3	4	2	3	2	2	2	1	4	4	2	6	4	2	4	1	2	3	1	3	4	1	4	3	4	3	3	2	3	3	4	3	3	1	1	3	3	3	4	4	1	2	2	2	3	4	4	2	3	2	3	1	1	1	1	1	2	1	2	4	0	4	0	4	1	1	4	1	1	1	4	2	1	3	1	1	4	3	4	3	2	2	4	2	2	3	2	3	4	3	4	2	4	1	2	1	2	3	0	0	3	3	4	1	4	0	1	3	1	1	0	1	1	2	3	3	3	4	2	1	2	1	1	4	1	1	1
UKNW06-292	UKNW06-292	1	1	1	3	1	4	1	4	2	2	4	3	3	4	0	3	2	2	2	0	4	4	2	1	4	0	0	1	2	3	1	3	4	1	4	3	4	3	3	2	3	3	4	3	3	1	1	3	3	3	4	4	1	2	2	2	0	4	4	2	3	0	3	1	1	1	0	1	2	1	2	4	1	4	1	4	1	1	4	1	1	0	4	2	1	3	1	1	4	3	4	3	2	2	4	2	2	3	2	3	4	3	4	2	4	1	2	1	2	3	2	4	3	3	4	1	4	3	1	3	1	1	3	1	1	2	3	3	3	4	2	1	2	0	1	4	1	1	1
UKNW06-296	UKNW06-296	1	1	1	0	1	4	1	4	2	2	4	3	3	4	2	3	2	2	2	1	4	4	2	1	4	2	4	1	2	3	1	3	4	1	4	3	4	3	3	2	3	3	4	3	3	1	1	3	3	3	4	4	1	2	2	2	3	4	4	2	3	2	3	1	1	1	1	1	2	1	2	4	1	4	1	4	1	1	0	1	1	1	4	2	1	3	1	1	4	3	4	3	2	2	4	2	2	3	0	3	4	3	4	2	4	1	2	1	2	3	2	4	3	0	4	1	4	0	1	3	1	1	3	1	1	2	3	3	3	4	2	1	2	1	1	4	1	1	1
UKNW06-297	UKNW06-297	1	1	1	3	1	4	1	4	2	2	4	3	3	4	2	3	2	2	2	1	4	4	2	1	4	2	4	1	2	3	1	3	4	1	4	3	4	3	3	2	3	3	4	3	3	1	1	3	3	3	4	4	1	2	2	2	3	4	4	2	3	2	3	1	1	1	1	1	2	1	2	4	1	4	1	4	1	1	4	1	1	1	4	2	1	3	1	1	4	3	4	3	2	2	4	2	2	3	2	3	4	3	4	2	4	1	2	1	2	3	2	4	3	3	4	1	4	3	1	3	1	1	3	1	1	2	3	3	3	4	2	1	2	1	1	4	1	1	1
UKNW06-301	UKNW06-301	1	1	1	3	1	4	1	4	2	2	4	3	3	4	2	3	2	2	2	1	4	4	2	1	4	2	4	1	2	3	1	3	4	1	4	3	4	3	3	2	3	3	4	3	3	1	1	3	3	3	4	4	1	2	2	2	3	4	4	2	3	2	3	1	1	1	1	1	2	1	2	4	1	4	1	4	1	1	4	1	1	1	4	2	1	3	1	1	4	3	4	3	2	2	4	2	2	3	2	3	4	3	4	2	4	1	2	1	2	3	2	4	3	3	4	1	4	0	1	3	1	1	3	1	1	2	3	3	3	4	2	1	2	1	1	4	1	1	1
UKNW06-302	UKNW06-302	1	1	1	3	1	4	1	4	2	2	4	3	3	4	2	3	2	2	2	1	4	4	2	1	4	2	4	1	2	3	1	3	4	1	4	3	4	3	3	2	3	3	4	3	3	1	1	3	3	3	4	4	1	2	2	2	3	4	4	2	3	2	3	1	1	1	1	1	2	1	2	4	1	4	1	4	1	1	4	1	1	1	4	2	1	3	1	1	4	3	4	3	2	2	4	2	2	3	2	3	4	3	4	2	4	1	2	1	2	3	2	4	3	3	4	1	4	0	1	3	1	1	3	1	1	2	3	3	3	4	2	1	2	1	1	4	1	1	1
UKNW06-306	UKNW06-306	1	1	1	3	1	4	1	4	2	2	4	3	3	4	2	3	2	2	2	1	4	4	2	1	4	2	4	1	2	3	1	3	4	1	4	3	4	3	3	2	3	3	4	3	3	1	1	3	3	3	4	4	1	2	2	2	3	4	4	2	3	2	3	1	1	1	1	1	2	1	2	4	1	4	1	4	1	1	4	1	1	1	4	2	1	3	1	1	4	3	4	3	2	2	4	2	2	3	2	3	4	3	4	2	4	1	2	1	2	3	2	4	3	3	4	1	4	0	1	3	1	1	3	1	1	2	3	3	3	4	2	1	2	1	1	4	1	1	1
UKNW06-307	UKNW06-307	1	1	1	3	1	4	1	4	2	2	4	3	3	4	2	3	2	2	2	1	4	4	2	1	4	2	4	1	2	3	1	3	4	1	4	3	4	3	3	2	3	3	4	3	3	1	1	3	3	3	4	4	1	2	2	2	3	4	4	2	3	2	3	1	1	1	1	1	2	1	2	4	1	4	1	4	1	1	4	1	1	1	4	2	1	3	1	1	4	3	4	3	2	2	4	2	2	3	2	3	4	3	4	2	4	1	2	1	2	3	2	4	3	3	4	1	4	0	1	3	1	1	3	1	1	2	3	3	3	4	2	1	2	1	1	4	1	1	1
UKNW06-311	UKNW06-311	1	1	1	3	1	4	1	4	2	3	4	3	1	1	2	3	2	3	4	1	4	2	2	3	4	3	4	1	2	3	1	3	4	4	2	3	4	3	3	2	3	1	4	3	3	1	1	3	3	3	4	4	1	2	2	2	3	4	4	2	3	2	3	1	1	4	1	1	2	3	1	4	1	4	4	4	1	1	4	1	1	1	2	2	1	3	1	1	4	3	4	3	4	2	4	4	2	3	2	3	4	3	4	1	4	4	2	1	2	3	2	4	1	3	4	1	3	3	3	3	3	1	2	1	1	4	3	1	3	4	2	1	2	3	1	4	1	1	3
UKNW06-312	UKNW06-312	1	1	1	3	1	4	1	4	2	3	4	3	1	1	2	3	2	3	4	1	4	2	2	3	4	3	4	1	2	3	1	3	4	4	2	3	4	3	3	2	3	1	4	3	3	1	1	3	3	3	4	4	1	2	2	2	3	4	4	2	3	2	3	1	1	4	1	1	2	3	1	4	1	4	4	4	1	1	4	1	1	1	2	2	1	3	1	1	4	3	4	3	4	2	4	4	2	3	2	3	4	3	4	1	4	4	2	1	2	3	2	4	1	3	4	1	3	0	3	3	3	1	2	1	1	4	3	1	3	4	2	1	2	3	1	4	1	1	3
UKNW06-316	UKNW06-316	1	1	1	3	1	4	1	4	2	3	4	3	1	1	2	3	2	3	4	1	4	2	2	3	4	3	4	1	2	3	1	3	4	4	2	3	4	3	3	2	3	1	4	3	3	1	1	3	3	3	4	4	1	2	2	2	3	4	4	2	3	2	3	1	1	4	1	1	2	3	1	4	1	4	4	4	1	1	4	1	1	1	2	2	1	3	1	1	4	3	4	3	4	2	4	4	2	3	2	3	4	3	4	1	4	4	2	1	2	3	2	4	1	3	4	1	3	0	3	3	3	1	2	1	1	4	3	1	3	4	2	1	2	3	1	4	1	1	3
UKNW06-317	UKNW06-317	1	1	1	3	1	4	1	4	2	3	4	3	1	1	2	3	2	3	4	1	4	2	2	3	4	3	4	1	2	3	1	3	4	4	2	3	4	3	3	2	3	1	4	3	3	1	1	3	3	3	4	4	1	2	2	2	3	4	4	2	3	2	3	1	1	4	1	1	2	3	1	4	1	4	4	4	1	1	4	1	1	1	2	2	1	3	1	1	4	3	4	3	4	2	4	4	2	3	2	3	4	3	4	1	4	4	2	1	2	3	2	4	1	3	4	1	3	0	3	3	3	1	2	1	1	4	3	1	3	4	2	1	2	3	1	4	1	1	3
UKNW06-321	UKNW06-321	3	2	3	3	1	2	3	4	4	2	4	3	1	4	2	3	1	2	4	2	2	4	4	1	4	2	1	3	2	1	3	4	2	1	2	3	4	1	1	2	3	3	4	1	1	3	3	3	3	1	4	4	1	2	2	2	3	4	2	2	4	2	1	3	3	4	1	1	2	3	1	4	3	2	4	2	3	1	3	3	1	3	4	2	3	1	2	2	4	3	4	1	4	2	1	4	2	3	2	3	4	2	1	2	2	1	2	1	4	2	4	2	1	1	4	1	4	4	1	1	3	1	3	3	2	4	3	3	1	4	3	1	2	1	1	2	1	1	1
UKNW06-322	UKNW06-322	3	1	3	4	3	4	3	1	4	2	4	1	1	1	4	0	1	0	2	2	4	0	4	0	4	3	1	1	1	3	3	0	0	1	2	3	4	1	3	3	3	0	4	1	1	0	3	0	0	3	4	4	0	0	1	2	1	2	2	2	4	1	3	1	0	4	1	0	0	3	0	1	0	0	0	4	3	1	3	3	1	3	4	0	3	1	1	1	0	0	4	3	0	2	4	0	2	3	4	0	4	2	4	2	4	0	2	3	4	2	0	0	3	1	3	3	0	0	1	1	0	0	0	3	0	2	3	0	3	0	3	1	4	1	0	0	3	1	1
UKNW06-331	UKNW06-331	1	1	1	3	1	4	1	4	2	3	4	3	1	1	2	3	2	3	4	1	4	2	2	3	4	3	4	1	2	3	1	3	4	4	2	3	4	3	3	2	3	1	4	3	3	1	1	3	3	3	4	4	1	2	2	2	3	4	4	2	3	2	3	1	1	4	1	1	2	3	1	4	1	4	4	4	1	1	4	1	1	1	2	2	1	3	1	1	4	3	4	3	4	2	0	4	2	3	2	3	4	3	4	1	4	4	2	1	2	3	2	4	1	3	4	1	3	0	3	3	3	1	2	1	1	4	3	1	3	4	2	1	2	3	1	4	1	1	3
UKNW06-332	UKNW06-332	1	1	1	3	1	4	1	4	2	3	4	3	1	1	2	3	2	3	4	1	4	2	2	3	4	3	4	1	2	3	1	3	4	4	2	3	4	3	3	2	3	1	4	3	3	1	1	3	3	3	4	4	1	2	2	2	3	4	4	2	3	2	3	1	1	4	1	1	2	3	1	4	1	4	4	4	1	1	4	1	1	1	2	2	1	3	1	1	4	3	4	3	4	2	4	4	2	3	2	3	4	3	4	1	4	4	2	1	2	3	2	4	1	3	4	1	3	3	3	3	3	1	2	1	1	4	3	1	3	4	2	1	2	3	1	4	1	1	3
UKNW06-338	UKNW06-338	1	1	1	0	1	4	1	4	2	3	4	3	1	1	2	3	2	3	4	1	4	2	2	3	4	3	4	1	2	3	1	3	4	4	2	3	4	3	3	2	3	1	4	3	3	1	1	3	3	3	4	4	1	2	2	2	3	4	4	2	3	2	3	1	1	4	1	1	2	3	1	4	1	4	4	4	1	1	4	1	1	1	2	2	1	3	1	1	4	3	4	3	4	2	4	4	2	3	2	3	4	3	4	1	4	4	2	1	2	3	2	4	1	3	4	1	3	0	3	3	3	1	2	1	1	4	3	1	3	4	2	1	2	3	1	4	1	1	3
UKNW06-339	UKNW06-339	1	1	1	3	1	4	1	4	2	3	4	3	1	1	2	3	2	3	4	1	4	2	2	3	4	3	4	1	2	3	1	3	4	4	2	3	4	3	3	2	3	1	4	3	3	1	1	3	3	3	4	4	1	2	2	2	3	4	4	2	3	2	3	1	1	4	1	1	2	3	1	4	1	4	4	4	1	1	4	1	1	1	2	2	1	3	1	1	4	3	4	3	4	2	4	4	2	3	2	3	4	3	4	1	4	4	2	1	2	3	2	4	1	3	4	1	3	0	3	3	3	1	2	1	1	4	3	1	3	4	2	1	2	3	1	4	1	1	3
UKNW06-350	UKNW06-350	3	2	3	3	1	2	3	4	4	2	4	3	1	4	2	3	1	2	4	2	2	4	4	1	4	2	1	3	2	1	3	4	2	1	2	3	4	1	1	2	3	3	4	1	1	3	3	3	3	1	4	4	1	2	2	2	3	4	2	2	4	2	1	3	3	4	1	1	2	3	1	4	3	2	4	2	3	1	3	3	1	3	4	2	3	1	2	2	4	3	4	1	4	2	1	4	2	3	2	3	4	2	1	2	2	1	2	1	4	2	4	2	1	1	4	1	4	4	1	1	3	1	3	3	2	4	3	3	1	4	3	1	2	1	1	2	1	1	1
UKNW06-352	UKNW06-352	1	2	1	3	3	4	3	4	4	2	4	3	3	4	4	4	1	2	2	2	2	2	2	1	4	3	1	1	1	1	3	3	2	1	4	3	4	1	1	2	3	3	2	1	3	3	3	1	3	3	4	4	1	2	1	4	1	2	2	1	3	1	1	1	3	1	4	1	2	1	2	1	1	4	1	2	3	3	4	1	3	1	0	4	1	3	2	1	4	3	2	3	4	4	1	4	2	1	2	3	4	3	4	1	0	4	1	3	2	3	2	4	1	3	4	1	4	4	3	3	3	0	3	1	2	2	3	1	1	3	3	1	4	3	3	2	3	1	3
UKNW06-354	UKNW06-354	3	1	1	4	1	2	1	4	2	2	4	3	1	1	2	3	1	2	4	2	2	4	4	1	4	2	1	1	2	3	3	3	4	1	2	3	4	3	1	2	3	3	4	3	1	1	3	3	3	3	4	4	1	2	1	2	1	2	2	2	3	1	1	3	3	1	4	1	4	1	1	4	3	2	1	4	3	1	3	3	1	3	4	2	3	1	2	2	4	4	4	1	4	2	4	4	2	3	4	1	4	2	1	1	4	4	1	3	4	3	2	4	1	1	3	3	4	3	1	1	1	1	3	1	1	2	3	1	1	3	3	3	2	3	1	2	1	1	3
UKNW06-355	UKNW06-355	3	1	1	4	1	2	1	4	2	2	4	3	1	1	2	3	1	2	4	2	2	4	4	1	4	2	1	1	2	3	3	3	4	1	2	3	4	3	1	2	3	3	4	3	1	1	3	3	3	3	4	4	1	2	1	2	1	2	2	2	3	1	1	3	3	1	4	1	4	1	1	4	3	2	1	4	3	1	3	3	1	3	4	2	3	1	2	2	4	4	4	1	4	2	4	4	2	3	4	1	4	2	1	1	4	4	1	3	4	3	2	4	1	1	3	3	4	3	1	1	1	1	3	1	1	2	3	1	1	3	3	3	2	3	1	2	1	1	3
UKNW06-356	UKNW06-356	3	2	3	3	1	2	3	4	4	2	4	3	1	4	2	3	1	2	4	2	2	4	4	1	4	2	1	3	2	1	3	4	2	1	2	3	4	1	1	2	3	3	4	1	1	3	3	3	3	1	4	4	1	2	2	2	3	4	2	2	4	2	1	3	3	4	1	1	2	3	1	4	3	2	4	2	3	1	3	3	1	3	4	2	3	1	2	2	4	3	4	1	4	2	1	4	2	3	2	3	4	2	1	2	2	1	2	1	4	2	4	2	1	1	4	1	4	4	1	1	3	1	3	3	2	4	3	3	1	4	3	1	2	1	1	2	1	1	1
UKNW06-357	UKNW06-357	3	2	3	3	1	2	3	4	4	2	0	3	0	4	0	3	1	2	4	0	2	4	4	1	4	0	0	3	2	1	3	4	2	1	0	3	4	0	0	2	3	3	4	1	1	3	3	3	3	0	4	4	1	2	2	2	0	4	2	2	4	0	1	3	3	4	0	1	2	0	1	4	3	2	4	0	3	1	3	3	1	0	4	2	3	1	2	2	4	3	4	1	4	2	1	4	2	3	2	3	4	2	1	2	2	1	2	1	4	2	4	2	1	1	4	1	4	4	1	1	3	1	3	3	2	4	3	3	1	4	3	1	2	0	1	2	1	1	1
UKNW06-358	UKNW06-358	3	2	3	3	1	2	3	4	4	2	2	3	1	4	2	3	1	2	4	2	2	4	4	1	4	2	1	3	2	1	3	4	2	1	2	3	4	1	1	2	3	3	4	1	1	3	3	3	3	1	4	4	1	2	2	2	3	4	2	2	4	2	1	3	3	4	1	1	2	3	1	4	3	2	4	2	3	1	3	3	1	3	4	2	3	1	2	2	4	3	4	1	4	2	1	4	2	3	2	3	4	2	1	2	2	1	2	1	4	2	4	2	1	1	4	1	4	4	1	1	3	1	3	3	2	4	3	3	1	4	3	1	2	1	1	2	1	1	1
UKNW06-359	UKNW06-359	3	2	3	3	1	2	3	4	4	2	0	3	1	4	2	3	1	2	4	2	2	4	4	1	4	2	1	3	2	1	3	4	2	1	2	3	4	1	1	2	3	3	4	1	1	3	3	3	3	1	4	4	1	2	2	2	3	4	2	2	4	2	1	3	3	4	1	1	2	3	1	4	3	2	4	2	3	1	3	3	1	3	4	2	3	1	2	2	4	3	4	1	4	2	1	4	2	3	2	3	4	2	1	2	2	1	2	1	4	2	4	2	1	1	4	1	4	4	1	1	3	1	3	3	2	4	3	3	1	4	3	1	2	1	1	2	1	1	1
UKNW06-360	UKNW06-360	3	2	3	3	1	2	3	4	4	2	0	3	1	4	2	3	1	2	4	2	2	4	4	1	4	2	1	3	2	1	3	4	2	1	2	3	4	1	1	2	3	3	4	1	1	3	3	3	3	1	4	4	1	2	2	2	3	4	2	2	4	2	1	3	3	4	1	1	2	3	1	4	3	2	4	2	3	1	3	3	1	3	4	2	3	1	2	2	4	3	4	1	4	2	1	4	2	3	2	3	4	2	1	2	2	1	2	1	4	2	4	2	1	1	4	1	4	4	1	1	3	1	3	3	2	4	3	3	1	4	3	1	2	1	1	2	1	1	1
UKNW06-361	UKNW06-361	3	2	3	3	1	2	3	4	4	2	2	3	1	4	2	3	1	2	4	2	2	4	4	1	4	2	1	3	2	1	3	4	2	1	2	3	4	1	1	2	3	3	4	1	1	3	3	3	3	1	4	4	1	2	2	2	3	4	2	2	4	2	1	3	3	4	1	1	2	3	1	4	3	2	4	2	3	1	3	3	1	3	4	2	3	1	2	2	4	3	4	1	4	2	1	4	2	3	2	3	4	2	1	2	2	1	2	1	4	2	4	2	1	1	4	1	4	4	1	1	3	1	3	3	2	4	3	3	1	4	3	1	2	1	1	2	1	1	1
UKNW06-362	UKNW06-362	3	2	3	3	1	2	3	4	4	2	4	3	1	4	2	3	1	2	4	2	2	4	4	1	4	2	1	3	2	1	3	4	2	1	2	3	4	1	1	2	3	3	4	1	1	3	3	3	3	1	4	4	1	2	2	2	3	4	2	2	4	2	1	3	3	4	1	1	2	3	1	4	3	2	4	2	3	1	3	3	1	3	4	2	3	1	2	2	4	3	4	1	4	2	1	4	2	3	2	3	4	2	1	2	2	1	2	1	4	2	4	2	1	1	4	1	4	4	1	1	3	1	3	3	2	4	3	3	1	4	3	1	2	1	1	2	1	1	1
UKNW06-363	UKNW06-363	3	2	3	3	1	2	3	4	4	2	0	3	1	4	2	3	1	2	4	2	2	4	4	1	4	2	1	3	2	1	3	4	2	1	2	3	4	1	1	2	3	3	4	1	1	3	3	3	3	1	4	4	1	2	2	2	3	4	2	2	4	2	1	3	3	4	1	1	2	3	1	4	3	2	4	2	3	1	3	3	1	3	4	2	3	1	2	2	4	3	4	1	4	2	1	4	2	3	2	3	4	2	1	2	2	1	2	1	4	2	4	2	1	1	4	1	4	4	1	1	3	1	3	3	2	4	3	3	1	4	3	1	2	1	1	2	1	1	1
UKNW06-364	UKNW06-364	3	2	3	3	1	2	3	4	4	2	0	3	1	4	2	3	1	2	4	2	2	4	4	1	4	2	1	3	2	1	3	4	2	1	2	3	4	1	1	2	3	3	4	1	1	3	3	3	3	1	4	4	1	2	2	2	3	4	2	2	4	2	1	3	3	4	1	1	2	3	1	4	3	2	4	2	3	1	3	3	1	3	4	2	3	1	2	2	4	3	4	1	4	2	1	4	2	3	2	3	4	2	1	2	2	1	2	1	4	2	4	2	1	1	4	1	4	4	1	1	3	1	3	3	2	4	3	3	1	4	3	1	2	1	1	2	1	1	1
UKNW06-365	UKNW06-365	3	2	3	3	1	2	3	4	4	2	4	3	1	4	2	3	1	2	4	2	2	4	4	1	4	2	1	3	2	1	3	4	2	1	2	3	4	1	1	2	3	3	4	1	1	3	3	3	3	1	4	4	1	2	2	2	3	4	2	2	4	2	1	3	3	4	1	1	2	3	1	4	3	2	4	2	3	1	3	3	1	3	4	2	3	1	2	2	4	3	4	1	4	2	1	4	2	3	2	3	4	2	1	2	2	1	2	1	4	2	4	2	1	1	4	1	4	4	1	1	3	1	3	3	0	4	3	3	1	4	3	1	2	1	1	2	1	1	1
UKNW06-366	UKNW06-366	3	2	3	3	1	2	3	4	4	2	4	3	1	4	2	3	1	2	4	2	2	4	4	1	4	2	1	3	2	1	3	4	2	1	2	3	4	1	1	2	3	3	4	1	1	3	3	3	3	1	4	4	1	2	2	2	3	4	2	2	4	2	1	3	3	4	1	1	2	3	1	4	3	2	4	2	3	1	3	3	1	3	4	2	3	1	2	2	4	3	4	1	4	2	1	4	2	3	2	3	4	2	1	2	2	1	2	1	4	2	4	2	1	1	4	1	4	4	1	1	3	1	3	3	2	4	3	3	1	4	3	1	2	1	1	2	1	1	1
UKNW06-368	UKNW06-368	3	2	3	3	1	2	3	4	4	2	0	3	1	4	2	3	1	2	4	2	2	4	4	1	4	2	1	3	2	1	3	4	2	1	2	3	4	1	1	2	3	3	4	1	1	3	3	3	3	1	4	4	1	2	2	2	3	4	2	2	4	2	1	3	3	4	1	1	2	3	1	4	3	2	4	2	3	1	3	3	1	3	4	2	3	1	2	2	4	3	4	1	4	2	1	4	2	3	2	3	4	2	1	2	2	1	2	1	4	2	4	2	1	1	4	1	4	4	1	1	3	1	3	3	0	4	3	3	1	4	3	1	2	1	1	2	1	1	1
UKNW06-369	UKNW06-369	3	2	3	3	1	2	3	4	4	2	0	3	1	4	2	3	1	2	4	2	2	4	4	1	4	2	1	3	2	1	3	4	2	1	2	3	4	1	1	2	3	3	4	1	1	3	3	3	3	1	4	4	1	2	2	2	3	4	2	2	4	2	1	3	3	4	1	1	2	3	1	4	3	2	4	2	3	1	3	3	1	3	4	2	3	1	2	2	4	3	4	1	4	2	1	4	2	3	2	3	4	2	1	2	2	1	2	1	4	2	4	2	1	1	4	1	4	4	1	1	3	1	3	3	2	4	3	3	1	4	3	1	2	1	1	2	1	1	1
UKNW06-370	UKNW06-370	3	2	3	3	1	2	3	4	4	2	2	3	1	4	2	3	1	2	4	2	2	4	4	1	4	2	1	3	2	1	3	4	2	1	2	3	4	1	1	2	3	3	4	1	1	3	3	3	3	1	4	4	1	2	2	2	3	4	2	2	4	2	1	3	3	4	1	1	2	3	1	4	3	2	4	2	3	1	3	3	1	3	4	2	3	1	2	2	4	3	4	1	4	2	1	4	2	3	2	3	4	2	1	2	2	1	2	1	4	2	4	2	1	1	4	1	4	4	1	1	3	1	3	3	0	4	3	3	1	4	3	1	2	1	1	2	1	1	1
UKNW06-374	UKNW06-374	3	2	3	3	1	2	3	4	4	2	2	3	1	4	2	3	1	2	4	2	2	4	4	1	4	2	1	3	2	1	3	4	2	1	2	3	4	1	1	2	3	3	4	1	1	3	3	3	3	1	4	4	1	2	2	2	3	4	2	2	4	2	1	3	3	4	1	1	2	3	1	4	3	2	4	2	3	1	3	3	1	3	4	2	3	1	2	2	4	3	4	1	4	2	1	4	2	3	2	3	4	2	1	2	2	1	2	1	4	2	4	2	1	1	4	1	4	4	1	1	3	1	3	3	2	4	3	3	1	4	3	1	2	1	1	2	1	1	1
UKNW06-376	UKNW06-376	3	2	3	3	1	2	3	4	4	2	0	3	1	4	2	3	1	2	4	2	2	4	4	1	4	2	1	3	2	1	3	4	2	1	2	3	4	1	1	2	3	3	4	1	1	3	3	3	3	1	4	4	1	2	2	2	3	4	2	2	4	2	1	3	3	4	1	1	2	3	1	4	3	2	4	2	3	1	3	3	1	3	4	2	3	1	2	2	4	3	4	1	4	2	1	4	2	3	2	3	4	2	1	2	2	1	2	1	4	2	4	2	1	1	4	1	4	4	1	1	3	1	3	3	2	4	3	3	1	4	3	1	2	1	1	2	1	1	1
UKNW06-377	UKNW06-377	3	1	3	0	3	4	1	4	4	2	4	1	3	4	4	3	1	2	2	1	4	4	2	1	4	3	1	1	1	3	3	4	4	4	4	3	2	3	1	3	3	3	2	3	3	1	1	3	3	3	4	4	1	2	1	2	3	4	2	1	3	1	3	1	3	1	1	1	2	3	1	4	3	4	4	4	1	3	3	3	3	3	4	2	1	1	2	1	4	4	4	3	4	2	1	4	3	1	2	1	4	2	1	1	2	4	2	1	2	2	4	2	1	1	4	3	4	3	3	3	1	1	2	1	1	2	3	3	3	4	3	1	2	3	1	2	1	1	1
UKNW06-380	UKNW06-380	3	1	3	4	3	4	3	1	4	2	4	1	1	1	4	4	1	2	2	2	4	4	4	3	4	3	1	1	1	3	3	4	4	1	2	3	4	1	3	3	3	1	4	1	1	3	3	3	3	3	4	4	2	4	1	2	1	2	2	2	4	1	3	1	3	4	1	1	4	3	1	1	3	4	4	4	3	1	3	3	1	3	4	2	3	1	1	1	2	3	4	3	2	2	4	2	2	3	4	1	4	2	4	2	4	1	2	3	4	2	2	2	3	1	3	3	4	3	1	1	1	1	2	3	0	2	3	1	3	3	3	1	4	1	3	4	3	1	1
UKNW06-381	UKNW06-381	3	1	3	4	3	4	3	1	4	2	4	1	1	1	4	0	1	0	2	2	4	0	4	0	4	3	1	1	1	3	3	0	0	1	2	3	4	1	3	3	3	0	4	1	1	0	3	0	0	3	4	4	0	0	1	2	1	2	2	2	4	1	3	1	0	4	1	0	0	3	0	1	0	0	0	4	3	1	3	3	1	3	4	0	3	1	1	1	0	0	4	3	0	2	4	0	2	3	4	0	4	2	4	2	4	0	2	3	4	2	0	0	3	1	3	3	0	3	1	1	0	0	0	3	2	2	3	0	3	0	3	1	4	1	0	0	3	1	1
UKNW06-382	UKNW06-382	3	1	3	4	3	4	3	1	4	2	4	1	1	1	4	4	1	2	2	2	4	4	4	3	4	3	1	1	1	3	3	4	4	1	2	3	4	1	3	3	3	1	4	1	1	3	3	3	3	3	4	4	2	4	1	2	1	2	2	2	4	1	3	1	3	4	1	1	4	3	1	1	3	4	4	4	3	1	3	3	1	3	4	2	3	1	1	1	2	3	4	3	2	2	4	2	2	3	4	1	4	2	4	2	4	1	2	3	4	2	2	2	3	1	3	3	4	0	1	1	1	1	2	3	2	2	3	1	3	3	3	1	4	1	3	4	3	1	1
UKNW06-383	UKNW06-383	3	1	3	4	3	4	1	4	4	2	4	1	3	4	4	3	1	2	2	1	4	4	2	1	4	3	1	1	1	3	3	4	4	4	4	3	2	3	1	3	3	3	2	3	3	1	1	3	3	3	4	4	1	2	1	2	3	4	2	1	3	1	3	1	3	1	1	1	2	3	1	4	3	4	4	4	1	3	3	3	3	3	4	2	1	1	2	1	4	4	4	3	4	2	1	4	3	1	2	1	4	2	1	1	2	4	2	1	2	2	4	2	1	1	4	3	4	3	3	3	1	1	2	1	1	2	3	3	3	4	3	1	2	3	1	2	1	1	1
UKNW06-385	UKNW06-385	3	1	3	4	3	4	1	4	4	2	4	1	3	4	4	3	1	2	2	1	4	4	2	1	4	3	1	1	1	3	3	4	4	4	4	3	2	3	1	3	3	3	2	3	3	1	1	3	3	3	4	4	1	2	1	2	3	4	2	1	3	1	3	1	3	1	1	1	2	3	1	4	3	4	4	4	1	3	3	3	3	3	4	2	1	1	2	1	4	4	4	3	4	2	1	4	3	1	2	1	4	2	1	1	2	4	2	1	2	2	4	2	1	1	4	3	4	3	3	3	1	1	2	1	1	2	3	3	3	4	3	1	2	3	1	2	1	1	1
UKNW06-386	UKNW06-386	3	1	3	4	3	4	1	4	4	2	4	1	3	4	4	3	1	2	2	1	4	4	2	1	4	3	1	1	1	3	3	4	4	4	4	3	2	3	1	3	3	3	2	3	3	1	1	3	3	3	4	4	1	2	1	2	3	4	2	1	3	1	3	1	3	1	1	1	2	3	1	4	3	4	4	4	1	3	3	3	3	3	4	2	1	1	2	1	4	4	4	3	4	2	1	4	3	1	2	1	4	2	1	1	2	4	2	1	2	2	4	2	1	1	4	3	4	3	3	3	1	1	2	1	1	2	3	3	3	4	3	1	2	3	1	2	1	1	1
UKNW06-387	UKNW06-387	3	1	3	4	3	4	1	4	4	2	4	1	3	4	4	3	1	2	2	1	4	4	2	1	4	3	1	1	1	3	3	4	4	4	4	3	2	3	1	3	3	3	2	3	3	1	1	3	3	3	4	4	1	2	1	2	3	4	2	1	3	1	3	1	3	1	1	1	2	3	1	4	3	4	4	4	1	3	3	3	3	3	4	2	1	1	2	1	4	4	4	3	4	2	1	4	3	1	2	1	4	2	1	1	2	4	2	1	2	2	4	2	1	1	4	3	4	3	3	3	1	1	2	1	1	2	3	3	3	4	3	1	2	3	1	2	1	1	1
UKNW06-388	UKNW06-388	3	1	3	4	3	4	1	4	4	2	4	1	3	4	4	3	1	2	2	1	4	4	2	1	4	3	1	1	1	3	3	4	4	4	4	3	2	3	1	3	3	3	2	3	3	1	1	3	3	3	4	4	1	2	1	2	3	4	2	1	3	1	3	1	3	1	1	1	2	3	1	4	3	4	4	4	1	3	3	3	3	3	4	2	1	1	2	1	4	4	4	3	4	2	1	4	3	1	2	1	4	2	1	1	2	4	2	1	2	2	4	2	1	1	4	3	4	3	3	3	1	1	2	1	1	2	3	3	3	4	3	1	2	3	1	2	1	1	1
UKNW06-391	UKNW06-391	3	1	3	4	3	4	3	1	4	2	4	1	1	1	4	4	1	2	2	2	4	4	4	3	4	3	1	1	1	3	3	4	4	1	2	3	4	1	3	3	3	1	4	1	1	3	3	3	3	3	4	4	2	4	1	2	1	2	2	2	4	1	3	1	3	4	1	1	4	3	1	1	3	4	4	4	3	1	3	3	1	3	4	2	3	1	1	1	2	3	4	3	2	2	4	2	2	3	4	1	4	2	4	2	4	1	2	3	4	2	2	2	3	1	3	3	4	3	1	1	1	1	2	3	2	2	3	1	3	3	3	1	4	1	3	4	3	1	1
UKNW06-392	UKNW06-392	3	1	3	4	3	4	3	1	4	2	4	1	1	1	4	4	1	2	2	2	4	4	4	3	4	3	1	1	1	3	3	4	4	1	2	3	4	1	3	3	3	1	4	1	1	3	3	3	3	3	4	4	2	4	1	2	1	2	2	2	4	1	3	1	3	4	1	1	4	3	1	1	3	4	4	4	3	1	3	3	1	3	4	2	3	1	1	1	2	3	4	3	2	2	4	2	2	3	4	1	0	2	4	2	4	1	2	3	4	2	2	2	3	1	3	3	4	3	1	1	1	1	2	3	2	2	3	1	3	3	3	1	4	1	3	4	3	1	1
UKNW06-394	UKNW06-394	3	1	3	4	3	4	3	1	4	2	4	1	1	1	4	4	1	2	2	2	4	4	4	3	4	3	1	1	1	3	3	4	4	1	2	3	4	1	3	3	3	1	4	1	1	3	3	3	3	3	4	4	2	4	1	2	1	2	2	2	4	1	3	1	3	4	1	1	4	3	1	1	3	4	4	4	3	1	3	3	1	3	4	2	3	1	1	1	2	3	4	3	2	2	4	2	2	3	4	1	4	2	4	2	4	1	2	3	4	2	2	2	3	1	3	3	4	0	1	1	1	1	2	3	0	2	3	1	3	3	3	1	4	1	3	4	3	1	1
UKNW06-395	UKNW06-395	3	1	3	4	3	4	3	1	4	2	4	1	1	1	4	4	1	2	2	2	4	4	4	3	4	3	1	1	1	3	3	4	4	1	2	3	4	1	3	3	3	1	4	1	1	3	3	3	3	3	4	4	2	4	1	2	1	2	2	2	4	1	3	1	3	4	1	1	4	3	1	1	3	4	4	4	3	1	3	3	1	3	4	2	3	1	1	1	2	3	4	3	2	2	4	2	2	3	4	1	4	2	4	2	4	1	2	3	4	2	2	2	3	1	3	3	4	0	1	1	1	1	2	3	2	2	3	1	3	3	3	1	4	1	3	4	3	1	1
UKNW06-402	UKNW06-402	3	2	3	3	1	2	3	4	4	2	9	3	1	4	2	3	1	2	4	2	2	4	4	1	4	2	1	3	2	1	3	4	2	1	2	3	4	1	1	2	3	3	4	1	1	3	3	3	3	1	4	4	1	2	2	2	3	4	2	2	4	2	1	3	3	4	1	1	2	3	1	4	3	2	4	2	3	1	3	3	1	3	4	2	3	1	2	2	4	3	4	1	4	2	1	4	2	3	2	3	4	2	1	2	2	1	2	1	4	2	4	2	1	1	4	1	4	4	1	1	3	1	3	3	2	4	3	3	1	4	3	1	2	1	1	2	1	1	1
UKNW99-003	UKNW99-003	3	1	3	4	3	4	1	4	4	2	4	1	3	4	4	3	1	2	2	1	4	4	2	1	4	3	1	1	1	3	3	4	4	4	4	3	2	3	1	3	3	3	2	3	3	1	1	3	3	3	4	4	1	2	1	2	3	4	2	1	3	1	3	1	3	1	1	1	2	3	1	4	3	4	4	4	1	3	3	3	3	3	4	2	1	1	2	1	4	4	4	3	4	2	1	4	3	1	2	1	0	2	1	1	2	4	2	1	2	2	4	2	1	1	4	3	4	3	3	3	1	1	2	1	1	2	3	3	3	4	3	1	2	3	1	2	1	1	1
UKNW99-005	UKNW99-005	3	2	1	3	3	2	3	1	2	3	2	3	1	4	4	0	2	0	4	2	2	2	4	0	2	2	1	3	2	3	3	4	2	1	4	3	4	1	1	2	3	3	2	1	1	3	3	3	3	3	4	4	1	2	2	2	3	4	2	2	4	2	1	3	3	4	1	0	2	3	1	1	0	2	0	2	3	3	4	3	1	1	2	2	3	3	2	2	4	4	2	1	4	2	1	4	2	3	2	1	4	2	1	1	4	0	2	1	4	2	0	0	1	1	3	1	0	4	1	3	3	0	2	1	2	2	3	3	1	4	3	1	2	1	1	2	1	1	1
UKNW99-006	UKNW99-006	3	2	1	3	3	2	3	1	2	3	2	3	1	4	4	3	2	2	4	2	2	2	4	1	2	2	1	3	2	3	3	4	2	1	4	3	4	1	1	2	3	3	2	1	1	3	3	3	3	3	4	4	1	2	2	2	3	4	2	2	4	2	1	3	3	4	1	1	2	3	1	1	3	2	4	2	3	3	4	3	1	1	2	2	3	3	2	2	4	4	2	1	4	2	1	4	2	3	2	1	4	2	1	1	4	4	2	1	4	2	4	2	1	1	3	1	4	4	1	3	3	0	2	1	2	2	3	3	1	4	3	1	2	1	1	2	1	1	1
UKNW99-007	UKNW99-007	3	2	1	3	3	2	3	1	2	3	2	3	1	4	4	3	2	2	4	2	2	2	4	1	2	2	1	3	2	3	3	4	2	1	4	3	4	1	1	2	3	3	2	1	1	3	3	3	3	3	4	4	1	2	2	2	3	4	2	2	4	2	1	3	3	4	1	1	2	3	1	1	3	2	4	2	3	3	4	3	1	1	2	2	3	3	2	2	4	4	2	1	4	2	1	4	2	3	2	1	4	2	1	1	4	4	2	1	4	2	4	2	1	1	3	1	4	4	1	3	3	0	2	1	2	2	3	3	1	4	3	1	2	1	1	2	1	1	1
UKNW99-008	UKNW99-008	3	2	1	3	3	2	3	1	2	3	2	3	1	4	4	3	2	2	4	2	2	2	4	1	2	2	1	3	2	3	3	4	2	1	4	3	4	1	1	2	3	3	2	1	1	3	3	3	3	3	4	4	1	2	2	2	3	4	2	2	4	2	1	3	3	4	1	1	2	3	1	1	3	2	4	2	3	3	4	3	1	1	2	2	3	3	2	2	4	4	2	1	4	2	1	4	2	3	2	1	4	2	1	1	4	4	2	1	4	2	4	2	1	1	3	1	4	4	1	3	3	0	2	1	2	2	3	3	1	4	3	1	2	1	1	2	1	1	1
UKNW99-009	UKNW99-009	3	2	1	3	3	2	3	1	2	3	2	3	1	4	4	3	2	2	4	2	2	2	4	1	2	2	1	3	2	3	3	4	2	1	4	3	4	1	1	2	3	3	2	1	1	3	3	3	3	3	4	4	1	2	2	2	3	4	2	2	4	2	1	3	3	4	1	1	2	3	1	1	3	2	4	2	3	3	4	3	1	1	2	2	3	3	2	2	4	4	2	1	4	2	1	4	2	3	2	1	4	2	1	1	4	4	2	1	4	2	4	2	1	1	3	1	4	4	1	3	3	0	2	1	2	2	3	3	1	4	3	1	2	1	1	2	1	1	1
UKNW99-010	UKNW99-010	1	1	1	3	3	2	3	4	2	2	2	3	1	1	2	4	2	2	2	1	2	4	2	1	4	2	4	1	1	1	3	3	2	4	2	3	4	1	1	2	3	1	4	1	3	3	1	3	3	3	4	2	1	2	1	4	3	4	4	2	3	1	1	3	3	1	1	1	4	3	1	4	1	2	1	4	1	3	4	1	1	1	4	2	1	1	1	1	4	4	4	3	2	2	4	2	2	1	2	1	4	2	1	1	2	4	1	3	2	2	4	2	1	1	4	1	3	0	1	1	3	1	2	3	1	2	3	3	3	3	2	1	2	1	1	2	1	1	1
UKNW99-012	UKNW99-012	1	1	1	3	3	2	3	4	2	2	2	3	1	1	2	4	2	2	2	1	2	4	2	1	4	2	4	1	1	1	3	3	2	4	2	3	4	1	1	2	3	1	4	1	3	3	1	3	3	3	4	2	1	2	1	4	3	4	4	2	3	1	1	3	3	1	1	1	4	3	1	4	1	2	1	4	1	3	4	1	1	1	4	2	1	1	1	1	4	4	4	3	2	2	4	2	2	1	2	1	4	2	1	1	2	4	1	3	2	2	4	2	1	1	4	1	3	0	1	1	3	1	2	3	1	2	3	3	3	3	2	1	2	1	1	2	1	1	1
UKNW99-016	UKNW99-016	3	2	1	3	3	2	3	1	2	3	2	3	1	4	4	3	2	2	4	2	2	2	4	1	2	2	1	3	2	3	3	4	2	1	4	3	4	1	1	2	3	3	2	1	1	3	3	3	3	3	4	4	1	2	2	2	3	4	2	2	4	2	1	3	3	4	1	1	2	3	1	1	3	2	4	2	3	3	4	3	1	1	2	2	3	3	2	2	4	4	2	1	4	2	1	4	2	3	2	1	4	2	1	1	4	4	2	1	4	2	4	2	1	1	3	1	4	4	1	3	3	0	2	1	0	2	3	3	1	4	3	1	2	1	1	2	1	1	1
UKNW99-017	UKNW99-017	3	2	1	3	3	2	3	1	2	3	2	3	1	4	4	3	2	2	4	2	2	2	4	1	2	2	1	3	2	3	3	4	2	1	4	3	4	1	1	2	3	3	2	1	1	3	3	3	3	3	4	4	1	2	2	2	3	4	2	2	4	2	1	3	3	4	1	1	2	3	1	1	3	2	4	2	3	3	4	3	1	1	2	2	3	3	2	2	4	4	2	1	4	2	1	4	2	3	2	1	4	2	1	1	4	4	2	1	4	2	4	2	1	1	3	1	4	4	1	3	3	0	2	1	2	2	3	3	1	4	3	1	2	1	1	2	1	1	1
UKNW99-018	UKNW99-018	1	1	1	3	3	2	3	4	2	2	2	3	1	1	2	4	2	2	2	1	2	4	2	1	4	2	4	1	1	1	3	3	2	4	2	3	4	1	1	2	3	1	4	1	3	3	1	3	3	3	4	2	1	2	1	4	3	4	4	2	4	1	3	3	3	4	1	1	4	3	1	4	1	2	1	4	1	3	4	1	1	1	4	2	1	1	1	1	4	4	4	3	2	2	4	2	2	1	2	1	4	2	1	1	2	4	1	3	2	2	4	2	1	1	4	1	3	0	1	1	3	1	2	3	1	2	3	3	3	3	2	1	2	1	1	2	1	1	1
UKNW99-021	UKNW99-021	3	2	3	3	1	2	3	4	4	2	2	3	1	4	2	3	1	2	2	1	2	4	4	3	4	2	1	3	2	3	1	4	2	4	2	3	4	1	1	2	3	3	4	1	1	1	3	3	3	3	4	4	1	2	2	2	3	4	2	1	4	2	1	3	3	4	4	1	4	3	1	4	1	4	4	2	1	1	3	3	1	3	2	2	3	1	1	2	4	3	4	3	2	4	1	4	2	1	2	3	4	2	4	2	4	4	2	3	2	2	2	2	1	1	4	1	4	4	1	3	3	1	3	3	0	2	3	3	1	3	2	1	4	1	1	2	3	1	1
UKNW99-023	UKNW99-023	3	2	3	3	1	2	3	4	4	2	2	3	1	4	2	3	1	2	2	1	2	4	4	3	4	2	1	3	2	3	1	4	2	4	2	3	4	1	1	2	3	3	4	1	1	1	3	3	3	3	4	4	1	2	2	2	3	4	2	1	4	2	1	3	3	4	4	1	4	3	1	4	1	4	4	2	1	1	3	3	1	3	2	2	3	1	1	2	4	3	4	3	2	4	1	4	2	1	2	3	4	2	4	2	4	4	2	3	2	2	2	2	1	1	4	1	4	4	1	3	3	1	3	3	2	2	3	3	1	3	2	1	4	1	1	2	3	1	1
UKNW99-024	UKNW99-024	3	2	3	3	1	2	3	4	4	2	2	3	1	4	2	3	1	2	2	1	2	4	4	3	4	2	1	3	2	3	1	4	2	4	2	3	4	1	1	2	3	3	4	1	1	1	3	3	3	3	4	4	1	2	2	2	3	4	2	1	4	2	1	3	3	4	4	1	4	3	1	4	1	4	4	2	1	1	3	3	1	3	2	2	3	1	1	2	4	3	4	3	2	4	0	4	2	1	2	3	4	2	4	2	4	4	2	3	2	2	2	2	1	1	4	1	4	4	1	3	3	1	3	3	0	2	3	3	1	3	2	1	4	1	1	2	3	1	1
UKNW99-025	UKNW99-025	3	2	3	3	1	2	3	4	4	2	2	3	1	4	2	3	1	2	2	1	2	4	4	3	4	2	1	3	2	3	1	4	2	4	2	3	4	1	1	2	3	3	4	1	1	1	3	3	3	3	4	4	1	2	2	2	3	4	2	1	4	2	1	3	3	4	4	1	4	3	1	4	1	4	4	2	1	1	3	3	1	3	2	2	3	1	1	2	4	3	4	3	2	4	1	4	2	1	2	3	4	2	4	2	4	4	2	3	2	2	2	2	1	1	4	1	4	4	1	3	3	1	3	3	2	2	3	3	1	3	2	1	4	1	1	2	3	1	1
UKNW99-026	UKNW99-026	3	2	3	3	1	2	3	4	4	2	0	3	1	4	2	3	1	2	2	1	2	4	4	3	4	2	1	3	2	3	1	4	2	4	2	3	4	1	1	2	3	3	4	1	1	1	3	3	3	3	4	4	1	2	2	2	3	4	2	1	4	2	1	3	3	4	4	1	4	3	1	4	1	4	4	2	1	1	3	3	1	3	2	2	3	1	1	2	4	3	4	3	2	4	1	4	2	1	2	3	4	2	4	2	4	4	2	3	2	2	2	2	1	1	4	1	4	4	1	3	3	1	3	3	2	2	3	3	1	3	2	1	4	1	1	2	3	1	1
UKNW99-027	UKNW99-027	3	2	3	3	1	2	3	4	4	2	2	3	1	4	2	3	1	2	2	1	2	4	4	3	4	2	1	3	2	3	1	4	2	4	2	3	4	1	1	2	3	3	4	1	1	1	3	3	3	3	4	4	1	2	2	2	3	4	2	1	4	2	1	3	3	4	4	1	4	3	1	4	1	4	4	2	1	1	3	3	1	3	2	2	3	1	1	2	4	3	4	3	2	4	1	4	2	1	2	3	4	2	4	2	4	4	2	3	2	2	2	2	1	1	4	1	4	4	1	3	3	1	3	3	2	2	3	3	1	3	2	1	4	1	1	2	3	1	1
UKNW99-028	UKNW99-028	3	2	3	3	1	2	3	4	4	2	2	3	1	4	2	3	1	2	4	2	2	4	4	1	4	2	1	3	2	1	3	4	2	1	2	3	4	1	1	2	3	3	4	1	1	3	3	3	3	1	4	4	1	2	2	2	3	4	2	2	4	2	1	3	3	4	1	1	2	3	1	4	3	2	4	2	3	1	3	3	1	3	4	2	3	1	2	2	4	3	4	1	4	2	1	4	2	3	2	3	4	2	1	2	2	1	2	1	4	2	4	2	1	1	4	1	4	4	1	1	3	1	3	3	2	4	3	3	1	4	3	1	2	1	1	2	1	1	1
UKNW99-038	UKNW99-038	3	2	1	3	3	2	3	1	2	3	2	3	1	4	0	3	2	2	2	1	4	2	4	3	4	3	0	1	2	1	3	3	4	4	2	3	4	1	1	2	3	1	4	1	1	3	3	3	4	1	4	4	2	2	1	2	0	4	2	2	4	0	1	3	3	4	1	1	2	3	1	4	3	4	4	4	1	1	4	3	1	1	2	2	3	3	2	2	4	4	2	1	4	4	4	2	2	3	2	1	4	2	1	1	4	4	2	3	4	2	2	2	3	1	4	3	4	0	1	1	3	1	2	1	2	2	3	1	3	3	3	3	2	0	1	2	1	1	1
UKNW99-040	UKNW99-040	3	2	1	0	3	2	3	1	4	2	2	3	1	4	0	3	2	2	2	1	2	4	4	1	4	2	4	1	1	3	3	4	2	1	2	3	2	3	3	3	3	3	2	3	3	1	3	3	3	3	4	4	2	2	2	2	0	4	2	1	4	2	1	3	3	4	4	1	2	3	1	4	1	4	4	4	3	1	3	3	1	3	2	2	3	1	1	2	4	4	2	3	2	4	4	2	2	3	2	1	4	2	4	2	4	1	2	3	2	3	4	2	1	1	3	1	4	4	1	3	1	1	3	3	2	2	3	3	1	4	3	1	4	1	1	2	1	1	1
UKNW99-047	UKNW99-047	3	2	3	0	1	2	3	4	4	2	2	3	1	4	2	3	1	2	4	2	2	4	4	1	4	2	1	3	2	1	3	4	2	1	2	3	4	1	1	2	3	3	4	0	1	3	3	3	3	1	4	4	1	2	2	2	3	4	2	2	4	2	0	3	3	4	1	1	2	3	1	4	3	2	4	2	3	1	3	3	1	3	4	2	3	1	2	0	4	3	4	1	4	2	1	4	2	3	0	3	4	2	1	2	2	1	2	1	4	2	4	2	1	1	4	1	4	4	1	1	3	1	3	3	2	4	3	3	1	4	3	1	2	1	1	2	1	1	1
UKNW99-048	UKNW99-048	3	2	3	3	1	2	3	4	4	2	0	3	1	4	2	3	1	2	4	2	2	4	4	1	4	2	1	3	2	1	3	4	2	1	2	3	4	1	1	2	3	3	4	1	1	3	3	3	3	1	4	4	1	2	2	2	3	4	2	2	4	2	1	3	3	4	1	1	2	3	1	4	3	2	4	2	3	1	3	3	1	3	4	2	3	1	2	2	4	3	4	1	4	2	0	4	2	3	2	3	4	2	1	2	2	1	2	1	4	2	4	2	1	1	4	1	4	4	1	1	3	1	3	3	0	4	3	3	1	4	3	1	2	1	1	2	1	1	1
UKNW99-049	UKNW99-049	3	2	1	3	3	2	3	1	2	3	2	3	1	4	4	3	2	2	4	2	2	2	4	1	2	2	1	3	2	3	3	4	2	1	4	3	4	1	1	2	3	3	2	1	1	3	3	3	3	3	4	4	1	2	2	2	3	4	2	2	4	2	1	3	3	4	1	1	2	3	1	1	3	2	4	2	3	3	4	3	1	1	2	2	3	3	2	2	4	4	2	1	4	2	1	4	2	3	2	1	4	2	1	1	4	4	2	1	4	2	4	2	1	1	3	1	4	4	1	3	3	0	2	1	0	2	3	3	1	4	3	1	2	1	1	2	1	1	1
UKNW99-050	UKNW99-050	3	2	3	3	1	2	3	4	4	2	0	3	1	4	2	3	1	2	4	2	2	4	4	1	4	2	1	3	2	1	3	4	2	1	2	3	4	1	1	2	3	3	4	1	1	3	3	3	3	1	4	4	1	2	2	2	3	4	2	2	4	2	1	3	3	4	1	1	2	3	1	4	3	2	4	2	3	1	3	3	1	3	4	2	3	1	2	2	4	3	4	1	4	2	1	4	2	3	2	3	4	2	1	2	2	1	2	1	4	2	4	2	1	1	4	1	4	4	1	1	3	1	3	3	2	4	3	3	1	4	3	1	2	1	1	2	1	1	1
UKNW99-052	UKNW99-052	3	2	3	0	1	2	3	4	4	2	0	3	1	4	2	3	1	2	4	2	2	4	4	1	4	2	1	3	2	1	3	4	2	1	2	3	4	1	1	2	3	3	4	1	1	3	3	3	3	1	4	4	1	2	2	2	3	4	2	2	4	2	1	3	3	4	1	1	2	3	1	4	3	2	4	2	3	1	3	3	1	3	4	2	3	1	2	2	4	3	4	1	4	2	1	4	2	3	2	3	4	2	1	2	2	1	2	1	4	2	4	2	1	1	4	1	4	4	1	1	3	1	3	3	2	4	3	3	1	4	3	1	2	1	1	2	1	1	1
UKNW99-053	UKNW99-053	3	2	3	0	1	2	3	4	4	2	4	3	1	4	2	3	1	2	2	1	2	4	4	3	4	2	1	3	2	3	1	4	2	4	2	3	4	1	1	2	3	3	4	1	1	1	3	3	3	3	4	4	1	2	2	2	3	4	2	1	4	2	1	3	3	4	4	1	4	3	1	4	1	4	4	2	1	1	3	3	1	3	2	2	3	1	1	2	4	3	4	3	2	4	0	4	2	1	2	3	4	2	4	2	4	4	2	3	2	2	2	2	1	1	4	1	4	4	1	3	3	1	3	3	2	2	3	3	1	3	2	1	4	1	1	2	3	1	1
UKNW99-054	UKNW99-054	3	2	3	0	1	2	3	4	4	2	0	3	1	4	2	3	1	2	4	2	2	4	4	1	4	2	1	3	2	1	3	4	2	1	2	3	4	1	1	2	3	3	4	1	1	3	3	3	3	1	4	4	1	2	2	2	3	4	2	2	4	2	1	3	3	4	1	1	2	3	1	4	3	2	4	2	3	1	3	3	1	3	4	2	3	1	2	2	4	3	4	1	4	2	1	4	2	3	2	3	4	2	1	2	2	1	2	1	4	2	4	2	1	1	4	1	4	4	1	1	3	1	3	3	2	4	3	3	1	4	3	1	2	1	1	2	1	1	1
UKNW99-055	UKNW99-055	3	2	1	3	3	2	3	1	2	3	2	3	1	4	4	3	2	2	4	2	2	2	4	1	2	2	1	3	2	3	3	4	2	1	4	3	4	1	1	2	3	3	2	1	1	3	3	3	3	3	4	4	1	2	2	2	3	4	2	2	4	2	1	3	3	4	1	1	2	3	1	1	3	2	4	2	3	3	4	3	1	1	2	2	3	3	2	2	4	4	2	1	4	2	1	4	2	3	2	1	4	2	1	1	4	4	2	1	4	2	4	2	1	1	3	1	4	4	1	3	3	3	2	1	2	2	3	3	1	4	3	1	2	1	1	2	1	1	1
UKNW99-056	UKNW99-056	3	2	3	0	1	2	3	4	4	2	2	3	1	4	2	3	1	2	4	2	2	4	4	1	4	2	1	3	2	1	3	4	2	1	2	3	4	1	1	2	3	3	4	1	1	3	3	3	3	1	4	4	1	2	2	2	3	4	2	2	4	2	1	3	3	4	1	1	2	3	1	4	3	2	4	2	3	1	3	3	1	3	4	2	3	1	2	2	4	3	4	1	4	2	1	4	2	3	2	3	4	2	1	2	2	1	2	1	4	2	4	2	1	1	4	1	4	4	1	1	3	1	3	3	0	4	3	3	1	4	3	1	2	1	1	2	1	1	1
UKNW99-069	UKNW99-069	3	1	1	0	1	2	1	4	2	2	4	3	1	1	2	3	1	2	4	2	2	4	4	1	4	2	1	1	2	3	3	3	4	1	2	3	4	3	1	2	3	3	4	3	1	1	3	3	3	3	4	4	1	2	1	2	1	2	2	2	3	1	1	3	3	1	4	1	4	1	1	4	3	2	1	4	3	1	3	3	1	3	4	2	3	1	2	2	4	4	4	1	4	2	4	4	2	3	4	1	4	2	1	1	4	4	1	3	4	3	2	4	1	1	3	3	4	3	1	1	1	1	3	1	1	2	3	1	1	3	3	3	2	3	1	2	1	1	3
UKNW99-070	UKNW99-070	3	2	3	0	1	2	3	4	4	2	4	3	1	4	2	3	1	2	4	2	2	4	4	1	4	2	1	3	2	1	3	4	2	1	2	3	4	1	1	2	3	3	4	1	1	3	3	3	3	1	4	4	1	2	2	2	3	4	2	2	4	2	1	3	3	4	1	1	2	3	1	4	3	2	4	2	3	1	3	3	1	3	4	2	3	1	2	2	4	3	4	1	4	2	1	4	2	3	2	3	4	2	1	2	2	1	2	1	4	2	4	2	1	1	4	1	4	4	1	1	3	1	3	3	0	4	3	3	1	4	3	1	2	1	1	2	1	1	1
UKNW99-071	UKNW99-071	3	1	1	0	1	2	1	4	2	2	4	3	1	1	2	3	1	2	4	2	2	4	4	1	4	2	1	1	2	3	3	3	4	1	2	3	4	3	1	2	3	3	4	3	1	1	3	3	3	3	4	4	1	2	1	2	1	2	2	2	3	1	1	3	3	1	4	1	4	1	1	4	3	2	1	4	3	1	3	3	0	3	4	2	3	1	2	2	4	4	4	1	4	2	4	4	2	3	4	1	4	2	1	1	4	4	1	3	4	3	2	4	1	1	3	3	4	0	1	1	1	1	3	1	1	2	3	1	1	3	3	3	2	3	1	2	1	0	3
UKNW99-075	UKNW99-075	3	2	1	0	1	2	1	4	4	2	2	3	1	4	4	3	2	3	2	1	4	2	4	3	4	2	1	3	2	3	3	4	2	1	4	3	4	1	1	2	3	3	2	1	1	3	3	3	3	3	4	4	2	4	1	2	3	4	4	1	4	2	1	3	3	4	1	1	2	3	1	1	3	2	1	4	1	3	4	3	1	3	2	2	3	1	2	2	4	3	9	3	2	2	4	4	2	3	2	3	4	2	1	2	4	4	2	3	4	2	4	2	1	1	3	1	4	4	1	3	3	0	2	3	0	2	3	3	1	3	3	1	2	1	1	2	3	1	1
UKID44	UKID44	3	1	3	4	3	4	3	1	4	2	4	1	1	1	4	4	1	2	2	2	4	4	4	3	4	3	1	1	1	3	3	4	4	1	2	3	4	1	3	3	3	1	4	1	1	3	3	3	3	3	4	4	2	4	1	2	1	2	2	2	4	1	0	1	3	4	1	1	4	3	1	1	3	4	4	4	0	1	3	3	1	3	0	2	3	1	1	1	2	3	4	3	2	2	4	2	2	3	4	1	0	2	4	2	4	1	2	3	4	2	2	2	3	1	3	3	4	3	1	1	1	1	2	3	0	2	3	1	3	3	0	1	4	1	3	0	3	1	1
UKID45	UKID45	3	2	1	3	3	2	3	1	2	3	2	3	1	4	2	3	2	2	2	1	4	2	4	3	4	3	1	1	2	1	3	3	4	4	2	3	4	1	1	2	3	1	4	1	1	3	3	3	4	1	4	4	2	2	1	2	3	4	2	2	4	2	1	3	3	4	1	1	2	3	1	4	3	4	4	4	0	1	4	3	1	1	2	2	3	3	2	2	9	4	2	1	4	4	4	2	2	3	0	1	0	2	1	1	4	4	2	3	4	2	0	2	3	1	4	3	4	0	1	1	3	1	2	1	2	2	3	1	3	3	0	3	2	1	1	0	1	1	1
CS28424	CS28424	3	1	3	4	3	4	3	1	4	2	4	1	1	1	4	4	1	2	2	2	4	4	4	3	4	3	1	1	1	3	3	4	4	1	2	3	4	1	3	0	3	1	4	1	1	3	3	3	3	3	4	4	2	4	1	2	1	2	2	2	4	1	0	1	3	4	1	1	4	3	1	1	3	4	4	4	0	1	3	3	1	3	4	2	3	1	1	1	2	3	4	3	2	2	4	2	2	3	4	1	4	0	4	2	4	1	2	3	4	2	2	2	3	1	3	3	4	3	1	1	1	1	2	3	2	2	3	1	3	3	0	1	4	1	3	0	3	1	1
UKID49	UKID49	3	2	1	3	3	2	3	1	2	3	2	3	1	4	2	3	2	2	2	1	4	2	4	3	4	3	1	1	2	1	3	3	4	4	2	3	4	1	1	2	3	1	4	1	1	3	3	3	4	1	4	4	2	2	1	2	3	4	2	2	4	0	1	3	3	4	1	1	2	3	1	4	3	4	4	4	0	1	4	3	1	1	2	2	3	3	2	2	9	4	2	1	4	4	4	2	2	3	2	1	0	2	1	1	4	4	2	3	4	2	2	2	3	1	4	3	4	0	1	1	3	1	2	1	2	2	3	1	3	3	0	3	2	1	1	0	1	1	1
UKNW06-270	UKNW06-270	3	2	3	0	1	2	3	4	4	2	4	3	1	4	2	3	1	2	4	2	2	4	4	1	4	2	1	3	2	1	3	4	2	1	2	3	4	1	1	2	3	3	4	1	1	3	3	3	3	1	4	4	1	2	2	2	3	4	2	2	4	2	1	3	3	4	1	1	2	3	1	4	3	2	4	2	3	1	3	3	1	3	4	2	3	1	2	2	4	3	4	1	4	2	1	4	2	3	2	3	4	2	1	2	2	1	2	1	4	2	4	2	1	1	4	1	4	4	1	1	3	0	3	3	2	4	3	3	1	4	3	1	2	1	1	2	1	1	1
UKNW06-271	UKNW06-271	3	2	1	0	1	4	3	4	4	2	2	3	1	4	4	3	2	2	4	2	2	2	4	1	2	2	1	3	2	3	3	4	2	1	4	3	4	1	1	2	3	3	2	0	1	3	3	3	3	3	4	4	1	2	2	2	3	4	2	2	4	2	1	3	3	4	1	1	2	3	1	1	3	2	4	2	3	3	4	3	0	3	4	2	3	1	1	2	4	3	9	3	2	2	1	4	2	3	2	3	4	2	1	2	0	4	2	1	4	2	0	2	1	1	3	1	4	4	1	3	3	0	2	1	2	2	3	3	1	4	3	1	4	1	1	2	3	0	1
UKNW06-273	UKNW06-273	3	1	3	0	3	4	3	1	4	2	4	1	1	1	4	4	1	2	2	2	4	4	4	3	0	3	1	1	1	3	3	4	4	1	2	3	4	1	3	3	3	1	4	1	1	3	3	3	3	3	4	4	2	4	1	2	1	2	2	2	4	1	3	1	3	4	1	1	4	3	1	1	3	4	4	4	3	1	3	3	0	3	4	2	3	1	1	1	2	3	4	3	2	2	4	2	2	3	4	1	4	2	4	2	0	1	2	3	4	2	2	2	3	1	3	3	4	0	1	1	1	0	2	3	2	2	3	1	3	3	3	1	4	1	3	4	3	0	1
UKNW06-274	UKNW06-274	3	1	3	4	3	4	3	1	4	2	4	1	1	1	4	4	1	2	2	2	4	4	4	3	4	3	1	1	1	3	3	4	4	1	2	3	4	1	3	3	3	1	4	1	1	3	3	3	3	3	4	4	2	4	1	2	1	2	2	2	4	1	3	1	3	4	1	1	4	3	1	1	3	4	4	4	3	1	3	3	1	3	4	2	3	1	1	1	2	3	4	3	2	2	4	2	2	3	4	1	4	2	4	2	0	1	2	3	4	2	2	2	3	1	3	3	4	0	1	1	1	1	2	3	2	2	3	1	3	3	3	1	4	1	3	4	3	1	1
UKNW06-275	UKNW06-275	3	1	3	4	3	4	3	1	4	2	4	1	1	1	4	4	1	2	2	2	4	4	4	3	4	3	1	1	1	3	3	4	4	1	2	3	4	1	3	3	3	1	4	0	1	3	3	3	3	3	4	4	2	4	1	2	1	2	2	2	4	1	3	1	3	4	1	1	4	3	1	1	3	4	4	4	3	1	3	3	0	3	4	2	3	1	1	1	2	3	4	3	2	2	4	2	2	3	4	1	4	2	4	2	0	1	2	3	4	2	2	2	3	1	3	3	4	0	1	1	1	0	2	3	2	2	3	1	3	3	3	1	4	1	3	4	3	1	1
UKNW06-276	UKNW06-276	3	1	3	4	3	4	3	1	4	2	4	1	1	1	4	4	1	2	2	2	4	4	4	3	4	3	1	1	1	3	3	4	4	1	2	3	4	1	3	3	3	1	4	1	1	3	3	3	3	3	4	4	2	4	1	2	1	2	2	2	4	1	3	1	3	4	1	1	4	3	1	1	3	4	4	4	3	1	3	3	0	3	4	2	3	1	1	1	2	3	4	3	2	2	4	2	2	3	4	1	4	2	4	2	0	1	2	3	4	2	2	2	3	1	3	3	4	0	1	1	1	0	2	3	2	2	3	1	3	3	3	1	4	1	3	4	3	1	1
UKNW06-277	UKNW06-277	3	2	1	3	3	2	3	1	2	3	2	3	1	4	2	3	2	2	2	1	4	2	4	3	4	3	1	1	2	1	3	3	4	4	2	3	4	1	1	2	3	1	4	1	1	3	3	3	4	1	4	4	2	2	1	2	3	4	2	2	4	2	1	3	3	4	1	1	2	3	1	4	3	4	4	4	1	1	4	3	1	1	2	2	3	3	2	2	4	4	2	1	4	4	4	2	2	3	2	1	4	2	1	1	4	4	2	3	4	2	2	2	3	1	4	3	4	0	1	1	3	1	2	1	0	2	3	1	3	3	3	3	2	1	1	2	1	1	1
UKID10	UKID10	3	1	3	4	3	4	3	1	4	2	4	1	1	1	4	4	1	2	2	2	4	4	4	3	4	3	1	1	1	3	3	4	4	1	2	3	4	1	3	3	3	1	4	1	1	3	3	3	3	3	4	4	2	4	1	2	1	2	2	2	4	1	0	1	3	4	1	1	4	3	1	1	3	4	4	4	0	1	3	3	1	3	0	2	3	1	1	1	2	3	4	3	2	2	4	2	2	3	4	1	0	2	4	2	4	1	2	3	4	2	0	2	3	1	3	3	4	3	1	1	1	1	2	3	2	2	3	1	3	3	0	1	4	1	3	0	3	1	1
UKNW06-220	UKNW06-220	1	1	1	0	1	4	0	4	2	3	4	3	1	1	2	3	0	3	4	1	4	2	2	3	4	3	4	1	2	3	1	3	4	4	2	3	4	3	3	2	3	1	4	3	3	1	1	3	0	3	4	4	1	2	2	2	3	4	4	2	0	2	0	1	1	4	1	1	2	3	1	4	1	4	4	4	1	1	4	1	0	1	2	2	0	3	1	1	4	3	4	3	4	2	4	4	2	3	2	3	4	3	4	1	9	4	2	1	2	3	0	4	1	3	4	1	3	0	3	3	3	0	2	1	1	4	3	1	3	4	2	1	2	3	1	4	1	0	3
UKNW06-221	UKNW06-221	1	1	1	0	1	4	1	4	2	3	4	3	1	1	2	3	2	3	4	1	4	2	2	3	4	3	4	1	2	3	1	3	4	4	2	3	4	3	3	2	3	1	4	3	3	1	1	3	3	3	4	4	1	2	2	2	3	4	4	2	3	2	3	1	1	4	1	1	2	3	1	4	1	4	4	4	1	1	4	1	0	1	2	2	1	3	1	1	4	3	4	3	4	2	4	4	2	3	2	3	4	3	4	1	0	4	2	1	2	3	2	4	1	3	4	1	3	0	3	3	3	1	2	1	1	4	3	1	3	4	2	1	2	3	1	4	1	0	3
UKNW06-223	UKNW06-223	1	1	1	0	1	4	1	4	2	3	4	3	1	1	2	3	2	3	4	1	4	2	2	3	4	3	4	1	2	3	1	3	4	4	2	3	4	3	3	2	3	1	4	3	3	1	1	3	3	3	4	4	1	2	2	2	3	4	4	2	3	2	3	1	1	4	1	1	2	3	1	4	1	4	4	4	1	1	4	1	0	1	2	2	1	3	1	1	4	3	4	3	4	2	4	4	2	3	2	3	4	3	4	1	0	4	2	1	2	3	0	4	1	3	4	1	3	0	3	3	3	0	2	1	1	4	3	1	3	4	2	1	2	3	1	4	1	0	3
UKNW06-224	UKNW06-224	1	1	1	0	0	4	0	4	2	0	4	0	1	1	0	3	5	3	4	1	4	2	0	3	4	3	0	1	2	3	0	3	4	7	2	3	4	0	3	2	3	1	4	3	0	0	0	3	0	3	4	4	0	2	2	2	3	0	0	2	0	0	3	1	0	4	1	1	2	3	1	4	0	4	4	4	1	1	4	1	0	0	0	2	6	3	1	1	0	3	4	3	4	2	4	4	2	3	2	3	4	3	4	1	0	0	2	1	0	0	2	4	0	3	0	0	3	0	3	0	3	0	2	1	1	9	3	1	3	0	2	1	9	0	0	4	6	0	3
UKNW06-225	UKNW06-225	1	1	1	3	1	4	0	4	2	3	4	3	1	1	2	3	2	3	4	1	4	2	2	3	4	3	4	1	2	3	1	3	4	4	2	3	4	3	3	2	3	1	4	3	3	1	1	3	0	3	4	4	1	2	2	2	3	4	4	2	3	2	3	1	1	4	1	1	2	3	1	4	1	4	4	4	1	1	4	1	0	1	2	2	1	3	1	1	4	3	4	3	4	2	4	4	2	3	2	3	4	3	4	1	0	4	2	1	2	3	0	4	1	3	4	1	3	0	3	3	3	0	2	1	1	4	3	1	3	4	2	1	2	3	1	4	1	0	3
UKNW06-226	UKNW06-226	1	1	1	0	1	4	1	4	2	3	4	3	1	1	2	3	2	3	4	1	4	2	2	3	4	3	4	1	2	3	1	3	4	4	2	3	4	3	3	2	3	1	4	3	3	1	1	3	3	3	4	4	1	2	2	2	3	4	4	2	3	2	3	1	1	4	1	1	2	3	1	4	1	4	4	4	1	1	4	1	0	1	2	2	1	3	1	1	4	3	4	3	4	2	4	4	2	3	2	3	4	3	4	1	0	4	2	1	2	3	2	4	1	3	4	1	3	0	3	3	3	0	2	1	1	4	3	1	3	4	2	1	2	3	1	4	1	0	3
UKNW06-227	UKNW06-227	1	1	1	3	1	4	1	4	2	3	4	3	1	1	2	3	0	3	4	1	4	2	2	3	4	3	4	1	2	3	1	3	4	4	2	3	4	3	3	2	3	1	4	3	3	1	1	3	3	3	4	4	1	2	2	2	3	4	4	2	3	2	0	1	1	4	1	1	2	3	1	4	1	4	4	4	1	1	4	1	0	1	2	2	1	3	1	1	4	3	4	3	4	2	4	4	2	3	2	3	4	3	4	1	0	4	2	1	2	3	0	4	1	3	4	1	3	0	3	3	3	0	2	1	1	4	3	1	3	4	2	1	2	3	1	4	1	0	3
UKNW06-228	UKNW06-228	1	1	1	3	1	4	1	4	2	3	4	3	1	1	2	3	0	3	4	1	4	2	2	3	4	3	4	1	2	3	1	3	4	4	2	3	4	3	3	2	3	1	4	3	3	1	1	3	3	3	4	4	1	2	2	2	3	4	4	2	3	2	3	1	1	4	1	1	2	3	1	4	1	4	4	4	1	1	4	1	0	1	2	2	0	3	1	1	4	3	4	3	4	2	4	4	2	3	2	3	4	3	4	1	0	4	2	1	2	3	2	4	1	3	4	1	3	0	3	3	3	1	2	1	1	4	3	1	3	4	2	1	2	3	1	4	1	0	3
UKNW06-229	UKNW06-229	1	1	1	3	1	4	1	4	2	3	4	3	1	1	2	3	2	3	4	1	4	2	2	3	4	3	4	1	2	3	1	3	4	4	2	3	4	3	3	2	3	1	4	3	3	1	1	3	3	3	4	4	1	2	2	2	3	4	4	2	3	2	3	1	1	4	1	1	2	3	1	4	1	4	4	4	1	1	4	1	0	1	2	2	1	3	1	1	4	3	4	3	4	2	4	4	2	3	2	3	4	3	4	1	0	4	2	1	2	3	0	4	1	3	4	1	3	0	3	3	3	1	2	1	1	4	3	1	3	4	2	1	2	3	1	4	1	0	3
UKNW06-230	UKNW06-230	3	2	1	3	3	2	3	1	2	3	2	3	1	4	4	3	2	2	4	2	2	2	4	1	2	2	1	3	2	3	3	4	2	1	4	3	4	1	1	2	3	3	2	1	1	3	3	3	3	3	4	4	1	2	2	2	3	4	2	2	4	2	1	3	3	4	1	1	2	3	1	1	3	2	4	2	3	3	4	3	0	1	2	2	3	3	2	2	4	4	2	1	4	2	1	4	2	3	2	1	4	2	1	1	0	4	2	1	4	2	0	2	1	1	3	1	4	4	1	3	3	0	2	1	2	2	3	3	1	4	3	1	2	1	1	2	1	0	1
UKNW06-231	UKNW06-231	3	2	1	0	3	2	3	1	2	3	2	3	1	4	4	3	2	2	4	2	2	2	4	1	2	2	1	3	2	3	3	4	2	1	4	3	4	1	1	2	3	3	2	1	1	3	3	3	3	3	4	4	1	2	2	2	3	4	2	2	4	0	1	3	3	4	1	1	2	3	1	1	3	2	4	2	3	3	4	3	0	1	2	2	3	3	2	2	4	4	2	1	4	2	1	4	2	3	2	1	4	2	1	1	0	4	2	1	4	2	0	2	1	1	3	1	4	0	1	3	3	0	2	1	2	2	3	3	1	4	3	1	2	1	1	2	1	0	1
UKNW06-232	UKNW06-232	3	2	1	3	3	2	3	4	2	2	2	1	1	4	4	4	1	2	2	1	2	4	4	1	4	2	1	1	2	3	3	3	4	1	4	1	4	3	3	2	3	3	2	1	1	1	1	3	4	1	2	2	2	2	1	2	3	4	2	2	3	0	3	1	3	4	4	4	2	1	2	4	1	4	4	2	1	1	4	1	3	1	2	4	1	1	1	2	2	4	4	1	4	2	4	4	3	1	4	1	4	3	1	1	0	1	2	3	2	3	2	4	3	3	3	3	3	0	3	3	1	0	2	1	1	2	1	1	1	3	3	3	4	1	1	2	3	0	1
UKNW06-233	UKNW06-233	3	2	1	3	3	9	3	4	0	2	4	3	6	4	4	4	1	2	2	5	2	9	9	1	4	8	1	1	5	6	3	3	2	1	4	1	4	3	3	2	3	3	2	0	0	6	3	1	3	3	4	4	1	2	1	2	1	2	2	1	3	0	1	1	3	1	4	1	2	1	2	1	1	4	1	2	3	0	4	1	3	1	2	4	1	6	5	5	4	3	2	1	4	2	4	4	3	1	4	1	4	3	1	1	0	1	1	3	2	3	2	4	1	3	4	1	10	0	3	3	1	3	2	1	5	2	6	1	1	3	3	6	0	1	1	2	3	1	1
UKNW06-237	UKNW06-237	1	1	1	3	1	4	1	4	2	3	4	3	1	1	2	3	2	3	4	1	4	2	2	3	4	3	4	1	2	3	1	3	4	4	2	3	4	3	3	2	3	1	4	3	3	1	1	3	3	3	4	4	1	2	2	2	3	4	4	2	3	2	3	1	1	4	1	1	2	3	1	4	1	4	4	4	1	1	4	1	0	1	2	2	1	3	1	1	4	3	4	3	4	2	4	4	2	3	2	3	4	3	4	1	0	4	2	1	2	3	0	4	1	3	4	1	3	0	3	3	3	1	2	1	1	4	3	1	3	4	2	1	2	3	1	4	1	1	3
UKNW06-259	UKNW06-259	3	0	1	0	3	2	3	4	2	3	4	3	1	1	2	4	1	2	2	1	2	2	2	1	4	2	1	1	2	3	1	4	4	1	2	3	4	1	3	2	3	3	2	0	3	3	1	3	4	3	4	4	1	4	1	2	3	4	4	2	4	1	1	3	3	4	4	1	2	3	1	1	1	2	4	2	3	3	3	3	0	3	4	4	1	3	1	1	4	4	4	3	4	2	4	4	2	3	2	1	4	2	1	1	2	1	2	3	2	2	0	2	1	3	4	1	4	0	1	3	1	0	3	3	2	2	1	3	1	4	2	3	2	3	1	2	1	0	1
