strain	category	AtMSQTsnp 2	AtMSQTsnp 4	AtMSQTsnp 8	AtMSQTsnp 9	AtMSQTsnp 10	AtMSQTsnp 11	AtMSQTsnp 12	AtMSQTsnp 14	AtMSQTsnp 15	AtMSQTsnp 18	AtMSQTsnp 21	AtMSQTsnp 22	AtMSQTsnp 27	AtMSQTsnp 29	AtMSQTsnp 30	AtMSQTsnp 31	AtMSQTsnp 33	AtMSQTsnp 38	AtMSQTsnp 40	AtMSQTsnp 41	AtMSQTsnp 47	AtMSQTsnp 48	AtMSQTsnp 49	AtMSQTsnp 53	AtMSQTsnp 54	AtMSQTsnp 57	AtMSQTsnp 58	AtMSQTsnp 60	AtMSQTsnp 61	AtMSQTsnp 62	AtMSQTsnp 63	AtMSQTsnp 65	AtMSQTsnp 67	AtMSQTsnp 69	AtMSQTsnp 73	AtMSQTsnp 76	AtMSQTsnp 85	AtMSQTsnp 87	AtMSQTsnp 88	AtMSQTsnp 90	AtMSQTsnp 91	AtMSQTsnp 92	AtMSQTsnp 97	AtMSQTsnp 100	AtMSQTsnp 101	AtMSQTsnp 104	AtMSQTsnp 108	AtMSQTsnp 114	AtMSQTsnp 118	AtMSQTsnp 123	AtMSQTsnp 126	AtMSQTsnp 128	AtMSQTsnp 129	AtMSQTsnp 130	AtMSQTsnp 132	AtMSQTsnp 138	AtMSQTsnp 140	AtMSQTsnp 142	AtMSQTsnp 143	AtMSQTsnp 145	AtMSQTsnp 146	AtMSQTsnp 155	AtMSQTsnp 156	AtMSQTsnp 159	AtMSQTsnp 164	AtMSQTsnp 169	AtMSQTsnp 170	AtMSQTsnp 173	AtMSQTsnp 174	AtMSQTsnp 177	AtMSQTsnp 184	AtMSQTsnp 186	AtMSQTsnp 187	AtMSQTsnp 188	AtMSQTsnp 189	AtMSQTsnp 191	AtMSQTsnp 194	AtMSQTsnp 197	AtMSQTsnp 198	AtMSQTsnp 203	AtMSQTsnp 205	AtMSQTsnp 214	AtMSQTsnp 220	AtMSQTsnp 222	AtMSQTsnp 223	AtMSQTsnp 231	AtMSQTsnp 232	AtMSQTsnp 235	AtMSQTsnp 237	AtMSQTsnp 242	AtMSQTsnp 244	AtMSQTsnp 249	AtMSQTsnp 254	AtMSQTsnp 260	AtMSQTsnp 263	AtMSQTsnp 266	AtMSQTsnp 267	AtMSQTsnp 274	AtMSQTsnp 278	AtMSQTsnp 279	AtMSQTsnp 281	AtMSQTsnp 282	AtMSQTsnp 285	AtMSQTsnp 286	AtMSQTsnp 288	AtMSQTsnp 292	AtMSQTsnp 294	AtMSQTsnp 300	AtMSQTsnp 304	AtMSQTsnp 306	AtMSQTsnp 307	AtMSQTsnp 310	AtMSQTsnp 312	AtMSQTsnp 315	AtMSQTsnp 321	AtMSQTsnp 323	AtMSQTsnp 325	AtMSQTsnp 327	AtMSQTsnp 331	AtMSQTsnp 334	AtMSQTsnp 343	AtMSQTsnp 350	AtMSQTsnp 351	AtMSQTsnp 355	AtMSQTsnp 358	AtMSQTsnp 359	AtMSQTsnp 360	AtMSQTsnp 361	AtMSQTsnp 368	AtMSQTsnp 370	AtMSQTsnp 372	AtMSQTsnp 373	AtMSQTsnp 378	AtMSQTsnp 379	AtMSQTsnp 388	AtMSQTsnp 390	AtMSQTsnp 392	AtMSQTsnp 394	AtMSQTsnp 395	AtMSQTsnp 397	AtMSQTsnp 398	AtMSQTsnp 399	AtMSQTsnp 404	AtMSQTsnp 406	AtMSQTsnp 408	AtMSQTsnp 409	AtMSQTsnp 410	AtMSQTsnp 412	AtMSQTsnp 415
MNF-Riv-1	MNF-Riv-1	0	2	1	3	3	4	1	4	2	2	2	1	3	4	4	3	1	2	4	1	2	2	2	1	4	2	4	2	1	2	1	3	3	4	4	1	2	3	4	1	1	2	1	1	4	1	3	1	3	3	3	1	4	4	4	1	2	1	4	1	1	2	4	1	3	2	3	1	3	4	4	4	4	1	2	1	1	2	1	2	0	3	4	1	3	1	2	4	1	3	2	2	2	3	4	1	2	4	4	2	2	3	2	3	3	2	2	1	1	2	4	2	3	2	3	2	2	4	3	3	4	3	3	3	3	3	3	1	3	3	2	4	1	1	1	4	0	1	2	1	3	0	3	1	3
MNF-Riv-2	MNF-Riv-2	3	2	1	3	3	4	1	4	2	2	2	1	3	4	4	3	1	2	4	1	2	2	2	1	4	2	4	2	1	0	1	3	3	4	4	1	2	3	4	1	1	2	1	1	4	1	3	1	3	3	3	1	4	4	4	1	2	1	4	1	1	2	4	1	3	2	3	1	3	4	4	4	4	1	2	1	1	2	1	2	0	3	4	1	3	1	2	4	1	3	2	2	2	3	4	1	2	4	4	2	2	3	2	3	3	2	2	1	1	2	4	2	3	2	3	2	2	4	3	3	4	3	3	3	3	3	3	1	3	3	2	4	1	1	1	4	0	1	2	1	3	0	3	1	3
MNF-Riv-5	MNF-Riv-5	3	2	1	3	3	4	1	4	2	2	2	1	3	4	4	3	1	2	4	1	2	2	2	1	4	2	4	2	1	2	1	3	3	4	4	1	2	3	4	1	1	2	1	1	4	1	3	1	3	3	3	1	4	4	4	1	2	1	4	1	1	2	4	1	3	2	3	1	3	4	4	4	4	1	2	1	1	2	1	2	0	3	4	1	3	1	2	4	0	3	2	2	2	3	4	1	2	4	4	2	2	3	2	3	3	2	2	1	1	2	4	2	3	2	3	2	2	4	3	3	4	3	3	3	3	3	3	1	3	3	2	4	1	1	1	4	0	1	2	1	3	0	3	1	3
MNF-Riv-6	MNF-Riv-6	0	2	1	3	3	4	1	4	2	2	2	1	3	4	4	3	1	2	4	1	2	2	2	1	4	2	4	2	1	2	1	3	3	4	4	1	2	3	4	1	1	2	1	1	4	1	3	1	3	3	3	1	4	4	4	1	2	1	4	1	1	2	4	1	3	2	3	1	3	4	4	4	4	1	2	1	1	2	1	2	0	3	4	1	3	1	2	4	1	3	2	2	2	3	4	1	2	4	4	2	2	3	2	3	3	2	2	1	1	2	4	2	3	2	3	2	2	4	3	3	4	3	3	3	3	3	3	1	3	3	0	4	1	1	1	4	0	1	2	1	3	0	3	1	3
MNF-Riv-8	MNF-Riv-8	0	2	1	3	3	4	1	4	0	2	2	1	3	4	4	3	1	2	4	1	2	2	2	1	4	2	4	2	1	2	1	3	3	4	4	1	2	3	4	1	1	2	1	1	4	1	3	1	3	3	3	1	4	4	4	1	2	1	4	1	1	2	0	1	3	2	3	1	3	4	4	4	4	1	2	1	1	2	1	2	0	3	4	1	3	1	2	4	1	3	2	2	2	3	4	1	2	4	4	2	2	0	2	3	3	2	0	1	1	2	4	2	3	2	3	2	2	4	3	3	4	3	3	3	0	3	3	1	3	3	2	4	1	1	1	4	0	1	2	1	3	0	3	1	3
MNF-Riv-7	MNF-Riv-7	3	2	1	3	3	4	1	4	2	2	2	1	3	4	4	3	1	2	4	1	2	2	2	1	4	2	4	2	1	2	1	3	3	4	4	1	2	3	4	1	1	2	1	1	4	1	3	1	3	3	3	1	4	4	4	1	2	1	4	1	1	2	4	1	3	2	3	1	3	4	4	4	4	1	2	1	1	2	1	2	0	3	4	1	3	1	2	4	1	3	2	2	2	3	4	1	2	4	4	2	2	3	2	3	3	2	2	1	1	2	4	2	3	2	3	2	2	4	3	3	4	3	3	3	3	3	3	1	3	3	2	4	1	1	1	4	0	1	2	1	3	0	3	1	3
MNF-Riv-10	MNF-Riv-10	3	2	1	3	3	4	1	4	2	2	2	1	3	4	4	3	1	2	4	1	2	2	2	1	4	2	4	2	1	2	1	3	3	4	4	1	2	3	4	1	1	2	1	1	4	1	3	1	3	3	3	1	4	4	4	1	2	1	4	1	1	2	4	1	3	2	3	1	3	4	4	4	4	1	2	1	1	2	1	2	0	3	4	1	3	1	2	4	1	3	2	2	2	3	4	1	2	4	4	2	2	3	2	3	3	2	2	1	1	2	4	2	3	2	3	2	2	4	3	3	4	3	3	3	3	3	3	1	3	3	2	4	1	1	1	4	0	1	2	1	3	0	3	1	3
MNF-Riv-11	MNF-Riv-11	0	2	1	3	3	4	1	4	2	2	2	1	3	4	4	3	1	2	4	1	2	2	2	1	4	2	4	2	1	2	1	3	3	4	4	1	2	3	4	1	1	2	1	1	4	1	3	1	3	3	3	1	4	4	4	1	2	1	4	1	1	2	4	1	3	2	3	1	3	4	4	4	4	1	2	1	1	2	1	2	0	3	4	1	3	1	2	4	1	3	2	2	2	3	4	1	2	4	4	2	2	3	2	3	3	2	2	1	1	2	4	2	3	2	3	2	2	4	3	3	4	3	3	3	3	3	3	1	3	3	2	4	1	1	1	4	0	1	2	1	3	0	3	1	3
MNF-Riv-12	MNF-Riv-12	0	2	1	3	3	4	1	4	2	2	2	1	3	4	4	3	1	2	4	1	2	2	2	1	4	2	4	2	1	2	1	3	3	4	4	1	2	3	4	1	1	2	1	1	4	1	3	1	3	3	3	1	4	4	4	1	2	1	4	1	1	2	4	1	3	2	3	1	3	4	4	4	4	1	2	1	1	2	1	2	0	3	4	1	3	1	2	4	1	3	2	2	2	3	4	1	2	4	4	2	2	3	2	3	3	2	2	1	1	2	4	2	3	2	3	2	2	4	3	3	4	3	3	3	3	3	3	1	3	3	2	4	1	1	1	4	0	1	2	1	3	0	3	1	3
MNF-Riv-13	MNF-Riv-13	0	2	1	3	3	4	1	4	0	2	2	1	3	4	4	3	1	2	4	1	2	2	2	1	0	2	4	2	0	2	1	3	3	4	4	1	2	0	4	1	1	2	1	1	4	1	0	1	0	3	3	1	4	0	4	1	2	1	4	1	1	2	0	1	0	2	3	1	3	4	4	4	4	1	2	1	1	2	1	2	0	0	4	1	0	1	2	4	0	3	0	2	2	3	4	1	2	4	4	2	2	0	2	3	3	0	2	1	1	2	4	0	3	2	0	2	2	4	3	3	4	3	3	3	0	3	3	1	3	3	2	4	1	1	1	4	0	1	0	1	3	0	3	0	0
MNF-Riv-16	MNF-Riv-16	0	2	1	3	3	4	1	4	2	2	2	1	3	4	4	3	1	2	4	1	2	2	2	1	4	2	4	2	1	2	1	3	3	4	4	1	2	3	4	1	1	2	1	1	4	1	3	1	3	3	3	1	4	4	4	1	2	1	4	1	1	2	4	1	3	2	3	1	3	4	4	4	4	1	2	1	1	2	1	2	0	3	4	1	3	1	2	4	1	3	2	2	2	3	4	1	2	4	4	2	2	3	2	3	3	2	2	1	1	2	4	2	3	2	3	2	2	4	3	3	4	3	3	3	3	3	3	1	3	3	2	4	1	1	1	4	0	1	2	1	3	0	3	1	3
MNF-Riv-17	MNF-Riv-17	0	2	1	3	3	4	1	4	2	2	2	1	3	4	4	3	1	2	4	1	2	2	2	1	4	2	4	2	1	2	1	3	3	4	4	1	2	3	4	1	1	2	1	1	4	1	3	1	3	3	3	1	4	4	4	1	2	1	4	1	1	2	4	1	3	2	3	1	3	4	4	4	4	1	2	1	1	2	1	2	0	3	4	1	3	1	2	4	1	3	2	2	2	3	4	1	2	4	4	2	2	3	2	3	3	2	2	1	1	2	4	2	3	2	3	2	2	4	3	3	4	3	3	3	3	3	3	1	3	3	0	4	1	1	1	4	0	1	2	1	3	0	3	1	3
MNF-Riv-19	MNF-Riv-19	0	2	1	3	3	4	1	4	0	2	2	1	3	4	4	3	1	2	4	1	2	2	2	1	4	2	4	2	1	2	1	3	3	4	4	1	2	3	4	1	1	2	1	1	4	1	3	1	3	3	3	1	4	0	4	1	2	1	4	1	1	2	4	1	3	2	3	1	3	4	4	4	4	1	2	1	1	2	1	2	0	3	4	1	3	1	2	4	0	3	2	2	2	3	4	1	2	4	4	2	2	3	2	3	3	2	2	1	1	2	4	2	3	2	3	2	2	4	3	3	4	3	3	3	3	3	3	1	3	3	2	4	1	1	1	4	0	1	2	1	3	0	3	1	3
MNF-Riv-21	MNF-Riv-21	0	2	1	3	3	4	1	4	2	2	2	1	3	4	4	3	1	2	4	1	2	2	2	1	4	2	4	2	1	2	1	3	3	4	4	1	2	3	4	1	1	2	1	1	4	1	3	1	3	3	3	1	4	0	4	1	2	1	4	1	1	2	4	1	3	2	3	1	3	4	4	4	4	1	2	1	1	2	1	2	0	3	4	1	3	1	2	4	1	3	2	2	2	3	4	1	2	4	4	2	2	3	2	3	3	0	2	1	1	2	4	2	3	2	3	2	2	4	3	3	4	3	3	3	3	3	3	1	3	3	5	4	1	1	1	4	0	1	2	1	3	0	3	1	3
MNF-Riv-22	MNF-Riv-22	0	2	1	3	3	4	1	4	2	2	2	1	3	4	4	3	1	2	4	1	2	2	2	1	4	2	4	2	1	2	1	3	3	4	4	1	2	3	4	1	1	2	1	1	4	1	3	1	3	3	3	1	4	4	4	1	2	1	4	1	1	2	4	1	3	2	3	1	3	4	4	4	4	1	2	1	1	2	1	2	0	3	4	1	3	1	2	4	1	3	2	2	2	3	4	1	2	4	4	2	2	3	2	3	3	2	2	1	1	2	4	2	3	2	3	2	2	4	3	3	4	3	3	3	3	3	3	1	3	3	2	4	1	1	1	4	0	1	2	1	3	0	3	1	3
MNF-Riv-23	MNF-Riv-23	0	2	1	3	3	4	1	4	2	2	2	1	3	4	4	3	1	2	4	1	2	2	2	1	4	2	4	2	1	2	1	3	3	4	4	1	2	3	4	1	1	2	1	1	4	1	3	1	3	3	3	1	4	4	4	1	2	1	4	1	1	2	4	1	3	2	3	1	3	4	4	4	4	1	2	1	1	2	1	2	0	3	4	1	3	1	2	4	1	3	2	2	2	3	4	1	2	4	4	2	2	3	2	3	3	2	2	1	1	2	4	2	3	2	3	2	2	4	3	3	4	3	3	3	3	3	3	1	3	3	2	4	1	1	1	4	0	1	2	1	3	0	3	1	3
MNF-Riv-24	MNF-Riv-24	0	2	1	3	3	4	1	4	2	2	2	1	3	4	4	3	1	2	4	1	2	2	2	1	4	2	4	2	1	2	1	3	3	4	4	1	2	3	4	1	1	2	1	1	4	1	3	1	3	3	3	1	4	4	4	1	2	1	4	1	1	2	4	1	3	2	3	1	3	4	4	4	4	1	2	1	1	2	1	2	0	3	4	1	3	1	2	4	1	3	2	2	2	3	4	1	2	4	4	2	2	3	2	3	3	2	2	1	1	2	4	2	3	2	3	2	2	4	3	3	4	3	3	3	3	3	3	1	3	3	2	4	1	1	1	4	0	1	2	1	3	0	3	1	3
MNF-Riv-26	MNF-Riv-26	3	2	1	3	3	4	1	4	2	2	2	1	3	4	4	3	1	2	4	0	2	2	2	1	4	0	0	2	1	2	1	3	3	4	4	1	2	3	4	1	1	2	1	1	4	1	3	1	3	3	3	1	4	4	4	1	2	1	0	1	0	2	4	1	3	0	3	1	3	4	4	4	0	1	2	1	1	2	1	2	3	3	4	1	3	1	2	4	1	3	2	2	2	3	4	1	2	4	4	2	2	3	2	3	3	2	2	1	1	2	4	2	3	2	3	2	2	4	3	3	4	3	3	10	3	3	3	1	3	3	2	4	1	1	1	4	2	1	2	1	3	4	3	1	3
MNF-Riv-27	MNF-Riv-27	3	2	1	3	3	4	1	4	2	2	2	1	3	4	4	3	1	2	4	1	2	2	2	1	4	2	4	0	1	2	1	3	3	4	4	1	2	3	4	1	1	2	1	1	4	1	3	1	3	3	3	1	4	4	4	1	2	1	4	0	1	2	4	1	3	2	3	1	3	4	4	4	0	1	2	1	1	2	1	2	3	3	4	1	3	1	2	4	1	3	2	2	2	3	4	1	2	4	4	2	2	3	2	3	3	2	2	1	1	2	4	2	3	2	3	2	2	4	3	3	4	3	3	3	3	3	3	1	3	3	2	4	1	1	1	4	2	1	2	1	3	4	3	1	3
MNF-Riv-29	MNF-Riv-29	3	2	1	3	3	4	1	4	2	2	2	1	3	4	4	3	1	2	4	1	2	2	2	1	4	2	4	2	1	2	1	3	3	4	4	1	2	3	4	1	1	2	1	1	4	1	3	1	3	3	3	1	4	4	4	1	2	1	4	1	1	2	4	1	3	2	3	1	3	4	4	4	9	1	2	1	1	2	1	2	3	3	4	1	3	1	2	4	1	3	2	2	2	3	4	1	2	4	4	2	2	3	2	3	3	2	2	1	1	2	4	2	3	2	3	2	2	4	3	3	4	3	3	3	3	3	3	1	3	3	0	4	1	1	1	4	2	1	2	1	3	4	3	1	3
MNF-Riv-30	MNF-Riv-30	3	2	1	3	3	4	1	4	2	2	2	1	3	4	4	3	1	2	4	1	2	2	2	1	4	2	4	2	1	2	1	3	3	4	4	1	2	3	4	1	1	2	1	1	4	1	3	1	3	3	3	1	4	4	4	1	2	1	4	1	1	2	4	1	3	2	3	1	3	4	4	4	0	1	2	1	1	2	1	2	3	3	4	1	3	1	2	4	1	3	2	2	2	3	4	1	2	4	4	2	2	3	2	3	3	2	2	1	1	2	4	2	3	2	3	2	2	4	3	3	4	3	3	10	3	3	3	1	3	3	2	4	1	1	1	4	2	1	2	1	3	4	3	1	3
MNF-Riv-33	MNF-Riv-33	3	2	1	3	3	4	1	4	2	2	2	1	3	4	4	3	1	2	4	1	2	2	2	1	4	2	4	2	1	2	1	3	3	4	4	1	2	3	4	1	1	2	1	1	4	1	3	1	3	3	3	1	4	4	4	1	2	1	4	1	1	2	4	1	3	2	3	1	3	4	4	4	9	1	2	1	1	2	1	2	3	3	4	1	3	1	2	4	1	3	2	2	2	3	4	1	2	4	4	2	2	3	2	3	3	2	2	1	1	2	4	2	3	2	0	2	2	4	3	3	4	3	3	3	3	3	3	1	3	3	2	4	1	1	1	4	2	1	2	1	3	4	3	1	3
MNF-Riv-34	MNF-Riv-34	3	2	1	3	3	4	1	4	2	2	2	1	3	4	4	3	1	2	4	1	2	2	2	1	4	2	4	2	1	2	1	3	3	4	4	1	2	3	4	1	1	2	1	1	4	1	3	1	3	3	3	1	4	4	4	1	2	1	4	1	1	2	4	1	3	2	3	1	3	4	4	4	0	1	2	1	1	2	1	2	3	3	4	1	3	1	2	4	1	3	2	2	2	3	4	1	2	4	4	2	2	3	2	3	3	0	0	1	1	2	4	2	3	2	3	2	2	4	3	3	4	3	3	0	3	3	3	1	3	3	2	4	1	1	1	4	2	1	2	1	3	4	3	1	3
MNF-Riv-35	MNF-Riv-35	3	0	1	0	3	4	0	4	2	2	2	1	3	0	4	3	1	2	4	1	2	2	2	1	4	2	4	0	1	2	1	3	3	4	4	1	2	3	4	1	1	2	1	1	4	0	3	1	3	3	3	1	4	4	4	1	2	1	4	0	1	2	4	1	3	2	0	1	3	4	4	4	0	1	2	1	1	2	1	2	0	3	0	1	3	1	2	4	1	3	2	0	2	3	4	0	2	0	4	2	2	3	2	0	3	2	2	1	1	0	4	2	3	2	3	2	2	4	3	0	0	3	3	3	3	3	3	1	3	3	2	4	1	1	1	4	2	1	2	1	3	4	3	1	3
MNF-Riv-36	MNF-Riv-36	3	2	1	3	3	4	1	4	2	2	2	1	3	4	4	3	1	2	4	1	2	2	2	1	4	2	4	2	1	2	1	3	3	4	4	1	2	3	4	1	1	2	1	1	4	1	3	1	3	3	3	1	4	4	4	1	2	1	4	1	1	2	4	1	3	2	3	1	3	4	4	4	0	1	2	1	1	2	1	2	3	3	4	1	3	1	2	4	1	3	2	2	2	3	4	1	2	4	4	2	2	3	2	3	3	2	2	1	1	2	4	2	3	2	3	2	2	4	3	3	4	3	3	3	3	3	3	1	3	3	2	4	1	1	1	4	2	1	2	1	3	4	3	1	3
MNF-Riv-38	MNF-Riv-38	3	2	1	3	3	4	1	4	2	2	2	1	3	4	4	3	1	2	4	1	2	2	2	1	4	2	4	2	1	2	1	3	3	4	4	1	2	3	4	1	1	2	1	1	4	1	3	1	3	3	3	1	4	4	4	1	2	1	4	1	1	2	4	1	3	2	3	1	3	4	4	4	0	1	2	1	1	2	1	2	3	3	4	1	3	1	2	4	1	3	2	2	2	3	4	1	2	4	4	2	2	3	2	3	3	2	2	1	1	2	4	2	3	2	3	2	2	4	3	3	4	3	3	3	3	3	3	1	3	3	2	4	1	1	1	4	2	1	2	1	3	4	3	1	3
MNF-Riv-39	MNF-Riv-39	3	2	1	3	3	4	1	4	2	2	2	1	3	4	4	3	1	2	4	1	2	2	2	1	4	2	4	2	1	2	1	3	3	4	4	1	2	3	4	1	1	2	1	1	4	1	3	1	3	3	3	1	4	4	4	1	2	1	4	1	1	2	4	1	3	2	3	1	3	4	4	4	0	1	2	1	1	2	1	2	3	3	4	1	3	1	2	4	1	3	2	2	2	3	4	1	2	4	4	2	2	3	2	3	3	2	2	1	1	2	4	2	3	2	3	2	2	4	3	3	4	3	3	3	3	3	3	1	3	3	2	4	1	1	1	4	2	1	2	1	3	4	3	1	3
MNF-Riv-41	MNF-Riv-41	3	2	1	3	3	4	1	4	2	2	2	1	3	4	4	3	1	2	4	1	2	2	2	1	4	2	4	2	1	2	1	3	3	4	4	1	2	3	4	1	1	2	1	1	4	1	3	1	3	3	3	1	4	4	4	1	2	1	4	1	1	2	4	1	3	2	3	1	3	4	4	4	0	1	2	1	1	2	1	2	3	3	4	1	3	1	2	4	1	3	2	2	2	3	4	1	2	4	4	2	2	3	2	3	3	2	2	1	1	2	4	2	3	2	3	2	2	4	3	3	4	3	3	3	3	3	3	1	3	3	2	4	1	1	1	4	2	1	2	1	3	4	3	1	3
MNF-Riv-42	MNF-Riv-42	3	2	1	3	3	4	1	4	2	2	2	1	3	4	4	3	1	2	4	1	2	2	2	1	4	2	4	2	1	2	1	3	3	0	4	1	2	3	4	1	1	2	1	1	4	1	3	1	3	3	3	1	4	4	4	1	2	1	4	1	1	2	4	1	3	2	3	1	3	4	4	4	0	1	2	1	1	2	1	2	3	3	4	1	3	1	2	4	1	3	2	2	2	3	4	0	2	4	4	2	2	3	2	3	3	2	2	1	1	2	4	2	3	2	0	2	2	4	3	3	4	3	3	3	3	3	3	1	3	3	2	4	1	1	1	4	2	1	2	1	3	4	3	1	3
MNF-Riv-45	MNF-Riv-45	3	2	1	3	3	4	1	4	2	2	2	1	3	4	4	3	1	2	4	1	2	2	2	1	4	2	4	2	1	2	1	3	3	4	4	1	2	3	4	1	1	2	1	1	4	1	3	1	3	3	3	1	4	4	4	1	2	1	4	1	1	2	4	1	3	2	3	1	3	4	4	4	0	1	2	1	1	2	1	2	3	3	4	1	3	1	2	4	1	3	2	2	2	3	4	1	2	4	4	2	2	3	2	3	3	2	2	1	1	2	4	2	3	2	3	2	2	4	3	3	4	3	3	3	3	3	3	1	3	3	2	4	1	1	1	4	2	1	2	1	3	4	3	1	3
MNF-Riv-46	MNF-Riv-46	3	2	1	3	3	4	1	4	2	2	2	1	3	4	4	3	1	2	4	1	2	2	2	1	4	2	4	2	1	2	1	3	3	4	4	1	2	3	4	1	1	2	1	1	4	1	3	1	3	3	3	1	4	4	4	1	2	1	4	1	1	2	4	1	3	2	3	1	3	4	4	4	0	1	2	1	1	2	1	2	3	3	4	1	3	1	2	4	1	3	2	2	2	3	4	1	2	4	4	2	2	3	2	3	3	2	2	1	1	2	4	2	3	2	3	2	2	4	3	3	4	3	3	3	3	3	3	1	3	3	2	4	1	1	1	4	2	1	2	1	3	4	3	1	3
MNF-Riv-47	MNF-Riv-47	3	2	1	3	3	4	1	4	2	2	2	1	3	4	4	3	1	2	4	1	2	2	2	1	4	2	4	2	1	2	1	3	3	4	4	1	2	3	4	1	1	2	1	1	4	1	3	1	3	3	3	1	4	4	4	1	2	1	4	1	1	2	4	1	3	2	3	1	3	4	4	4	0	1	2	1	1	2	1	2	3	3	4	1	3	1	2	4	1	3	2	2	2	3	4	1	2	4	4	2	2	3	2	3	3	2	2	1	1	2	4	2	3	2	3	2	2	4	3	3	4	3	3	3	3	3	3	1	3	3	2	4	1	1	1	4	2	1	2	1	3	4	3	1	3
MNF-Riv-49	MNF-Riv-49	3	2	1	3	3	4	1	4	2	2	2	1	3	4	4	3	1	2	4	1	2	2	2	1	4	2	4	2	1	2	1	3	3	4	4	1	2	3	4	1	1	2	1	1	4	1	3	1	3	3	3	1	4	4	4	1	2	1	4	1	1	2	4	1	3	2	3	1	3	4	4	4	0	1	2	1	1	2	1	2	3	3	4	1	3	1	2	4	1	3	2	2	2	3	4	1	2	4	4	2	2	3	2	3	3	2	2	1	1	2	4	2	3	2	3	2	2	4	3	3	4	3	3	0	3	3	3	1	3	3	2	4	1	1	1	4	2	1	2	1	3	4	3	1	3
MNF-Riv-50	MNF-Riv-50	3	2	1	3	3	4	1	4	2	2	2	1	3	4	4	3	1	2	4	1	2	2	2	1	4	2	4	2	1	2	1	3	3	4	4	1	2	3	4	1	1	2	1	1	4	1	3	1	3	3	3	1	4	4	4	1	2	1	4	1	1	2	4	1	3	2	3	1	3	4	4	4	0	1	2	1	1	2	1	2	3	3	4	1	3	1	2	4	1	3	2	2	2	3	4	1	2	4	4	2	2	3	2	3	3	2	2	1	1	2	4	2	3	2	3	2	2	4	3	3	4	3	3	3	3	3	3	1	3	3	2	4	1	1	1	4	2	1	2	1	3	4	3	1	3
MNF-Riv-53	MNF-Riv-53	3	2	1	3	3	4	1	4	2	2	2	1	3	4	4	3	1	2	4	1	2	2	2	1	4	2	4	2	1	2	1	3	3	4	4	1	2	3	4	1	1	2	1	1	4	1	3	1	3	3	3	1	4	4	4	1	2	1	4	1	1	2	4	1	3	2	3	1	3	4	4	4	0	1	2	1	1	2	1	2	3	3	4	1	3	1	2	4	1	3	2	2	2	3	4	1	2	4	4	2	2	3	2	3	3	2	2	1	1	2	4	2	3	2	0	2	2	4	3	3	4	3	3	3	3	3	3	1	3	3	2	4	1	1	1	4	2	1	2	1	3	4	3	1	3
MNF-Riv-54	MNF-Riv-54	3	2	1	3	3	4	1	4	2	2	2	1	3	4	4	3	1	2	4	1	2	2	2	1	4	2	4	2	1	2	1	3	3	0	4	1	2	3	4	1	1	2	1	1	4	1	3	1	3	3	3	1	4	4	4	1	2	1	4	1	1	2	4	1	3	2	3	1	3	4	4	4	0	1	2	1	1	2	1	2	3	3	4	1	3	1	2	4	1	3	2	2	2	3	4	1	2	4	4	2	2	3	2	3	3	2	2	1	1	2	4	2	3	2	3	2	2	4	3	3	4	3	3	3	3	3	3	1	3	3	2	4	1	1	1	4	2	1	2	1	3	4	3	1	3
MNF-Riv-55	MNF-Riv-55	3	2	1	3	3	4	1	4	2	2	2	1	3	4	4	3	1	2	4	1	2	2	2	1	4	2	4	2	1	2	1	3	3	0	4	1	2	3	4	1	1	2	1	1	4	1	3	1	3	3	3	1	4	4	4	1	2	1	4	1	1	2	4	1	3	2	3	1	3	4	4	4	0	1	2	1	1	2	1	2	3	3	4	1	3	1	2	4	1	3	2	2	2	3	4	1	2	4	4	2	2	3	2	3	3	2	2	1	1	2	4	2	3	2	0	2	2	4	3	3	4	3	3	3	3	3	3	1	3	3	2	4	1	1	1	4	2	1	2	1	3	4	3	1	3
MNF-Riv-56	MNF-Riv-56	3	2	1	3	3	4	1	4	2	2	2	1	3	4	4	3	1	2	4	1	2	2	2	1	4	2	4	2	1	2	1	3	3	0	4	1	2	3	4	1	1	2	1	1	4	1	3	1	3	3	3	1	4	4	4	1	2	1	4	1	1	2	4	1	3	2	3	1	3	4	4	4	0	1	2	1	1	2	1	2	3	3	4	1	3	1	2	4	1	3	2	2	2	3	4	1	2	4	4	2	2	3	2	3	3	2	2	1	1	2	4	2	3	2	0	2	2	4	3	3	4	3	3	3	3	3	3	1	3	3	2	4	1	1	1	4	2	1	2	1	3	4	3	1	3
MNF-Riv-57	MNF-Riv-57	3	2	1	3	3	4	1	4	2	2	2	1	3	4	4	3	1	2	4	1	2	2	2	1	4	2	4	2	1	2	1	3	3	4	4	1	2	3	4	1	1	2	1	1	4	1	3	1	3	3	3	1	4	4	4	1	2	1	4	1	1	2	4	1	3	2	3	1	3	4	4	4	0	1	2	1	1	2	1	2	3	3	4	1	3	1	2	4	1	3	2	2	2	3	4	1	2	4	4	2	2	3	2	3	3	2	2	1	1	2	4	2	3	2	3	2	2	4	3	3	4	3	3	3	3	3	3	1	3	3	2	4	1	1	1	4	2	1	2	1	3	4	3	1	3
MNF-Riv-60	MNF-Riv-60	3	2	1	3	3	4	1	4	2	2	2	1	3	4	4	3	1	2	4	1	2	2	2	1	4	2	4	2	1	2	1	3	3	4	4	1	2	3	4	1	1	2	1	1	4	1	3	1	3	3	3	1	4	4	4	1	2	1	4	1	1	2	4	1	3	2	3	1	3	4	4	4	0	1	2	1	1	2	1	2	3	3	4	1	3	1	2	4	1	3	2	2	2	3	4	1	2	4	4	2	2	3	2	3	3	2	2	1	1	2	4	2	3	2	3	2	2	4	3	3	4	3	3	3	3	3	3	1	3	3	2	4	1	1	1	4	2	1	2	1	3	4	3	1	3
MNF-Riv-67	MNF-Riv-67	3	2	1	3	3	4	1	4	2	2	2	1	3	4	4	3	1	2	4	1	2	2	2	1	4	2	4	2	1	2	1	3	3	4	4	1	2	3	4	1	1	2	1	1	4	1	3	1	3	3	3	1	4	4	4	1	2	1	4	1	1	2	4	1	3	2	3	1	3	4	4	4	0	1	2	1	1	2	1	2	3	3	4	1	3	1	2	4	1	3	2	2	2	3	4	1	2	4	4	2	2	3	2	3	3	2	2	1	1	2	4	2	3	2	3	2	2	4	3	3	4	3	3	3	3	3	3	1	3	3	2	4	1	1	1	4	2	1	2	1	3	4	3	1	3
MNF-Riv-66	MNF-Riv-66	3	2	1	3	3	4	1	4	2	2	2	1	3	4	4	3	1	2	4	1	2	2	2	1	4	2	4	2	1	2	1	3	3	4	4	1	2	3	4	1	1	2	1	1	4	1	3	1	3	3	3	1	4	4	4	1	2	1	4	1	1	2	4	1	3	2	3	1	3	4	4	4	0	1	2	1	1	2	1	2	3	3	4	1	3	1	2	4	1	3	2	2	2	3	4	1	2	4	4	2	2	3	2	3	3	2	2	1	1	2	4	2	3	2	3	2	2	4	3	3	4	3	3	3	3	3	3	1	3	3	2	4	1	1	1	4	2	1	2	1	3	4	3	1	3
MNF-Riv-68	MNF-Riv-68	3	2	1	3	3	4	1	4	2	2	2	1	3	4	4	3	1	2	4	1	2	2	2	1	4	2	4	2	1	2	1	3	3	4	4	1	2	3	4	1	1	2	1	1	4	1	3	1	3	3	3	1	4	4	4	1	2	1	4	1	1	2	4	1	3	2	3	1	3	4	4	4	0	1	2	1	1	2	1	2	3	3	4	1	3	1	2	4	1	3	2	2	2	3	4	0	2	4	4	2	2	3	2	3	3	2	2	1	1	2	4	2	3	2	3	2	2	4	3	3	4	3	3	3	3	3	3	1	3	3	2	4	1	1	1	4	2	1	2	1	3	4	3	1	3
MNF-Riv-69	MNF-Riv-69	3	2	1	3	3	4	1	4	2	2	2	1	3	4	4	3	1	2	4	1	2	2	2	1	4	2	4	2	1	2	1	3	3	4	4	1	2	3	4	1	1	2	1	1	4	1	3	1	3	3	3	1	4	4	4	1	2	1	4	1	1	2	4	1	3	2	3	1	3	4	4	4	0	1	2	1	1	2	1	2	3	3	4	1	3	1	2	4	1	3	2	2	2	3	4	0	2	4	4	2	2	3	2	3	3	2	2	1	1	2	4	2	3	2	3	2	2	4	3	3	4	3	3	3	3	3	3	1	3	3	2	4	1	1	1	4	2	1	2	1	3	4	3	1	3
MNF-Riv-70	MNF-Riv-70	3	2	1	3	3	4	1	4	2	2	2	1	3	4	4	3	1	2	4	1	2	2	2	1	4	2	4	2	1	2	1	3	3	4	4	1	2	3	4	1	1	2	1	1	4	1	3	1	3	3	3	1	4	4	4	1	2	1	4	1	1	2	4	1	3	2	3	1	3	4	4	4	0	1	2	1	1	2	1	2	3	3	4	1	3	1	2	4	1	3	2	2	2	3	4	1	2	4	4	2	2	3	2	3	3	2	2	1	1	2	4	2	3	2	3	2	2	4	3	3	4	3	3	3	3	3	3	1	3	3	2	4	1	1	1	4	2	1	2	1	3	4	3	1	3
MNF-Riv-71	MNF-Riv-71	3	2	1	3	3	4	1	4	2	2	2	1	3	4	4	3	1	2	4	1	2	2	2	1	4	2	4	2	1	2	1	3	3	4	4	1	2	3	4	1	1	2	1	1	4	1	3	1	3	3	3	1	4	4	4	1	2	1	4	1	1	2	4	1	3	2	3	1	3	4	4	4	0	1	2	1	1	2	1	2	3	3	4	1	3	1	2	4	1	3	2	2	2	3	4	1	2	4	4	2	2	3	2	3	3	2	2	1	1	2	4	2	3	2	0	2	2	4	3	3	4	3	3	3	3	3	3	1	3	3	2	4	1	1	1	4	2	1	2	1	3	4	3	1	3
MNF-Che-1	MNF-Che-1	1	1	3	4	3	4	3	4	4	2	2	3	1	1	4	4	1	2	2	1	2	4	4	3	4	2	1	4	1	2	1	1	4	4	2	4	2	3	4	1	3	2	3	3	4	1	1	3	1	1	3	3	4	4	2	1	4	1	2	3	3	4	2	2	4	1	1	3	3	1	4	1	2	1	1	4	3	2	4	4	3	1	3	1	1	3	4	2	3	1	2	1	2	3	3	3	4	2	4	4	2	3	2	4	1	2	2	1	1	4	1	2	1	4	0	2	2	2	1	1	3	3	4	0	1	3	3	3	3	1	2	2	3	1	3	3	3	1	4	1	1	2	1	1	1
MNF-Che-2	MNF-Che-2	3	2	3	4	3	4	3	4	4	2	2	1	3	1	2	3	1	2	4	1	4	4	2	1	2	2	4	4	3	2	3	1	4	2	4	1	4	3	4	1	3	2	3	3	4	1	1	3	1	1	3	3	2	4	4	1	4	1	4	1	3	4	2	2	3	2	3	3	1	4	4	4	2	1	1	1	1	4	4	2	1	1	4	3	3	1	4	2	3	1	1	1	4	4	3	3	4	4	1	4	3	1	4	3	3	2	3	4	1	4	4	2	3	2	0	3	2	4	3	3	4	1	3	3	3	3	3	3	3	3	1	2	3	1	1	3	3	1	2	3	3	4	3	1	1
MNF-Che-3	MNF-Che-3	3	2	3	4	3	4	3	4	4	2	2	1	3	1	2	3	1	2	4	1	4	4	2	1	2	2	4	4	3	2	3	1	4	2	4	1	4	3	2	3	3	3	3	3	4	1	1	3	1	1	3	3	2	4	4	1	4	1	4	1	3	4	2	2	3	2	3	3	1	4	4	4	2	1	1	1	1	4	4	2	1	1	4	3	3	1	4	2	3	1	1	1	4	4	3	3	4	4	1	4	3	1	4	3	3	2	3	4	1	4	4	2	3	2	0	3	2	4	3	3	4	1	3	3	3	3	3	3	3	3	1	2	3	1	1	3	3	1	2	3	3	4	3	1	1
MNF-Che-5	MNF-Che-5	1	1	3	4	3	4	3	4	4	2	2	3	1	1	4	4	1	2	2	1	2	4	4	3	4	2	1	4	1	2	1	1	4	4	2	4	2	3	4	1	3	2	3	3	4	1	1	3	1	1	3	3	4	4	2	1	4	1	2	3	3	4	2	2	4	1	1	3	3	1	4	1	2	1	1	4	3	2	4	4	3	1	3	1	1	3	4	2	3	1	2	1	2	3	3	3	4	2	4	4	2	3	2	4	1	2	2	1	1	4	1	2	1	4	4	2	2	2	1	1	3	3	4	3	1	3	3	3	3	1	2	2	3	1	3	3	3	1	4	1	1	2	1	1	1
MNF-Che-7	MNF-Che-7	1	1	3	4	3	4	3	4	4	2	2	3	1	1	4	4	1	2	2	1	2	4	4	3	4	2	1	4	1	2	1	1	4	4	2	4	2	3	4	1	3	2	3	3	4	1	1	3	1	1	3	3	4	4	2	1	4	1	2	3	3	4	2	2	4	1	1	3	3	1	4	1	2	1	1	4	3	2	4	4	3	1	3	1	1	3	4	2	3	1	2	1	2	3	3	3	4	2	4	4	2	3	2	4	1	2	2	1	1	4	1	2	1	4	4	2	2	2	1	1	3	3	4	0	1	3	3	3	3	1	2	2	3	1	3	3	3	1	4	1	1	2	1	1	1
MNF-Che-9	MNF-Che-9	1	1	3	4	3	4	3	4	4	2	2	3	1	1	4	4	1	2	2	1	2	4	4	3	4	2	1	4	1	2	1	1	4	4	2	4	2	3	4	1	3	2	3	3	4	1	1	3	1	1	3	3	4	4	2	1	4	1	2	3	3	4	2	2	4	1	1	3	3	1	4	1	2	1	1	4	3	2	4	4	3	1	3	1	1	3	4	2	3	1	2	1	2	3	3	3	4	2	4	4	2	3	2	4	1	2	2	1	1	4	1	2	1	4	4	2	2	2	1	1	3	3	4	3	1	3	3	3	3	1	2	2	3	1	3	3	3	1	4	1	1	2	1	1	1
MNF-Che-10	MNF-Che-10	1	1	3	4	3	4	3	4	4	2	2	3	1	1	4	4	1	2	2	1	2	4	4	3	4	2	1	4	1	2	1	1	4	0	2	4	2	3	4	1	3	2	3	3	4	1	1	3	1	1	3	3	4	4	2	1	4	1	2	3	3	4	2	2	4	1	1	3	3	1	4	1	2	1	1	4	3	2	4	4	3	1	3	1	1	3	4	2	3	1	2	1	2	3	3	3	4	2	4	4	2	3	2	4	1	2	2	1	1	4	1	2	1	4	0	2	2	2	1	1	3	3	4	3	1	3	3	3	3	1	2	2	3	1	3	3	3	1	4	1	1	2	1	1	1
MNF-Che-11	MNF-Che-11	1	1	3	4	3	4	3	4	4	2	2	3	1	1	4	4	1	2	2	1	2	4	4	3	4	2	1	4	1	2	1	1	4	4	2	4	2	3	4	1	3	2	3	3	4	1	1	3	1	1	3	3	4	4	2	1	4	1	2	3	3	4	2	2	4	1	1	3	3	1	4	1	2	1	1	4	3	2	4	4	3	1	3	1	1	3	4	2	3	1	2	1	2	3	3	3	4	2	4	4	2	3	2	4	1	2	2	1	1	4	1	2	1	4	4	2	2	2	1	1	3	3	4	0	1	3	3	3	3	1	2	2	3	1	3	3	3	1	4	1	1	2	1	1	1
MNF-Che-15	MNF-Che-15	1	1	3	4	3	4	3	4	4	2	2	3	1	1	4	4	1	2	2	1	2	4	4	3	4	2	1	4	1	2	1	1	4	4	2	4	2	3	4	1	3	2	3	3	4	1	1	3	1	1	3	3	4	4	2	1	4	1	2	3	3	4	2	2	4	1	1	3	3	1	4	1	2	1	1	4	3	2	4	4	3	1	3	1	1	3	4	2	3	1	2	1	2	3	3	3	4	2	4	4	2	3	2	4	1	2	2	1	1	4	1	2	1	4	4	2	2	2	1	1	3	3	4	3	1	3	3	3	3	1	2	2	3	1	3	3	3	1	4	1	1	2	1	1	1
MNF-Che-23	MNF-Che-23	1	1	3	0	3	4	0	4	4	2	2	0	1	1	4	4	1	2	2	1	2	4	4	3	4	2	1	4	1	2	1	1	4	4	2	4	2	3	4	1	3	2	3	3	0	0	1	3	1	1	3	3	4	4	2	1	4	1	2	0	3	4	2	2	4	1	1	3	3	1	4	1	2	1	1	0	3	2	4	4	0	1	3	1	1	3	4	2	3	1	2	1	2	3	0	3	4	2	4	4	2	3	2	0	1	2	2	1	1	0	1	2	1	4	4	2	2	2	1	0	0	3	4	0	1	3	3	3	3	1	2	2	3	1	3	3	3	1	4	1	1	2	1	1	1
MNF-Che-28	MNF-Che-28	1	1	3	4	3	4	3	4	4	2	2	3	1	1	4	4	1	2	2	1	2	4	2	1	4	3	1	2	3	2	1	1	4	4	2	4	2	3	4	1	3	2	3	3	4	1	1	3	1	1	3	3	4	4	2	2	2	1	2	1	3	4	2	1	3	1	1	3	3	1	4	1	2	1	1	4	3	2	4	4	3	3	3	3	1	3	4	2	3	1	2	1	2	3	3	3	4	4	1	2	2	3	2	4	1	4	2	1	1	4	1	2	1	4	4	2	2	2	3	1	3	1	4	0	1	3	3	1	3	1	2	2	3	1	3	3	3	1	4	1	1	2	1	1	1
MNF-Che-34	MNF-Che-34	1	1	3	4	3	4	3	4	4	2	2	3	1	1	4	4	1	2	2	1	2	4	2	1	4	3	1	2	3	2	1	1	4	0	2	4	2	3	4	1	3	2	3	3	4	1	1	3	1	1	3	3	4	4	2	2	2	1	2	1	3	4	2	1	3	1	1	3	3	1	4	1	2	1	1	4	3	2	4	4	3	3	3	3	1	3	4	2	3	1	2	1	2	3	3	3	4	4	1	2	2	3	2	4	1	4	2	1	1	4	1	2	1	4	0	2	2	2	3	1	3	1	4	3	1	3	3	1	3	1	2	2	3	1	3	3	3	1	4	1	1	2	1	1	1
MNF-Che-36	MNF-Che-36	1	1	3	4	3	4	3	4	4	2	2	3	1	1	4	4	1	2	2	1	2	4	4	3	4	8	1	9	6	2	1	1	4	4	2	4	2	3	4	1	3	2	3	3	4	1	1	3	1	1	3	3	4	4	2	5	9	1	2	3	3	4	2	2	4	1	1	3	3	1	4	1	2	1	1	4	3	2	4	4	3	3	3	3	1	3	4	2	3	1	2	1	2	3	3	3	4	2	4	4	2	3	2	4	1	2	2	1	1	4	1	2	1	4	4	2	2	2	1	1	3	6	4	3	1	3	3	6	3	1	2	2	3	1	3	3	3	1	4	1	1	2	1	1	1
MNF-Che-39	MNF-Che-39	1	1	3	4	3	4	3	4	4	2	2	3	1	1	4	4	1	2	2	1	2	4	4	3	4	2	1	4	1	2	1	1	4	4	2	4	2	3	4	1	3	2	3	3	4	1	1	3	1	1	3	3	4	4	2	1	4	1	2	3	3	4	2	2	4	1	1	3	3	1	4	1	2	1	1	4	3	2	4	4	3	1	3	1	1	3	4	2	3	1	2	1	2	3	3	3	4	2	4	4	2	3	2	4	1	2	2	1	1	4	1	2	1	4	0	2	2	2	1	1	3	3	4	3	1	3	3	3	3	1	2	2	3	1	3	3	3	1	4	1	1	2	1	1	1
MNF-Che-41	MNF-Che-41	1	1	3	4	3	4	3	4	4	2	2	3	1	7	9	10	1	2	2	5	2	4	4	6	4	8	1	9	6	2	1	6	4	0	9	4	2	3	4	1	3	2	3	3	4	1	1	3	1	1	3	3	2	4	2	1	4	1	4	3	3	4	2	1	3	2	3	3	1	7	1	4	2	1	1	4	1	4	4	2	1	1	10	6	1	1	4	2	3	1	1	1	4	3	3	1	4	4	4	2	3	1	2	4	3	4	2	1	2	4	4	1	3	4	0	3	4	4	1	3	3	3	4	4	3	3	3	3	3	1	2	2	3	1	3	3	3	1	4	1	1	2	1	1	1
MNF-Che-42	MNF-Che-42	3	2	1	3	1	2	1	1	2	2	4	1	1	4	2	3	1	2	4	2	2	4	4	1	4	3	1	2	3	2	1	3	4	2	4	1	4	3	4	1	3	2	3	1	4	1	1	3	1	1	3	3	2	4	2	1	4	1	4	3	3	4	2	1	3	2	3	3	1	4	1	4	2	1	1	4	1	4	4	2	1	1	4	3	3	1	4	2	3	1	1	1	4	3	3	1	4	4	4	2	3	1	2	4	3	4	2	1	2	4	4	1	3	4	0	3	4	4	1	3	3	3	4	4	3	1	3	1	2	1	1	2	3	3	3	3	3	3	4	1	1	2	3	1	1
MNF-Che-44	MNF-Che-44	1	1	3	4	3	4	3	4	4	2	2	3	1	1	4	4	1	2	2	1	2	4	4	3	4	2	1	4	1	2	1	1	4	4	2	4	2	3	4	1	3	2	3	3	4	1	1	3	1	1	3	3	4	4	2	1	4	1	2	3	3	4	2	2	4	1	1	3	3	1	4	1	2	1	1	4	3	2	4	4	3	1	3	1	1	3	4	2	3	1	2	1	2	3	3	3	4	2	4	4	2	3	2	4	1	2	2	1	1	4	1	2	1	4	4	2	2	2	1	1	3	3	4	3	1	3	3	3	3	1	2	2	3	1	3	3	3	1	4	1	1	2	1	1	1
MNF-Che-45	MNF-Che-45	1	1	3	4	3	4	3	4	4	2	2	3	1	1	4	4	1	2	2	5	2	4	4	6	4	8	1	0	6	2	1	6	4	9	9	7	9	3	4	1	3	2	3	6	4	1	1	3	1	1	3	3	9	4	2	1	4	1	9	3	3	4	2	5	10	5	0	3	6	7	1	4	2	1	1	4	1	4	4	2	1	1	10	6	3	6	4	2	3	1	5	1	4	3	3	1	4	4	4	2	3	1	2	4	3	4	2	1	2	4	4	5	6	4	4	3	4	4	1	3	3	3	4	4	3	1	3	1	2	1	5	2	3	6	3	3	3	6	4	1	1	2	6	1	1
MNF-Che-47	MNF-Che-47	3	2	1	3	1	2	1	1	2	2	4	1	1	4	2	3	1	2	4	2	2	4	4	1	4	3	1	2	3	2	1	3	4	2	4	1	4	3	4	1	3	2	3	1	4	1	1	3	1	1	3	3	2	4	2	1	4	1	4	3	3	4	2	1	3	2	3	3	1	4	1	4	2	1	1	4	1	4	4	2	1	1	4	3	3	1	4	2	3	1	1	1	4	3	3	1	4	4	4	2	3	1	2	4	3	4	2	1	2	4	4	1	3	4	4	3	4	4	1	3	3	3	4	4	3	1	3	1	2	1	1	2	3	3	3	3	3	3	4	1	1	2	3	1	1
MNF-Che-49	MNF-Che-49	3	2	1	3	1	2	1	1	2	2	4	1	1	4	2	3	1	2	4	2	2	4	4	1	4	3	1	2	3	2	1	3	4	2	4	1	4	3	4	1	3	2	3	1	4	1	1	3	1	1	3	3	2	4	2	1	4	1	4	3	3	4	2	1	3	2	3	3	1	4	1	4	2	1	1	4	1	4	4	2	1	1	4	3	3	1	4	2	3	1	1	1	4	3	3	1	4	4	4	2	3	1	2	4	3	4	2	1	2	4	4	1	3	4	4	3	4	4	1	3	3	3	4	4	3	1	3	1	2	1	1	2	3	3	3	3	3	3	4	1	1	2	3	1	1
MNF-Che-50	MNF-Che-50	6	5	6	10	6	9	6	7	9	2	2	3	1	1	4	4	1	2	2	1	2	4	4	3	4	2	1	4	1	2	1	6	4	9	9	7	9	3	4	1	3	2	3	6	4	1	1	3	1	1	3	3	9	4	9	1	4	1	9	3	3	4	2	5	10	5	0	3	6	7	1	4	2	1	1	4	1	4	4	2	1	1	10	6	3	6	4	2	3	1	5	1	9	3	3	6	4	9	4	9	8	6	2	4	6	9	2	1	5	4	7	2	1	4	0	2	2	2	1	1	3	3	4	3	1	3	3	3	3	1	2	2	3	6	3	3	3	6	4	1	1	2	6	1	1
MNF-Che-51	MNF-Che-51	1	2	1	4	3	4	1	4	4	2	2	1	3	1	2	3	1	2	4	1	4	4	2	1	2	2	4	0	3	2	3	1	3	0	4	4	2	1	2	1	1	2	1	3	4	1	3	1	1	1	3	3	4	2	4	1	4	1	4	1	3	4	2	2	3	1	1	3	1	4	4	4	2	1	1	1	1	4	4	2	3	3	4	1	3	1	2	2	1	1	2	2	4	4	3	3	4	4	1	4	3	1	4	3	3	2	3	4	1	4	4	2	3	2	3	3	2	4	3	3	4	1	3	3	3	3	3	3	3	1	2	4	1	1	1	4	2	1	2	3	3	4	3	1	1
MNF-Che-52	MNF-Che-52	6	2	1	10	6	9	1	7	9	2	9	1	6	7	2	3	1	2	4	5	9	4	9	0	9	8	7	9	3	2	6	6	10	9	4	7	9	6	2	1	6	2	6	6	4	1	6	1	1	1	3	3	9	9	4	1	4	1	4	6	3	4	2	5	3	5	0	3	1	4	4	4	2	1	1	1	1	4	4	2	6	0	4	6	3	1	9	2	6	1	1	5	4	10	3	6	4	4	7	9	3	1	9	10	3	9	8	7	5	4	4	2	3	2	3	3	2	4	3	3	4	1	3	3	3	6	3	6	8	1	5	9	6	6	6	10	0	6	9	6	6	9	3	1	1
MNF-Che-53	MNF-Che-53	1	1	3	4	3	4	3	4	4	2	2	3	1	1	4	4	1	2	2	1	2	4	4	3	4	2	1	4	1	2	1	1	4	0	2	4	2	3	4	1	3	2	3	3	4	1	1	3	1	1	3	3	4	4	2	1	4	1	2	3	3	4	2	2	4	1	1	3	3	1	4	1	2	1	1	4	3	2	4	4	3	1	3	1	1	3	4	2	3	1	2	1	2	3	3	3	4	2	4	4	2	3	2	4	1	2	2	1	1	4	1	2	1	4	0	2	2	2	1	1	3	3	4	3	1	3	3	3	3	1	2	2	3	1	3	3	3	1	4	1	1	2	1	1	1
MNF-Che-58	MNF-Che-58	3	2	1	3	1	2	1	1	2	2	4	1	1	4	2	3	1	2	4	2	2	4	4	1	4	3	1	2	3	2	1	3	4	2	4	1	4	3	4	1	3	2	3	1	4	1	1	3	1	1	3	3	2	4	2	1	4	1	4	3	3	4	2	1	3	2	3	3	1	4	4	1	2	1	1	4	3	2	4	4	3	1	3	1	1	3	4	2	3	1	1	1	4	3	3	1	4	4	4	2	3	1	2	4	3	4	2	1	2	4	4	2	1	4	0	2	2	2	1	1	3	3	4	3	1	3	3	3	3	1	2	2	3	1	3	3	3	1	4	1	1	2	1	1	1
MNF-Jac-2	MNF-Jac-2	3	2	1	3	1	2	1	1	2	2	4	1	1	4	2	3	1	2	4	2	2	4	4	1	4	3	1	2	3	2	1	1	4	4	4	4	2	1	2	1	1	2	1	3	4	1	1	3	1	1	3	3	2	4	4	1	4	1	4	1	3	4	2	2	3	2	1	3	3	4	4	4	2	1	1	1	1	4	4	2	3	3	4	1	3	1	2	2	1	1	2	2	4	3	3	1	2	4	1	4	2	3	4	3	3	2	3	4	1	4	4	2	1	2	3	3	2	4	3	3	4	1	3	3	3	3	3	3	3	1	2	4	1	1	1	4	2	1	2	3	3	4	3	1	1
MNF-Jac-6	MNF-Jac-6	3	2	1	3	1	2	1	1	2	2	4	1	1	4	2	3	1	2	4	2	2	4	4	1	4	3	1	2	3	2	1	3	4	2	4	1	4	3	4	1	3	2	3	1	4	1	1	3	1	1	3	3	2	4	4	1	4	1	4	1	3	4	2	2	3	2	3	3	1	4	4	4	2	1	1	1	1	4	4	2	1	1	4	3	3	1	4	2	3	1	1	1	4	4	3	3	4	4	1	4	3	1	4	3	3	2	3	4	1	4	4	2	3	2	3	3	2	4	3	3	4	1	3	3	3	3	3	3	2	1	1	2	3	3	3	3	2	1	2	3	3	4	3	1	1
MNF-Jac-9	MNF-Jac-9	3	2	1	3	1	2	1	1	2	2	4	1	1	4	2	3	1	2	4	0	2	4	4	1	4	0	1	2	3	2	1	3	4	0	4	4	2	3	4	1	1	2	3	3	2	3	1	3	3	3	3	3	4	4	4	1	4	1	2	1	3	4	2	2	3	0	3	3	1	4	4	4	2	1	1	1	1	4	4	2	1	1	4	3	3	1	0	2	3	1	1	1	4	4	3	3	4	4	1	2	2	1	2	3	1	4	2	1	1	4	4	2	3	2	3	3	2	4	3	3	4	3	3	0	3	1	1	3	3	1	2	2	3	1	1	3	3	3	2	1	3	4	3	1	1
MNF-Jac-10	MNF-Jac-10	3	2	1	3	1	2	1	1	2	2	4	1	1	4	2	3	1	2	4	2	2	4	4	1	4	3	1	2	3	2	1	3	4	2	4	1	4	3	4	1	3	2	3	1	4	1	1	3	1	1	3	3	2	4	4	1	4	1	4	1	3	4	2	2	3	2	3	3	1	4	4	4	2	1	1	1	1	4	4	2	1	1	4	3	3	1	4	2	3	1	1	1	4	4	3	3	4	4	1	4	3	1	4	3	3	2	3	4	1	4	4	2	3	2	3	3	2	4	3	3	4	1	3	0	3	3	3	3	2	1	1	2	3	3	3	3	2	1	2	3	3	4	3	1	1
MNF-Jac-12	MNF-Jac-12	3	2	1	3	1	2	1	1	2	2	4	1	1	4	2	3	1	2	4	2	2	4	4	1	4	3	1	2	3	2	1	3	3	0	4	1	4	3	4	1	3	2	3	1	4	1	1	3	1	1	3	3	2	4	4	1	4	1	4	1	3	4	2	2	3	2	3	3	1	4	4	4	2	1	1	1	1	4	1	4	3	3	3	3	3	1	4	2	3	1	2	1	4	3	3	1	4	4	1	4	3	1	4	3	3	2	3	4	1	4	4	2	3	2	0	3	2	4	3	3	4	1	3	3	3	3	1	3	3	1	1	2	3	3	3	3	2	1	2	3	3	4	3	1	1
MNF-Jac-14	MNF-Jac-14	3	2	1	3	1	2	1	1	2	2	4	1	1	4	2	3	1	2	4	2	2	4	4	1	4	8	1	2	3	2	1	1	4	0	2	4	2	3	4	1	3	2	3	3	4	1	1	3	1	1	3	3	2	4	4	1	4	1	4	1	3	4	2	2	3	2	3	3	1	4	4	4	2	1	1	4	1	4	4	2	1	1	4	3	3	1	4	2	3	1	1	1	4	4	3	3	4	4	1	4	3	1	4	3	3	2	3	4	1	4	4	2	3	2	0	3	2	4	3	3	4	1	3	3	3	3	3	3	2	1	1	2	3	3	3	3	2	1	2	3	3	4	3	1	1
MNF-Jac-15	MNF-Jac-15	3	2	1	3	1	2	1	1	2	2	4	1	1	4	2	3	1	2	4	2	2	4	4	1	4	3	1	2	3	2	1	3	4	2	4	1	4	3	4	1	3	2	3	1	4	1	1	3	1	1	3	3	2	4	4	1	4	1	4	1	3	4	2	2	3	2	3	3	1	4	4	4	2	1	1	1	1	4	4	2	1	1	4	3	3	1	4	2	3	1	1	1	4	4	3	3	4	4	1	4	3	1	4	3	3	2	3	4	1	4	4	2	3	2	3	3	2	4	3	3	4	1	3	3	3	3	3	3	2	1	1	2	3	3	3	3	2	1	2	3	3	4	3	1	1
MNF-Jac-18	MNF-Jac-18	3	1	1	4	3	4	3	4	4	2	2	1	3	1	4	3	1	2	2	1	2	4	4	1	4	3	1	2	1	2	1	1	4	4	4	1	4	3	4	1	3	2	3	1	4	1	1	3	1	1	3	3	2	4	4	1	4	1	4	1	3	4	2	2	3	2	3	3	1	4	4	1	2	1	1	7	6	9	4	9	3	1	4	3	3	1	4	2	3	1	1	1	4	3	3	1	2	4	1	4	2	3	4	3	1	2	3	4	1	4	4	2	3	2	3	3	2	4	3	3	4	1	3	0	3	3	3	3	2	1	2	4	1	1	1	4	2	1	2	3	3	4	3	1	1
MNF-Jac-20	MNF-Jac-20	3	2	1	3	1	2	1	1	2	2	4	1	1	4	2	3	1	2	4	0	2	4	4	1	4	0	1	2	3	2	1	3	4	0	4	1	4	3	4	1	3	2	3	1	4	1	1	3	1	1	3	3	2	4	4	1	4	1	4	1	3	4	2	2	3	0	3	3	1	4	4	4	2	1	1	1	1	4	4	2	1	1	4	3	3	1	0	2	3	1	1	1	4	4	3	3	4	4	1	4	3	1	4	3	3	2	3	4	1	4	4	2	3	2	3	3	2	4	3	3	4	1	3	0	3	3	3	3	2	1	1	2	3	3	3	3	2	1	2	3	3	4	3	1	1
MNF-Jac-21	MNF-Jac-21	3	1	1	4	3	4	3	4	4	2	2	1	3	1	2	3	1	2	4	0	9	4	9	1	9	0	7	0	3	2	0	6	10	0	4	7	0	6	2	1	6	2	6	6	4	1	6	1	1	1	3	3	4	2	4	1	2	2	4	1	3	4	2	2	3	2	0	3	1	4	4	4	2	1	1	1	1	4	4	2	6	0	4	6	3	1	2	2	1	1	1	1	4	4	3	3	4	4	1	4	3	1	4	3	3	2	3	4	1	4	4	2	6	2	3	3	2	4	3	3	4	1	3	0	3	3	3	3	8	1	5	9	6	6	6	10	2	1	2	3	3	4	3	1	1
MNF-Jac-22	MNF-Jac-22	3	2	1	3	1	2	1	1	2	2	4	1	1	4	2	3	1	2	4	2	2	4	4	1	4	3	1	2	3	2	1	3	4	0	4	1	4	3	4	1	3	2	3	1	4	1	1	3	1	1	3	3	2	4	4	1	4	1	9	6	3	4	2	2	3	2	3	3	1	4	4	4	2	1	1	1	1	4	4	2	1	1	4	3	3	6	4	2	3	1	5	1	9	10	3	3	4	4	1	4	3	1	4	3	3	2	3	4	1	4	4	2	6	2	0	8	2	9	6	1	3	3	4	3	1	3	3	3	3	1	2	2	3	1	3	3	3	1	4	1	1	2	1	1	1
MNF-Jac-24	MNF-Jac-24	3	2	1	3	1	2	1	1	2	2	4	1	1	4	2	3	1	2	4	2	2	4	4	1	4	3	1	2	3	2	1	3	4	0	4	1	4	3	4	1	3	2	3	1	4	1	1	3	1	1	3	3	2	4	4	1	4	1	4	1	3	4	2	2	3	2	3	3	1	4	4	4	2	1	1	1	1	4	4	2	1	1	4	3	3	1	4	2	3	1	1	1	4	4	3	3	4	4	1	4	3	1	4	3	3	2	3	4	1	4	4	2	3	2	3	3	2	4	3	3	4	1	3	3	3	3	3	3	2	1	1	2	3	3	3	3	2	1	2	3	3	4	3	1	1
MNF-Jac-25	MNF-Jac-25	3	2	1	3	1	2	1	1	2	2	4	1	1	4	2	3	1	2	4	2	2	4	4	1	4	3	1	0	3	2	1	3	4	0	4	1	4	3	4	1	3	2	3	1	4	1	1	3	1	1	3	3	2	4	4	1	4	1	4	1	3	4	2	2	3	2	3	3	1	4	4	4	2	1	1	1	1	4	4	2	1	1	4	3	3	1	4	2	3	1	1	1	4	4	3	3	4	4	1	4	3	1	4	3	3	2	3	4	1	4	4	2	3	2	0	3	2	4	3	3	4	1	3	3	3	3	3	3	2	1	1	2	3	3	3	3	2	1	2	3	3	4	3	1	1
MNF-Jac-26	MNF-Jac-26	3	2	1	3	1	4	3	4	4	2	2	3	1	1	4	4	1	2	2	2	2	4	4	1	4	3	1	0	3	2	1	3	4	0	4	4	2	3	4	1	3	2	3	1	4	1	1	3	1	1	3	3	2	4	4	1	4	1	2	3	3	4	2	2	4	1	1	3	3	1	4	4	2	1	1	1	1	4	4	2	1	1	4	3	3	1	4	2	3	1	1	1	4	4	3	3	4	4	1	4	3	1	4	3	3	2	3	4	1	4	4	2	3	2	0	3	2	4	3	3	4	1	3	3	3	3	3	3	2	1	1	2	3	3	3	3	2	1	2	3	1	2	1	1	1
MNF-Jac-28	MNF-Jac-28	3	2	1	3	1	2	1	1	2	2	4	1	1	4	2	3	1	2	4	2	2	4	4	1	4	3	1	0	3	2	1	3	4	2	4	1	4	3	4	1	3	2	3	1	4	1	1	3	1	1	3	3	2	4	4	1	4	1	4	1	3	4	2	2	3	2	3	3	1	4	4	4	2	1	1	1	1	4	4	2	1	1	4	3	3	1	4	2	3	1	1	1	4	4	3	3	4	4	1	4	3	1	4	3	3	2	3	4	1	4	4	2	3	2	0	3	2	4	3	3	4	1	3	3	3	3	3	3	2	1	1	2	3	3	3	3	2	1	2	3	3	4	3	1	1
MNF-Jac-30	MNF-Jac-30	3	2	1	4	3	4	3	4	4	2	2	3	1	4	2	3	1	2	4	2	2	4	4	1	4	3	1	2	3	2	1	3	4	2	2	4	2	3	4	1	3	2	3	3	4	1	1	3	1	6	3	6	9	4	4	1	4	1	4	1	3	4	2	2	3	1	1	3	3	1	4	4	2	1	1	1	3	2	4	2	1	1	4	3	3	1	4	2	3	1	1	1	4	3	4	3	2	4	7	9	2	3	2	4	1	4	2	4	1	2	4	2	6	9	4	2	2	2	1	1	3	6	10	3	6	3	3	1	3	1	2	2	3	3	3	3	2	1	2	3	3	4	3	1	1
MNF-Jac-31	MNF-Jac-31	3	2	1	3	1	4	3	4	4	2	2	1	3	1	4	3	1	2	4	2	2	4	4	1	4	3	1	2	3	2	1	1	4	2	2	4	2	3	4	1	3	2	3	3	4	1	1	3	1	1	3	3	2	4	4	5	9	1	4	1	3	4	2	2	3	2	3	3	1	4	4	4	2	1	1	7	6	9	4	9	3	0	10	6	3	6	9	2	6	1	5	5	4	10	4	3	2	4	1	9	2	3	9	3	1	2	8	7	1	4	7	2	3	2	3	2	2	2	1	1	10	6	10	3	6	3	3	3	2	1	5	2	3	3	3	3	0	1	9	6	6	9	0	1	1
MNF-Jac-32	MNF-Jac-32	3	2	1	3	1	2	1	1	2	2	4	1	1	4	2	3	1	2	4	2	2	4	4	1	4	2	1	2	1	1	1	3	4	0	4	1	4	3	4	1	3	2	3	1	4	1	1	1	3	3	3	3	4	4	4	1	4	1	2	1	3	4	2	2	3	2	1	3	3	1	4	4	2	1	1	4	3	2	1	4	3	3	10	3	3	3	0	2	3	1	1	1	4	4	4	3	2	4	1	4	3	1	4	3	3	2	3	4	1	4	4	2	3	4	0	2	2	2	3	1	3	1	4	0	1	3	3	1	3	1	2	2	3	1	1	3	3	3	2	1	3	4	3	1	1
MNF-Jac-34	MNF-Jac-34	3	2	1	3	1	4	3	4	4	2	4	1	1	4	2	3	1	2	4	0	2	4	4	1	4	0	1	2	3	2	1	3	4	0	4	1	4	3	4	1	3	2	3	1	4	1	1	1	1	1	3	3	2	4	4	1	4	1	2	1	3	4	2	2	4	1	3	1	3	4	4	0	2	1	1	7	6	9	1	4	3	1	3	3	3	1	0	2	3	1	2	2	4	3	3	1	4	4	1	4	3	1	4	3	3	2	3	4	1	4	4	2	3	2	0	2	2	2	3	3	4	1	3	0	3	3	6	3	3	1	5	2	3	6	6	3	0	1	2	3	3	4	3	1	1
MNF-Jac-38	MNF-Jac-38	3	2	1	3	1	2	1	1	2	2	4	1	1	4	2	3	1	2	4	2	2	4	4	1	4	3	1	2	3	2	1	3	4	2	4	1	4	3	4	1	3	2	3	1	4	1	1	3	1	1	3	3	2	4	4	1	4	1	4	1	3	4	2	2	3	2	3	3	1	4	4	4	2	1	1	1	1	4	4	2	1	1	4	3	3	1	4	2	3	1	1	1	4	4	3	3	4	4	1	4	3	1	4	3	3	2	3	4	1	4	4	2	3	2	0	3	2	4	3	3	4	1	3	3	3	3	3	3	2	1	1	2	3	3	3	3	2	1	2	3	3	4	3	1	1
MNF-Jac-39	MNF-Jac-39	3	2	1	3	1	2	1	1	2	2	4	1	1	4	2	3	1	2	4	0	2	4	4	1	4	0	1	2	3	2	1	3	4	0	4	1	4	3	4	1	3	2	3	1	4	1	1	3	1	1	3	3	2	4	4	1	4	1	4	1	3	4	2	2	3	0	3	3	1	4	4	4	2	1	1	1	1	4	4	2	1	1	4	3	3	1	0	2	3	1	1	1	4	4	3	3	4	4	1	4	3	1	4	3	3	2	3	4	1	4	4	2	3	2	0	3	2	4	3	3	4	1	3	0	3	3	3	3	2	1	1	2	3	3	3	3	2	1	2	3	3	4	3	1	1
MNF-Jac-42	MNF-Jac-42	3	2	1	3	1	2	1	1	2	2	4	1	1	4	2	3	1	2	4	2	2	4	4	1	4	3	1	0	3	2	1	3	4	2	4	1	9	3	4	1	3	2	3	3	4	1	1	3	1	1	3	3	2	4	4	1	4	1	4	0	3	4	2	2	3	2	3	3	1	4	4	0	2	1	1	1	1	4	4	2	1	1	3	1	3	1	4	2	3	1	1	1	4	4	3	3	4	4	1	4	3	1	4	3	3	2	3	4	1	4	4	2	1	4	0	3	2	4	3	3	4	1	3	3	3	3	3	3	2	1	1	2	3	3	3	3	2	1	2	3	3	2	1	1	1
MNF-Jac-45	MNF-Jac-45	3	2	1	3	1	2	1	1	2	2	4	1	1	4	2	3	1	2	4	2	2	4	4	1	4	3	1	0	3	2	1	3	4	0	4	4	2	3	4	1	3	2	3	3	4	1	1	3	1	1	3	3	2	4	4	1	4	1	4	1	3	4	2	2	3	2	3	3	1	4	4	4	2	1	1	1	1	4	4	2	1	1	4	3	3	1	4	2	3	1	1	1	4	4	3	3	4	4	1	4	3	1	4	3	3	2	3	4	1	4	4	2	3	2	0	3	2	4	3	3	4	1	3	0	3	3	3	3	2	1	1	2	3	3	3	3	2	1	2	3	3	4	3	1	1
MNF-Jac-46	MNF-Jac-46	3	2	1	3	1	2	1	1	2	2	4	1	1	4	2	3	1	2	4	2	2	4	4	1	4	3	1	2	3	2	1	3	4	2	4	1	4	3	4	1	3	2	3	1	4	1	1	3	1	1	3	3	2	4	4	1	4	1	4	1	3	4	2	2	3	2	3	3	1	4	4	4	2	1	1	1	1	4	4	2	1	1	4	3	3	1	4	2	3	1	1	1	4	4	3	3	4	4	1	4	3	1	4	3	3	2	3	4	1	4	4	2	3	2	3	3	2	4	3	3	4	1	3	3	3	3	3	3	2	1	1	2	3	3	3	3	2	1	2	3	3	4	3	1	1
MNF-Jac-49	MNF-Jac-49	3	2	1	3	1	2	1	1	2	2	4	1	1	4	2	3	1	2	4	2	2	4	4	1	4	0	1	2	3	2	1	3	4	0	4	1	4	3	4	1	3	2	3	1	4	1	1	3	1	1	3	3	2	4	4	1	4	1	4	1	3	4	2	2	3	0	3	3	1	4	4	4	2	1	1	1	1	4	4	2	1	1	4	3	3	1	0	2	3	1	1	1	4	4	3	3	4	4	1	4	3	1	4	3	3	2	3	4	1	4	4	2	3	2	3	3	2	4	3	3	4	1	3	0	3	3	3	3	2	1	1	2	3	3	3	3	2	1	2	3	3	4	3	1	1
MNF-Jac-50	MNF-Jac-50	3	2	1	3	1	2	1	1	2	2	4	1	1	4	2	3	1	2	4	2	2	4	4	1	4	3	1	2	3	2	1	3	4	2	4	1	4	3	4	1	3	2	3	1	4	1	1	3	1	1	3	3	2	4	4	1	4	1	4	1	3	4	2	2	3	2	3	3	1	4	4	4	2	1	1	1	1	4	4	2	1	1	4	3	3	1	4	2	3	1	1	1	4	4	3	3	4	4	1	4	3	1	4	3	3	2	3	4	1	4	4	2	3	2	0	3	2	4	3	3	4	1	3	3	3	3	3	3	2	1	1	2	3	3	3	3	2	1	2	3	3	4	3	1	1
MNF-Jac-51	MNF-Jac-51	3	2	1	3	1	2	1	1	2	2	4	1	1	4	2	3	1	2	4	2	2	4	4	1	4	3	1	2	3	2	1	3	4	0	4	1	4	3	4	1	3	2	3	1	4	1	1	3	1	1	3	3	2	4	4	1	4	1	4	1	3	4	2	2	3	2	3	3	1	4	4	4	2	1	1	1	1	4	4	2	1	1	4	3	3	1	4	2	3	1	1	1	4	4	3	3	4	4	1	4	3	1	4	3	3	2	3	4	1	4	4	2	3	2	0	3	2	4	3	3	4	1	3	3	3	3	3	3	2	1	1	2	3	3	3	3	2	1	2	3	3	4	3	1	1
MNF-Jac-52	MNF-Jac-52	3	2	1	3	1	2	1	1	2	2	4	1	1	4	2	3	1	2	4	2	2	4	4	1	4	3	1	0	3	2	1	3	4	2	4	1	4	3	4	1	3	2	3	1	4	1	1	3	1	1	3	3	2	4	4	1	4	1	4	1	3	4	2	2	3	2	3	3	1	4	4	4	2	1	1	1	1	4	4	2	1	1	4	3	3	1	4	2	3	1	1	1	4	4	3	3	4	4	1	4	3	1	4	3	3	2	3	4	1	4	4	2	3	2	3	3	2	4	3	3	4	1	3	3	3	3	3	3	2	1	1	2	3	3	3	3	2	1	2	3	3	4	3	1	1
MNF-Jac-61	MNF-Jac-61	1	1	3	4	3	4	3	1	2	2	4	1	1	1	2	3	1	2	4	2	2	4	4	1	4	3	1	0	3	2	1	3	4	0	4	1	4	3	4	1	3	2	3	1	4	1	1	3	1	1	3	3	2	4	4	1	4	1	4	0	3	4	2	2	3	1	1	3	3	1	4	4	2	1	1	4	3	2	4	4	1	1	4	3	3	1	0	2	3	1	1	1	4	4	3	3	4	4	1	4	3	1	4	3	3	2	3	4	1	4	4	2	3	2	3	3	2	4	3	3	4	1	3	0	3	3	3	3	2	1	1	2	3	3	3	3	2	1	2	3	3	4	3	1	1
MNF-Jac-63	MNF-Jac-63	3	2	1	3	1	2	1	1	2	2	4	1	1	4	2	3	1	2	4	2	2	4	4	1	4	3	1	0	3	2	1	3	4	0	4	4	2	3	4	1	3	2	3	3	4	1	1	3	1	1	3	3	2	4	4	1	4	1	4	1	3	4	2	2	3	2	3	3	1	4	4	1	2	1	1	1	1	4	4	2	1	1	4	3	3	1	4	2	3	1	2	1	2	3	3	3	4	4	1	4	3	1	4	3	3	2	3	4	1	4	4	2	3	2	0	3	2	4	3	3	4	1	3	3	3	3	3	3	2	1	1	2	3	3	3	3	2	1	2	3	3	4	3	1	1
MNF-Jac-64	MNF-Jac-64	3	2	1	3	1	2	1	1	2	2	4	1	1	4	2	3	1	2	4	2	2	4	4	1	4	3	1	0	3	2	1	3	4	2	4	1	4	3	4	1	3	2	3	1	4	1	1	3	1	1	3	3	2	4	4	1	4	1	4	1	3	4	2	2	3	2	3	3	1	4	4	4	2	1	1	1	1	4	4	2	1	1	4	3	3	1	4	2	3	1	1	1	4	4	3	3	4	4	1	4	3	1	4	3	3	2	3	4	1	4	4	2	3	2	3	3	2	4	3	3	4	1	3	3	3	3	3	3	2	1	1	2	3	3	3	3	2	1	2	3	3	4	3	1	1
MNF-Jac-68	MNF-Jac-68	3	2	3	4	3	4	3	4	4	2	2	1	3	1	2	3	1	2	4	2	2	4	4	1	4	3	1	2	3	2	1	3	4	2	4	1	4	3	4	1	3	2	3	3	4	1	1	3	1	1	3	3	4	4	2	1	4	1	2	3	3	4	2	2	4	1	3	3	1	1	4	4	2	1	1	1	1	4	4	2	1	1	4	3	3	1	2	2	1	1	2	2	4	4	3	3	4	4	1	4	3	1	4	3	1	2	2	1	1	4	1	2	3	2	3	3	2	4	3	3	4	1	3	3	3	3	3	3	2	1	1	2	3	3	3	3	2	1	2	3	3	4	3	1	1
MNF-Jac-71	MNF-Jac-71	3	2	1	3	1	2	1	1	2	2	4	1	1	4	2	3	1	2	4	0	2	4	4	1	4	0	1	2	3	2	1	3	4	0	4	1	4	3	4	1	3	2	3	1	4	1	1	3	1	1	3	3	2	4	4	1	4	1	4	1	3	4	2	2	3	0	3	3	1	4	4	4	2	1	1	1	1	4	4	2	1	1	4	3	3	1	0	2	3	1	1	1	4	4	3	3	4	4	1	4	3	1	4	3	3	2	3	4	1	4	4	2	3	2	3	3	2	4	3	3	4	1	3	0	3	3	3	3	2	1	1	2	3	3	3	3	2	1	2	3	3	4	3	1	1
MNF-Jac-73	MNF-Jac-73	3	2	1	3	1	2	1	1	2	2	4	1	1	4	2	3	1	2	4	2	2	4	4	1	4	3	1	0	3	2	1	3	4	2	4	1	4	3	4	1	3	2	3	1	4	1	1	3	1	1	3	3	2	4	4	1	4	1	4	1	3	4	2	2	3	2	3	3	1	4	4	4	2	1	1	1	1	4	4	2	1	1	4	3	3	1	4	2	3	1	1	1	4	4	3	3	4	4	1	4	3	1	4	3	3	2	3	4	1	4	4	2	3	2	3	3	2	4	3	3	4	1	3	3	3	3	3	3	2	1	1	2	3	3	3	3	2	1	2	3	3	4	3	1	1
MNF-Jac-74	MNF-Jac-74	3	2	1	3	1	2	1	1	2	2	4	1	1	4	2	3	1	2	4	2	2	4	4	1	4	3	1	0	3	2	1	3	4	2	4	1	4	3	4	1	3	2	3	1	4	1	1	3	1	1	3	3	2	4	4	1	4	1	4	1	3	4	2	2	3	2	3	3	1	4	4	4	2	1	1	1	1	4	4	2	1	1	4	3	3	1	4	2	3	1	1	1	4	4	3	3	4	4	1	4	3	1	4	3	3	2	3	4	1	4	4	2	3	2	3	3	2	4	3	3	4	1	3	0	3	3	3	3	2	1	1	2	3	3	3	3	2	1	2	3	3	4	3	1	1
MNF-Jac-75	MNF-Jac-75	3	2	1	3	1	2	1	1	2	2	4	1	1	4	2	3	1	2	4	2	2	4	4	1	4	3	1	0	3	2	1	3	4	2	4	1	4	3	4	1	3	2	3	1	4	1	1	3	1	1	3	3	2	4	4	1	4	1	4	1	3	4	2	2	3	2	3	3	1	4	4	4	2	1	1	1	1	4	4	2	1	1	4	3	3	1	4	2	3	1	1	1	4	4	3	3	4	4	1	4	3	1	4	3	3	2	3	4	1	4	4	2	3	2	3	3	2	4	3	3	4	1	3	3	3	3	3	3	2	1	1	2	3	3	3	3	2	1	2	3	3	4	3	1	1
MNF-Jac-76	MNF-Jac-76	3	2	1	3	1	2	1	1	2	2	4	1	1	4	2	3	1	2	4	2	2	4	4	1	4	3	1	2	3	2	1	3	4	2	4	1	4	3	4	1	3	2	3	1	4	1	1	3	1	1	3	3	2	4	4	1	4	1	4	1	3	4	2	2	3	2	3	3	1	4	4	4	2	1	1	1	1	4	4	2	1	1	4	3	3	1	4	2	3	1	1	1	4	4	3	3	4	4	1	4	3	1	4	3	3	2	3	4	1	4	4	2	3	2	0	3	2	4	3	3	4	1	3	3	3	3	3	3	2	1	1	2	3	3	3	3	2	1	2	3	3	4	3	1	1
MNF-Jac-79	MNF-Jac-79	1	2	1	4	3	4	1	4	4	2	2	1	3	1	2	3	1	2	4	2	2	4	4	1	4	3	1	0	3	2	1	3	4	2	4	1	4	3	4	1	3	2	3	1	4	1	1	3	1	1	3	3	2	4	4	1	4	1	4	1	3	4	2	2	3	1	1	3	1	4	4	4	2	1	1	1	1	4	4	2	3	3	4	1	3	1	2	2	1	1	1	1	4	4	3	3	4	4	1	4	3	1	4	3	3	2	3	4	1	4	4	2	3	2	3	3	2	4	3	3	4	1	3	3	3	3	3	3	3	1	2	4	1	1	1	4	2	1	2	3	3	4	3	1	1
MNF-Jac-81	MNF-Jac-81	3	2	3	4	3	4	3	4	4	2	2	1	3	1	2	3	1	2	4	2	2	4	4	1	4	3	1	2	3	2	1	3	4	2	4	1	4	3	4	1	3	2	3	1	4	1	3	3	1	1	3	3	2	4	4	1	4	1	4	1	3	4	2	2	3	2	3	3	1	4	4	4	2	1	1	1	1	4	4	2	3	3	4	1	3	1	4	2	3	1	2	2	4	4	3	3	4	4	1	4	3	1	4	3	3	2	3	4	1	4	4	2	3	4	4	2	2	4	3	3	4	1	3	3	3	3	3	3	2	1	1	2	3	3	3	3	2	1	2	3	3	4	3	1	1
MNF-Jac-82	MNF-Jac-82	3	2	1	3	1	2	1	1	2	2	4	1	1	4	2	3	1	2	4	2	2	4	4	1	4	3	1	2	3	2	1	3	4	2	4	1	4	3	4	1	3	2	3	1	4	1	1	3	1	1	3	3	2	4	4	1	4	1	4	1	3	4	2	2	3	2	3	3	1	4	4	4	2	1	1	1	1	4	4	2	1	1	4	3	3	1	4	2	3	1	1	1	4	4	3	3	4	4	1	4	3	1	4	3	3	2	3	4	1	4	4	2	3	2	3	3	2	4	3	3	4	1	3	3	3	3	3	3	2	1	1	2	3	3	3	3	2	1	2	3	3	4	3	1	1
MNF-Jac-85	MNF-Jac-85	0	2	1	3	1	2	1	1	0	2	4	1	1	4	2	3	1	2	4	2	2	4	4	1	4	3	1	2	3	2	1	3	4	2	4	1	4	0	4	1	3	2	3	1	4	1	0	3	1	1	3	3	0	0	4	1	4	1	4	1	3	4	0	2	0	2	3	3	1	4	4	4	2	1	1	1	1	4	4	2	0	1	4	3	0	1	4	2	3	1	1	1	4	4	3	3	4	4	1	4	3	0	4	3	3	0	0	4	1	4	4	2	3	2	3	3	2	4	3	3	4	1	3	3	3	3	3	3	2	1	0	2	3	3	3	3	0	1	2	3	3	0	3	1	1
MNF-Pin-1	MNF-Pin-1	0	2	1	4	3	4	1	4	4	2	2	1	3	1	2	3	1	2	4	1	4	4	2	1	2	2	4	4	3	2	3	1	3	4	4	4	2	1	2	1	1	2	1	3	4	1	3	1	1	1	3	3	4	2	4	1	4	1	4	1	3	4	2	2	3	1	1	3	1	4	4	4	2	1	1	1	1	4	4	2	0	3	4	1	3	1	2	2	0	1	2	2	4	4	3	3	4	4	1	4	3	0	4	3	3	2	3	4	1	4	4	2	3	2	3	3	2	4	3	3	4	1	3	3	0	3	3	3	3	1	2	4	1	1	1	4	0	1	2	3	3	0	3	1	1
MNF-Pin-2	MNF-Pin-2	1	2	1	4	3	4	1	4	4	2	2	1	3	1	2	3	1	2	4	1	4	4	2	1	2	2	4	4	3	2	3	1	3	4	4	4	2	1	2	1	1	2	1	3	4	1	3	1	1	1	3	3	4	2	4	1	4	1	4	1	3	4	2	2	3	1	1	3	1	4	4	4	2	1	1	4	1	4	4	2	0	3	4	1	3	1	2	2	1	1	2	1	2	3	3	3	4	2	4	4	2	3	2	4	1	2	2	1	1	4	1	2	3	2	3	3	2	4	3	3	4	1	3	3	3	3	3	3	3	1	2	4	1	1	1	4	0	1	2	3	3	0	3	1	1
MNF-Pin-4	MNF-Pin-4	0	2	1	4	3	4	1	4	4	2	2	1	3	1	2	3	1	2	4	1	4	4	2	1	2	2	4	4	3	2	3	1	3	4	4	4	2	1	2	1	1	2	1	3	4	1	3	1	1	1	3	3	4	2	4	1	4	1	4	1	3	4	2	2	3	1	1	3	1	4	4	4	2	1	1	1	1	4	4	2	0	3	4	1	3	1	2	2	1	1	2	2	4	4	3	3	4	4	1	4	3	0	4	3	3	2	0	4	1	4	4	2	3	2	3	3	0	4	3	3	4	1	3	3	3	3	3	3	3	1	2	4	1	1	1	4	0	1	2	3	3	0	3	1	1
MNF-Pin-6	MNF-Pin-6	0	2	1	4	3	4	1	4	4	2	2	1	3	1	2	3	1	2	4	1	4	4	2	1	2	2	4	4	3	2	3	1	3	4	4	4	2	1	2	1	1	2	1	3	4	1	3	1	1	1	3	3	4	2	4	1	4	1	4	1	3	4	2	2	3	1	1	3	1	4	4	4	2	1	1	1	1	4	4	2	0	3	4	1	3	1	2	2	0	1	2	2	4	4	3	3	4	4	1	4	3	1	4	3	3	2	0	4	1	4	4	2	3	2	3	3	2	4	3	3	4	1	3	3	3	3	3	3	3	1	2	4	1	1	1	4	0	1	2	3	3	0	3	1	1
MNF-Pin-7	MNF-Pin-7	1	2	1	4	3	4	1	4	4	2	2	1	3	1	2	3	1	2	4	1	4	4	2	1	2	2	4	4	3	2	3	1	3	4	4	4	2	1	2	1	1	2	1	3	4	1	3	1	1	1	3	3	4	2	4	1	4	1	4	1	3	4	2	2	3	1	1	3	1	4	4	4	2	1	1	1	1	4	4	2	0	3	4	1	3	1	2	2	1	1	2	2	4	4	3	3	4	4	1	4	3	1	4	3	3	0	3	4	1	4	4	2	3	2	3	3	2	4	3	3	4	1	3	3	3	3	3	3	3	1	2	4	1	1	1	4	0	1	2	3	3	0	3	1	1
MNF-Pin-9	MNF-Pin-9	1	2	1	4	3	4	1	4	4	2	2	1	3	1	2	3	1	2	4	1	4	4	2	1	2	2	4	4	3	2	3	1	3	4	4	4	2	1	2	1	1	2	1	3	4	1	3	1	1	1	3	3	4	2	4	1	4	1	4	1	3	4	2	2	3	1	1	3	1	4	4	4	2	1	1	1	1	4	4	2	0	3	4	1	3	1	2	2	1	1	2	2	4	4	3	3	4	4	1	4	3	1	4	3	3	2	3	4	1	4	4	2	3	2	3	3	2	4	3	3	4	1	3	3	3	3	3	3	3	1	2	4	1	1	1	4	0	1	2	3	3	0	3	1	1
MNF-Pin-10	MNF-Pin-10	1	2	1	4	3	4	1	4	4	2	2	1	3	1	2	3	1	2	4	1	4	4	2	1	2	2	4	4	3	2	3	1	3	4	4	4	2	1	2	1	1	2	1	3	4	1	3	1	1	1	3	3	4	2	4	1	4	1	4	1	3	4	2	2	3	1	1	3	1	4	4	4	2	1	1	1	1	4	4	2	0	3	4	1	3	1	2	2	1	1	2	2	4	4	3	3	4	4	1	4	3	0	4	3	3	2	3	4	1	4	4	2	3	2	3	3	2	4	3	3	4	1	3	3	3	3	3	3	3	1	2	4	1	1	1	4	0	1	2	3	3	0	3	1	1
MNF-Pin-11	MNF-Pin-11	0	2	1	4	3	4	1	4	4	2	2	1	3	1	2	3	1	2	4	1	4	4	2	1	2	2	4	4	3	2	3	1	3	4	4	4	2	1	2	1	1	2	0	3	4	1	3	1	0	1	3	3	4	2	4	1	4	1	4	1	3	4	2	2	3	1	1	3	1	4	4	4	2	1	1	1	1	4	4	2	0	3	4	1	3	1	2	2	1	1	0	2	4	4	3	3	4	4	1	4	3	1	4	3	3	2	3	4	1	4	4	2	3	2	3	3	2	4	3	3	4	1	3	3	0	3	3	3	3	1	2	4	1	1	1	4	0	1	2	3	3	0	3	1	1
MNF-Pin-12	MNF-Pin-12	1	2	1	4	3	4	1	4	0	2	2	1	3	1	2	3	1	2	4	1	4	4	2	1	2	2	4	4	3	2	3	1	3	4	4	4	2	1	2	1	1	2	1	3	4	1	3	1	1	1	3	3	4	0	4	1	4	1	4	1	3	4	2	2	3	1	1	3	1	4	4	4	2	1	1	1	1	4	4	2	0	3	4	1	3	1	2	2	1	1	2	2	4	4	3	3	4	4	1	4	3	0	4	3	3	0	0	4	1	4	4	2	3	2	3	3	2	4	3	3	4	1	3	3	0	3	3	3	3	1	0	4	1	1	1	4	0	1	2	3	3	0	3	1	1
MNF-Pin-14	MNF-Pin-14	0	2	1	4	3	4	1	4	4	2	2	1	3	1	2	3	1	2	4	1	4	4	2	1	2	2	4	4	3	2	3	1	3	4	4	4	2	1	2	1	1	2	1	3	4	1	3	1	1	1	3	3	4	2	4	1	4	1	4	1	3	4	2	2	3	1	1	3	1	4	4	4	2	1	1	1	1	4	4	2	0	3	4	1	3	1	2	2	1	1	2	2	4	4	3	3	4	4	1	4	3	1	4	3	3	2	3	4	1	4	4	2	3	2	3	3	2	4	3	3	4	1	3	3	3	3	3	3	3	1	2	4	1	1	1	4	0	1	2	3	3	0	3	1	1
MNF-Pin-15	MNF-Pin-15	1	2	1	4	3	4	1	4	4	2	2	1	3	1	2	3	1	2	4	1	4	4	2	1	2	2	4	4	3	2	3	1	3	4	4	4	2	1	2	1	1	2	1	3	4	1	3	1	1	1	3	3	4	2	4	1	4	1	4	1	3	4	2	2	3	1	1	3	1	4	4	4	2	1	1	1	1	4	4	2	0	3	4	1	3	1	2	2	1	1	2	2	4	4	3	3	4	4	1	4	3	1	4	3	3	2	3	4	1	4	4	2	3	2	3	3	2	4	3	3	4	1	3	3	3	3	3	3	3	1	2	4	1	1	1	4	0	1	2	3	3	0	3	1	1
MNF-Pin-16	MNF-Pin-16	1	2	1	4	3	4	1	4	4	2	2	1	3	1	2	3	1	2	4	1	4	4	2	1	2	2	4	4	3	2	3	1	3	4	4	4	2	1	2	1	1	2	1	3	4	1	3	1	1	1	3	3	4	2	4	1	4	1	4	1	3	4	2	2	3	1	1	3	1	4	4	4	2	1	1	1	1	4	4	2	0	3	4	1	3	1	2	2	1	1	2	2	4	4	3	3	4	4	1	4	3	1	4	3	3	2	3	4	1	4	4	2	3	2	3	3	2	4	3	3	4	1	3	3	3	3	3	3	3	1	2	4	1	1	1	4	0	1	2	3	3	0	3	1	1
MNF-Pin-17	MNF-Pin-17	1	2	1	4	3	4	1	4	4	2	2	1	3	1	2	3	1	2	4	1	4	4	2	1	2	2	4	4	3	2	3	1	3	4	4	4	2	1	2	1	1	2	1	3	4	1	3	1	1	1	3	3	4	2	4	1	4	1	4	1	3	4	2	2	3	1	1	3	1	4	4	4	2	1	1	1	1	4	4	2	0	3	4	1	3	1	2	2	1	1	2	2	4	4	3	3	4	4	1	4	3	1	4	3	3	2	3	4	1	4	4	2	3	2	3	3	2	4	3	3	4	1	3	3	3	3	3	3	3	1	2	4	1	1	1	4	0	1	2	3	3	0	3	1	1
MNF-Pin-20	MNF-Pin-20	0	2	1	4	3	4	1	4	4	2	2	1	3	1	2	3	1	2	4	1	4	4	2	1	2	2	4	4	3	2	3	1	3	4	4	4	2	1	2	1	1	2	1	3	4	1	3	1	1	1	3	3	4	2	4	1	4	1	4	1	3	4	2	2	3	1	1	3	1	4	4	4	2	1	1	1	1	4	4	2	0	3	4	1	3	1	2	2	1	1	2	2	4	4	3	3	4	4	1	4	3	0	4	0	3	2	3	4	1	4	4	2	3	2	3	3	2	4	3	3	4	1	3	3	3	3	3	3	3	1	2	4	1	1	1	4	0	1	2	3	3	0	3	1	1
MNF-Pin-21	MNF-Pin-21	1	2	1	4	3	4	1	4	4	2	2	1	3	1	2	3	1	2	4	1	4	4	2	1	2	2	4	4	3	2	3	1	3	4	4	4	2	1	2	1	1	2	1	3	4	1	3	1	1	1	3	3	4	2	4	1	4	1	4	1	3	4	2	2	3	1	1	3	1	4	4	4	2	1	1	1	1	4	4	2	0	3	4	1	3	1	2	2	0	1	2	2	4	4	3	3	4	4	1	4	3	1	4	3	3	2	3	4	1	4	4	2	3	2	3	3	2	4	3	3	4	1	3	3	3	3	3	3	3	1	2	4	1	1	1	4	0	1	2	3	3	0	3	1	1
MNF-Pin-23	MNF-Pin-23	0	2	0	4	3	4	1	0	0	2	2	1	3	1	2	3	1	2	4	1	4	4	2	1	0	2	4	4	0	0	3	1	3	4	4	0	2	0	0	1	1	2	0	3	4	1	0	1	0	1	3	3	0	0	0	1	4	1	4	1	3	4	0	2	0	1	1	0	1	4	4	4	2	1	1	1	1	4	4	2	0	6	4	1	0	1	2	2	0	1	0	2	4	4	3	3	4	4	1	4	3	0	4	3	3	0	0	0	0	4	4	0	3	2	0	3	2	4	0	3	4	1	3	3	0	3	3	3	3	1	0	4	1	1	1	4	0	1	4	3	3	0	0	0	0
MNF-Pin-24	MNF-Pin-24	1	2	1	4	3	4	1	4	4	2	2	1	3	1	2	3	1	2	4	1	4	4	2	1	2	2	4	4	3	2	3	1	3	4	4	4	2	1	2	1	1	2	1	3	4	1	3	1	1	1	3	3	4	0	4	1	4	1	4	1	3	4	2	2	3	1	1	3	1	4	4	4	2	1	1	1	1	4	4	2	0	3	4	1	3	1	2	2	0	1	2	2	4	4	3	3	4	4	1	4	3	0	4	3	3	2	3	4	1	4	4	2	3	2	3	3	2	4	3	3	4	1	3	3	0	3	3	3	3	1	2	4	1	1	1	4	0	1	2	3	3	0	3	1	1
MNF-Pin-28	MNF-Pin-28	1	2	1	4	3	4	1	4	4	2	2	1	3	1	2	3	1	2	4	1	4	4	2	1	2	2	4	4	3	2	3	1	3	4	4	4	2	1	2	1	1	2	1	3	4	1	3	1	1	1	3	3	4	2	4	1	4	1	4	1	3	4	2	2	3	1	1	3	1	4	4	4	2	1	1	1	1	4	4	2	0	3	4	1	3	1	2	2	1	1	2	2	4	4	3	3	4	4	1	4	3	1	4	3	3	2	3	4	1	4	4	2	3	2	3	3	2	4	3	3	4	1	3	3	3	3	3	3	3	1	2	4	1	1	1	4	0	1	2	3	3	0	3	1	1
MNF-Pin-29	MNF-Pin-29	1	2	1	4	3	4	1	4	4	2	2	1	6	1	0	3	1	2	4	0	4	4	2	1	2	0	0	4	3	2	3	1	3	0	4	4	2	1	2	1	1	2	1	3	4	1	3	1	1	1	3	3	4	0	4	1	4	1	4	1	0	0	2	0	3	0	1	3	1	4	4	4	2	1	1	1	1	4	4	2	0	3	4	1	3	1	0	2	1	1	2	2	4	4	3	3	4	4	1	4	0	0	4	3	3	0	0	4	1	4	4	2	3	2	3	8	2	4	3	3	4	1	3	0	0	3	3	3	3	1	2	4	1	1	1	4	0	1	0	6	3	0	0	1	1
MNF-Pin-30	MNF-Pin-30	1	2	1	4	3	4	1	4	4	2	2	1	3	1	2	3	1	2	4	1	4	4	2	1	2	2	4	4	0	2	3	1	3	4	4	4	2	1	2	1	1	2	1	3	4	1	3	1	1	1	3	3	4	2	4	1	4	1	4	1	3	4	2	2	3	1	1	3	1	4	4	4	2	1	1	1	1	4	4	2	0	3	4	1	3	1	2	2	0	1	2	2	4	4	3	3	4	4	1	4	3	1	4	3	3	0	0	4	1	4	4	2	3	2	3	3	2	4	3	3	4	1	3	3	3	3	3	3	3	1	2	4	1	1	1	4	0	1	2	3	3	0	3	1	1
MNF-Pin-31	MNF-Pin-31	3	2	1	3	3	4	1	4	2	2	2	1	3	4	4	3	1	2	4	1	2	2	2	1	2	2	4	4	3	2	3	1	3	4	4	4	2	1	2	1	1	2	1	3	4	1	3	1	1	1	3	3	4	0	4	1	2	1	4	0	1	2	4	1	3	0	1	3	1	4	4	4	2	1	1	1	1	4	4	2	0	3	4	1	3	1	2	2	1	1	2	2	4	4	3	3	4	4	1	4	3	1	4	0	3	2	0	4	1	4	4	2	3	2	3	3	2	4	3	3	4	1	3	3	3	3	3	6	3	6	2	4	1	1	1	4	0	1	2	3	3	0	3	1	3
MNF-Pin-32	MNF-Pin-32	1	2	1	4	3	4	1	4	4	2	2	1	3	1	2	3	1	2	4	1	4	4	2	1	2	2	4	4	3	2	3	1	3	4	4	4	2	1	2	1	1	2	1	3	4	1	3	1	1	1	3	3	4	2	4	1	4	1	4	1	3	4	2	2	3	1	1	3	1	4	4	4	2	1	1	1	1	4	4	2	0	3	4	1	3	1	2	2	1	1	2	2	4	4	3	3	4	4	1	4	3	1	4	3	3	2	3	4	1	4	4	2	3	2	3	3	2	4	3	3	4	1	3	3	3	3	3	3	3	1	2	4	1	1	1	4	0	1	2	3	3	0	3	1	1
MNF-Pin-33	MNF-Pin-33	1	2	1	4	3	4	1	4	4	2	2	1	3	1	2	3	1	2	4	1	4	4	2	1	2	2	4	4	3	2	3	1	3	4	4	4	2	1	2	1	1	2	1	3	4	1	3	1	1	1	3	3	4	2	4	1	4	1	4	1	3	4	2	2	3	1	1	3	1	4	4	4	2	1	1	1	1	4	4	2	0	3	4	1	3	1	2	2	1	1	2	2	4	4	3	3	4	4	1	4	3	1	4	3	3	2	3	4	1	4	4	2	3	2	3	3	2	4	3	3	4	1	3	3	3	3	3	3	3	1	2	4	1	1	1	4	0	1	2	3	3	0	3	1	1
MNF-Pin-35	MNF-Pin-35	1	2	1	4	3	4	1	4	4	2	2	1	3	1	2	3	1	2	4	1	4	4	2	1	2	2	4	4	3	2	3	1	3	4	4	4	2	1	2	1	1	2	1	3	4	1	3	1	1	1	3	3	4	2	4	1	4	1	4	1	3	4	2	2	3	1	1	3	1	4	4	4	2	1	1	1	1	4	4	2	0	3	4	1	3	1	2	2	1	1	2	2	4	4	3	3	4	4	1	4	3	1	4	3	3	2	3	4	1	4	4	2	3	2	3	3	2	4	3	3	4	1	3	3	3	3	3	3	3	1	2	4	1	1	1	4	0	1	2	3	3	0	3	1	1
MNF-Pin-38	MNF-Pin-38	0	2	1	4	3	4	1	4	0	2	2	1	3	1	2	3	1	2	4	1	4	4	2	6	0	2	7	9	6	5	6	6	3	4	9	4	2	1	2	1	1	2	6	3	9	1	3	1	3	3	3	3	4	4	4	1	4	1	2	1	3	4	2	2	3	1	1	3	3	4	7	4	2	1	1	1	1	4	4	2	0	3	10	1	1	3	4	2	3	1	2	2	4	4	3	3	4	4	1	4	3	1	4	3	3	0	0	4	1	4	4	2	3	2	3	3	2	4	3	1	4	3	3	4	3	1	1	3	3	1	0	9	6	1	1	4	0	1	2	3	3	0	3	1	1
MNF-Pin-39	MNF-Pin-39	1	2	1	4	3	4	1	4	0	2	2	1	3	1	2	3	1	2	4	1	4	2	4	0	4	2	1	2	1	1	1	3	3	4	2	4	2	3	2	1	1	2	6	3	4	6	3	1	3	3	3	3	4	4	4	1	4	1	2	1	3	4	2	2	4	1	3	1	3	4	1	4	2	1	1	1	1	4	4	2	0	3	4	1	3	1	2	2	1	1	2	2	4	3	3	1	4	2	4	2	2	1	2	3	3	2	3	4	1	4	4	2	3	2	3	3	2	4	3	3	4	3	3	4	3	1	1	3	3	1	2	4	1	1	1	4	0	1	2	3	3	0	3	1	1
MNF-Pin-40	MNF-Pin-40	3	2	1	3	1	2	1	1	2	2	4	1	1	4	2	3	1	2	4	2	2	4	4	1	4	3	1	2	3	2	1	3	4	2	4	1	4	3	4	1	3	2	3	1	4	1	1	3	1	1	3	3	2	4	2	1	4	1	4	3	3	4	2	1	3	2	3	3	1	4	1	4	2	1	1	4	1	4	4	2	0	1	4	3	3	1	4	2	3	1	1	1	4	3	3	1	4	4	4	2	3	1	2	4	3	4	2	1	2	4	4	1	3	4	4	3	4	4	1	3	3	3	4	4	3	1	3	1	2	1	1	2	3	3	3	3	0	3	4	1	1	0	3	1	1
MNF-Pin-41	MNF-Pin-41	1	2	1	4	3	4	1	4	4	2	2	1	3	1	2	3	1	2	4	1	4	4	2	1	2	2	4	4	3	2	3	1	3	4	2	4	2	3	4	1	1	2	1	3	4	1	3	1	1	1	3	3	4	2	4	1	4	1	4	1	3	4	2	2	3	0	1	3	6	4	4	4	2	1	1	1	1	4	4	2	0	3	4	1	0	1	4	2	3	1	2	5	4	10	3	6	4	9	7	9	8	1	9	3	6	0	0	7	1	4	4	2	3	2	3	3	2	4	3	3	4	1	3	3	3	3	3	3	3	1	2	4	1	1	1	4	0	1	2	3	3	0	3	1	1
MNF-Pin-43	MNF-Pin-43	1	2	1	4	3	4	1	4	4	2	2	1	3	1	2	3	1	2	4	1	4	4	2	1	2	2	4	4	3	2	3	3	3	4	2	4	2	1	2	1	1	2	1	3	4	3	1	1	3	3	3	3	4	4	4	1	4	1	2	1	3	4	2	2	4	1	3	1	3	4	4	4	2	1	1	1	1	4	1	4	0	1	3	1	1	3	4	2	3	1	2	2	4	4	3	3	4	4	1	4	3	1	4	3	3	0	3	4	1	4	4	5	3	2	3	3	0	4	3	1	4	3	3	4	3	1	1	3	3	1	2	9	6	1	1	4	0	1	2	3	3	0	3	1	1
MNF-Pin-44	MNF-Pin-44	0	2	1	4	3	4	1	4	4	2	2	1	3	1	2	3	1	2	4	1	4	4	2	1	4	3	1	4	1	2	1	3	4	2	4	1	4	3	4	1	3	2	3	1	4	1	1	1	1	1	3	3	4	2	4	1	4	1	4	1	3	4	2	2	3	0	1	3	3	1	4	4	2	1	1	1	1	4	4	2	0	3	4	1	3	1	2	2	1	1	2	1	2	3	3	3	4	2	4	4	2	3	2	0	1	2	2	1	1	4	1	2	3	2	3	3	2	4	3	3	4	1	3	3	3	3	3	3	3	1	2	4	1	1	1	4	0	1	2	3	3	0	3	1	1
MNF-Pin-51	MNF-Pin-51	1	2	1	4	3	4	1	4	4	2	2	1	3	1	2	3	1	2	4	1	4	4	2	1	2	2	4	4	3	2	3	1	3	4	4	4	2	1	2	1	1	2	1	3	4	1	3	1	1	1	3	3	4	2	4	1	4	1	4	1	3	4	2	2	3	1	1	3	1	4	4	4	2	1	1	1	1	4	4	2	0	3	4	1	3	1	2	2	1	1	2	2	4	4	3	3	4	4	1	4	3	1	4	3	3	2	0	4	1	4	4	2	3	2	3	3	2	4	3	3	4	1	3	3	3	3	3	3	3	1	2	4	1	1	1	4	0	1	2	3	3	0	3	1	1
MNF-Pin-52	MNF-Pin-52	0	2	1	4	3	4	1	4	9	2	2	1	3	1	2	3	1	2	4	1	4	4	2	1	2	2	4	4	3	2	3	1	3	4	4	4	2	1	2	1	1	2	1	3	4	1	3	1	1	1	3	3	4	0	4	1	4	1	4	1	3	4	0	2	3	1	1	3	1	4	4	4	2	1	1	1	1	4	4	2	0	3	4	1	0	1	2	2	1	1	2	2	4	4	3	3	4	4	1	4	3	0	4	3	3	0	0	4	1	4	4	0	3	2	3	3	2	4	3	3	4	1	3	3	3	3	3	3	3	1	0	4	1	1	1	4	0	1	2	3	3	0	3	1	6
MNF-Pin-53	MNF-Pin-53	1	2	1	4	3	4	1	4	4	2	2	1	3	1	2	3	1	2	4	1	4	4	2	1	2	2	4	4	3	2	3	1	3	4	4	4	2	1	2	1	1	2	1	3	4	1	3	1	1	1	3	3	4	2	4	1	4	1	4	1	3	4	2	2	3	1	1	3	1	4	4	4	2	1	1	1	1	4	4	2	0	3	4	1	3	1	2	2	1	1	2	2	4	4	3	3	4	4	1	4	3	1	4	3	3	0	3	4	1	4	4	2	3	2	3	3	2	4	3	3	4	1	3	3	3	3	3	3	3	1	2	4	1	1	1	4	0	1	2	3	3	0	3	1	1
MNF-Pin-55	MNF-Pin-55	0	2	1	4	3	4	1	4	0	2	2	1	3	1	2	3	1	2	4	1	4	4	2	1	2	2	4	4	3	2	3	1	3	4	4	4	2	1	2	1	1	2	1	3	4	1	3	1	1	1	3	3	4	2	4	1	4	1	4	1	3	4	2	2	3	0	1	3	1	4	4	4	2	1	1	1	1	4	4	2	0	3	4	1	3	1	2	2	1	1	2	2	4	4	3	3	4	4	1	4	3	1	4	3	3	2	3	4	1	4	4	2	3	2	3	3	2	4	3	3	4	1	3	3	3	3	3	3	3	1	2	4	1	1	1	4	0	1	2	3	3	0	3	1	1
MNF-Pin-56	MNF-Pin-56	1	2	1	4	3	4	1	4	4	2	2	1	3	1	2	3	1	2	4	1	4	4	2	1	2	2	4	4	3	2	3	1	3	4	4	4	2	1	2	1	1	2	1	3	4	1	3	1	1	1	3	3	4	2	4	1	4	1	4	1	3	4	2	2	3	1	1	3	1	4	4	4	2	1	1	1	1	4	4	2	0	3	4	1	3	1	2	2	0	1	2	2	4	4	3	3	4	4	1	4	3	1	4	3	3	2	3	4	1	4	4	2	3	2	3	3	2	4	3	3	4	1	3	3	3	3	3	3	3	1	2	4	1	1	1	4	0	1	2	3	3	0	3	1	1
MNF-Pin-58	MNF-Pin-58	1	2	1	4	3	4	1	4	4	2	2	1	3	1	2	3	1	2	4	1	4	4	2	1	2	2	4	4	3	2	3	1	3	4	4	4	2	1	2	1	1	2	1	3	4	1	3	1	1	1	3	3	4	2	4	1	4	1	4	1	3	4	2	2	3	1	1	3	1	4	4	4	2	1	1	1	1	4	4	2	0	3	4	1	3	1	2	2	1	1	2	2	4	4	3	3	4	4	1	4	3	1	4	3	3	2	3	4	1	4	4	2	3	2	3	3	2	4	3	3	4	1	3	3	3	3	3	3	3	1	2	4	1	1	1	4	0	1	2	3	3	0	3	1	1
MNF-Pin-60	MNF-Pin-60	1	2	1	4	3	4	1	4	4	2	2	1	3	1	2	3	1	2	4	1	4	4	2	1	2	2	4	4	3	2	3	1	3	4	4	4	2	1	2	1	1	2	1	3	4	1	3	1	1	1	3	3	4	2	4	1	4	1	4	1	3	4	2	2	3	1	1	3	1	4	4	4	2	1	1	1	1	4	4	2	0	3	4	1	3	1	2	2	1	1	2	2	4	4	3	3	4	4	1	4	3	1	4	3	3	2	3	4	1	4	4	2	3	2	3	3	2	4	3	3	4	1	3	3	3	3	3	3	3	1	2	4	1	1	1	4	0	1	2	3	3	0	3	1	1
