strain	category	AtMSQTsnp 2	AtMSQTsnp 4	AtMSQTsnp 8	AtMSQTsnp 9	AtMSQTsnp 10	AtMSQTsnp 11	AtMSQTsnp 12	AtMSQTsnp 14	AtMSQTsnp 15	AtMSQTsnp 18	AtMSQTsnp 21	AtMSQTsnp 22	AtMSQTsnp 27	AtMSQTsnp 29	AtMSQTsnp 30	AtMSQTsnp 31	AtMSQTsnp 33	AtMSQTsnp 38	AtMSQTsnp 40	AtMSQTsnp 41	AtMSQTsnp 47	AtMSQTsnp 48	AtMSQTsnp 49	AtMSQTsnp 53	AtMSQTsnp 54	AtMSQTsnp 57	AtMSQTsnp 58	AtMSQTsnp 60	AtMSQTsnp 61	AtMSQTsnp 62	AtMSQTsnp 63	AtMSQTsnp 65	AtMSQTsnp 67	AtMSQTsnp 69	AtMSQTsnp 73	AtMSQTsnp 76	AtMSQTsnp 85	AtMSQTsnp 87	AtMSQTsnp 88	AtMSQTsnp 90	AtMSQTsnp 91	AtMSQTsnp 92	AtMSQTsnp 97	AtMSQTsnp 100	AtMSQTsnp 101	AtMSQTsnp 104	AtMSQTsnp 108	AtMSQTsnp 114	AtMSQTsnp 118	AtMSQTsnp 123	AtMSQTsnp 126	AtMSQTsnp 128	AtMSQTsnp 129	AtMSQTsnp 130	AtMSQTsnp 132	AtMSQTsnp 138	AtMSQTsnp 140	AtMSQTsnp 142	AtMSQTsnp 143	AtMSQTsnp 145	AtMSQTsnp 146	AtMSQTsnp 155	AtMSQTsnp 156	AtMSQTsnp 159	AtMSQTsnp 164	AtMSQTsnp 169	AtMSQTsnp 170	AtMSQTsnp 173	AtMSQTsnp 174	AtMSQTsnp 177	AtMSQTsnp 184	AtMSQTsnp 186	AtMSQTsnp 187	AtMSQTsnp 188	AtMSQTsnp 189	AtMSQTsnp 191	AtMSQTsnp 194	AtMSQTsnp 197	AtMSQTsnp 198	AtMSQTsnp 203	AtMSQTsnp 205	AtMSQTsnp 214	AtMSQTsnp 220	AtMSQTsnp 222	AtMSQTsnp 223	AtMSQTsnp 231	AtMSQTsnp 232	AtMSQTsnp 235	AtMSQTsnp 237	AtMSQTsnp 242	AtMSQTsnp 244	AtMSQTsnp 249	AtMSQTsnp 254	AtMSQTsnp 260	AtMSQTsnp 263	AtMSQTsnp 266	AtMSQTsnp 267	AtMSQTsnp 274	AtMSQTsnp 278	AtMSQTsnp 279	AtMSQTsnp 281	AtMSQTsnp 282	AtMSQTsnp 285	AtMSQTsnp 286	AtMSQTsnp 288	AtMSQTsnp 292	AtMSQTsnp 294	AtMSQTsnp 300	AtMSQTsnp 304	AtMSQTsnp 306	AtMSQTsnp 307	AtMSQTsnp 310	AtMSQTsnp 312	AtMSQTsnp 315	AtMSQTsnp 321	AtMSQTsnp 323	AtMSQTsnp 325	AtMSQTsnp 327	AtMSQTsnp 331	AtMSQTsnp 334	AtMSQTsnp 343	AtMSQTsnp 350	AtMSQTsnp 351	AtMSQTsnp 355	AtMSQTsnp 358	AtMSQTsnp 359	AtMSQTsnp 360	AtMSQTsnp 361	AtMSQTsnp 368	AtMSQTsnp 370	AtMSQTsnp 372	AtMSQTsnp 373	AtMSQTsnp 378	AtMSQTsnp 379	AtMSQTsnp 388	AtMSQTsnp 390	AtMSQTsnp 392	AtMSQTsnp 394	AtMSQTsnp 395	AtMSQTsnp 397	AtMSQTsnp 398	AtMSQTsnp 399	AtMSQTsnp 404	AtMSQTsnp 406	AtMSQTsnp 408	AtMSQTsnp 409	AtMSQTsnp 410	AtMSQTsnp 412	AtMSQTsnp 415
UKSE06-520	UKSE06-520	3	2	1	0	1	2	1	4	4	2	3	1	4	2	3	2	3	2	1	2	4	4	3	4	2	1	1	1	1	3	4	4	1	4	3	4	1	1	2	3	3	4	1	1	3	3	1	3	1	4	4	2	2	4	1	2	3	4	2	2	3	1	3	3	3	1	4	1	2	3	1	1	1	4	4	2	3	1	4	3	1	2	1	4	2	3	1	2	1	4	0	3	4	2	4	4	2	3	2	1	4	2	1	2	2	4	2	3	2	2	2	2	3	1	3	3	4	1	1	1	0	3	3	3	2	4	3	3	3	3	3	1	2	1	1	2	3	1	1
UKSE06-527	UKSE06-527	3	1	1	0	1	2	1	4	4	2	3	1	4	4	3	1	2	2	1	2	4	4	1	4	2	4	3	2	3	3	4	4	1	4	3	4	1	1	2	3	3	4	3	3	3	1	3	4	1	4	4	2	1	2	2	2	3	4	2	1	4	2	1	3	3	4	1	1	4	3	1	4	3	2	4	2	3	1	3	3	1	2	3	2	2	3	1	2	1	3	0	3	4	4	1	2	2	3	2	1	4	2	1	1	2	1	2	3	2	3	2	2	1	1	4	1	4	1	1	1	1	1	2	3	0	4	3	3	1	4	3	1	4	1	1	2	3	1	1
UKSE06-528	UKSE06-528	3	1	1	0	1	2	1	4	4	2	3	1	4	4	3	1	2	2	1	2	4	4	1	4	2	4	3	2	3	3	4	4	1	4	3	4	1	1	2	3	3	4	3	3	3	1	3	4	1	4	4	2	1	2	2	2	3	4	2	1	4	2	1	3	3	4	1	1	4	3	1	4	3	2	4	2	3	1	3	3	1	2	3	2	2	3	1	2	1	3	3	3	4	4	1	2	2	3	2	1	4	2	1	1	2	1	2	3	2	3	2	2	1	1	4	1	4	1	1	1	1	1	2	3	2	4	3	3	1	4	3	1	4	1	1	2	3	1	1
UKSE06-529	UKSE06-529	3	2	3	3	1	2	3	4	4	2	3	1	4	2	3	1	2	2	1	2	4	4	3	4	2	1	3	2	3	1	4	2	4	2	3	4	1	1	2	3	3	4	1	1	1	3	3	3	3	4	4	2	1	2	2	2	3	4	2	1	4	2	1	3	3	4	4	1	2	3	1	4	1	4	4	4	3	1	3	3	1	2	3	2	2	3	1	1	2	3	3	3	2	4	1	4	2	1	2	3	4	2	4	2	4	4	2	3	2	3	4	2	1	1	3	1	4	1	1	1	1	1	2	3	2	4	3	3	1	4	3	1	4	1	1	2	3	1	1
UKSE06-530	UKSE06-530	3	2	1	4	1	4	3	4	4	2	3	1	4	4	3	2	3	2	1	4	2	4	3	4	2	1	1	2	3	3	4	2	4	2	3	4	1	3	2	3	3	2	1	1	1	1	3	4	1	4	4	2	1	2	2	2	1	2	2	2	4	2	1	3	3	4	4	1	4	1	1	4	3	2	1	4	3	1	3	3	1	2	3	4	2	3	1	2	2	3	3	1	2	2	4	2	2	1	4	1	2	2	1	2	4	4	2	1	4	2	4	2	1	1	3	1	4	1	1	3	0	1	3	1	1	2	3	1	1	3	3	3	2	3	1	2	1	1	3
UKSE06-531	UKSE06-531	3	2	1	4	1	4	3	4	4	2	3	1	4	4	3	2	3	2	1	4	2	4	3	4	2	1	1	2	3	3	4	2	4	2	3	4	1	3	2	3	3	2	1	1	1	1	3	4	1	4	4	0	1	2	2	2	1	2	2	2	4	2	1	3	3	4	4	1	4	1	1	4	3	2	1	4	3	1	3	3	1	2	3	4	2	3	1	2	2	3	3	1	2	2	4	2	2	1	4	1	2	2	1	2	4	4	2	1	4	2	4	2	1	1	3	1	4	1	1	3	0	1	3	1	1	2	3	1	1	3	3	3	2	3	1	2	1	1	3
UKSE06-532	UKSE06-532	3	2	1	3	3	2	3	1	2	3	3	1	4	4	3	2	2	4	2	2	2	4	1	2	2	1	3	2	3	3	4	2	1	4	3	4	1	1	2	3	3	2	1	1	3	3	3	3	3	4	4	2	1	2	2	2	3	4	2	2	4	2	1	3	3	4	1	1	2	3	1	1	3	2	4	2	3	3	4	3	1	0	1	2	2	3	1	2	2	4	0	1	4	2	1	4	2	3	2	1	4	2	1	1	4	4	2	1	4	2	4	2	1	1	3	1	4	1	3	3	0	3	2	1	2	2	3	3	1	3	3	3	2	1	1	2	1	1	1
UKSE06-533	UKSE06-533	1	2	3	3	3	4	1	4	4	3	3	1	1	2	3	1	3	4	1	2	4	4	1	4	2	1	3	2	3	3	3	2	1	2	3	4	1	3	3	3	3	2	3	1	1	1	1	3	3	4	4	2	2	4	1	4	3	4	4	1	3	1	3	3	3	4	1	1	2	3	1	4	3	4	1	2	3	1	4	1	3	0	1	2	2	3	1	1	2	4	3	3	2	4	4	4	3	1	4	1	2	3	1	1	4	4	1	3	2	3	4	2	3	3	4	3	3	1	1	1	0	3	2	1	2	4	1	1	1	3	2	1	4	1	3	2	1	1	3
UKSE06-535	UKSE06-535	3	1	3	4	3	4	3	1	4	2	1	1	1	4	0	1	0	2	2	4	0	4	0	4	3	1	1	1	3	3	0	0	1	2	3	4	1	3	3	3	0	4	1	1	0	3	0	0	3	4	4	2	0	0	1	2	1	2	2	2	4	1	3	1	0	4	1	0	0	3	0	1	0	0	0	4	3	1	3	3	1	2	3	4	0	3	1	1	1	0	3	3	0	2	4	0	2	3	4	0	4	2	4	2	4	0	2	3	4	2	0	0	3	1	3	3	0	1	1	0	0	0	0	3	0	2	3	0	3	0	3	1	4	1	0	0	3	1	1
UKSE06-541	UKSE06-541	3	1	3	4	3	4	3	1	4	2	1	1	1	4	4	1	2	2	2	4	4	4	3	4	3	1	1	1	3	3	4	4	1	2	3	4	1	3	3	3	1	4	1	1	3	3	3	3	3	4	4	2	2	4	1	2	1	2	2	2	4	1	3	1	3	4	1	1	4	3	1	1	3	4	4	4	3	1	3	3	1	0	3	4	2	3	1	1	1	3	3	3	2	2	4	2	2	3	4	1	4	2	4	2	4	1	2	3	4	2	2	2	3	1	3	3	4	1	1	1	1	1	2	3	2	2	3	1	3	3	3	1	4	1	3	4	3	1	1
UKSE06-542	UKSE06-542	3	1	3	4	3	4	3	1	4	2	1	1	1	4	3	1	2	2	2	4	4	4	0	4	3	1	1	1	3	3	4	4	1	2	3	4	1	3	3	3	1	4	1	1	3	3	3	3	3	4	4	2	0	4	1	2	1	2	2	2	4	1	3	1	3	4	1	1	2	3	0	1	3	4	4	4	3	1	3	3	1	2	3	4	2	3	1	1	1	4	3	3	2	2	4	4	2	3	4	1	4	2	4	2	4	4	2	3	4	2	2	2	3	1	3	3	4	1	1	3	1	3	2	3	2	2	3	1	3	3	3	1	4	1	1	2	3	1	1
UKSE06-543	UKSE06-543	3	1	3	4	3	2	3	4	4	3	3	1	4	4	3	2	2	4	2	2	2	4	1	2	2	1	3	2	3	3	4	2	1	4	3	4	1	1	2	3	3	2	1	1	1	3	3	3	3	4	4	0	1	2	2	2	3	4	2	2	4	2	1	3	3	4	4	1	4	1	1	4	3	2	1	4	3	1	3	3	1	2	3	4	2	3	1	2	2	4	4	3	4	4	4	4	2	3	2	1	4	2	1	1	4	4	2	3	4	2	4	2	3	1	3	3	4	1	1	1	1	3	3	1	2	2	3	3	1	4	3	1	2	1	1	2	1	1	1
UKSE06-544	UKSE06-544	3	1	3	4	3	2	3	4	4	3	3	1	4	4	3	2	2	4	2	2	2	4	1	2	2	1	3	2	3	3	4	2	1	4	3	4	1	1	2	3	3	2	1	1	1	3	3	3	3	4	4	2	1	2	2	2	3	4	2	2	4	2	1	3	3	4	4	1	4	1	1	4	3	2	1	4	3	1	3	3	1	2	3	4	2	3	1	2	2	4	4	3	4	4	4	4	2	3	2	1	4	2	1	1	4	4	2	3	4	2	4	2	3	1	3	3	4	1	1	1	1	3	3	1	2	2	3	3	1	4	3	1	2	1	1	2	1	1	1
UKSE06-545	UKSE06-545	3	1	3	4	3	4	3	1	4	2	1	1	1	4	4	1	2	2	2	4	4	4	3	4	3	1	1	1	3	3	4	4	1	2	3	4	1	3	3	3	1	4	1	1	3	3	3	3	3	4	4	2	2	4	1	2	1	2	2	2	4	1	3	1	3	4	1	1	4	3	1	1	3	4	4	4	3	1	3	3	1	2	3	4	2	3	1	1	1	3	0	3	2	2	4	2	2	3	4	1	4	2	4	2	4	1	2	3	4	2	2	2	3	1	3	3	4	1	1	1	1	1	2	3	2	2	3	1	3	3	3	1	4	1	3	4	3	1	1
UKSE06-546	UKSE06-546	3	1	3	4	3	4	3	1	4	2	1	1	1	4	0	1	0	2	2	4	0	4	0	4	3	1	1	1	3	3	0	0	1	2	3	4	1	3	3	3	0	4	1	1	0	3	0	0	3	4	4	2	0	0	1	2	1	2	2	2	4	1	3	1	0	4	1	0	0	3	0	1	0	0	0	4	3	1	3	3	1	2	3	4	0	3	1	1	1	0	3	3	0	2	4	0	2	3	4	0	4	2	4	2	4	0	2	3	4	2	0	0	3	1	3	3	0	1	1	0	0	0	0	3	2	2	3	0	3	0	3	1	4	1	0	0	3	1	1
UKSE06-549	UKSE06-549	1	1	1	3	1	4	1	4	2	3	3	1	1	2	3	2	3	4	1	4	2	2	3	4	3	4	1	2	3	1	3	4	4	2	3	4	3	3	2	3	1	4	3	3	1	1	3	3	3	4	4	4	1	2	2	2	3	4	4	2	3	2	3	1	1	4	1	1	2	3	1	4	1	4	4	4	1	1	4	1	1	0	1	2	2	1	3	1	1	3	4	3	4	2	4	4	2	3	2	3	4	3	4	1	4	4	2	1	2	3	2	4	1	3	4	1	3	3	3	3	1	1	2	1	1	4	3	1	3	4	2	1	2	3	1	4	1	1	3
UKSE06-551	UKSE06-551	1	1	1	3	1	4	1	4	2	3	3	1	1	2	3	2	3	4	1	4	2	2	3	4	3	4	1	2	3	1	3	4	4	2	3	4	3	3	2	3	1	4	3	3	1	1	3	3	3	4	4	4	1	2	2	2	3	4	4	2	3	2	3	1	1	4	1	1	2	3	1	4	1	4	4	4	1	1	4	1	1	0	1	2	2	1	3	1	1	3	4	3	4	2	4	4	2	3	2	3	4	3	4	1	4	4	2	1	2	3	2	4	1	3	4	1	3	3	3	3	1	1	2	1	1	4	3	1	3	4	2	1	2	3	1	4	1	1	3
UKSE06-555	UKSE06-555	3	1	1	4	1	2	1	4	4	2	3	1	4	2	3	1	2	2	1	2	4	4	0	4	2	1	3	2	1	1	4	2	4	2	3	4	1	3	2	1	3	4	1	1	3	3	3	3	1	4	2	2	2	2	2	2	3	4	4	2	4	2	1	3	3	4	1	1	4	3	1	4	3	2	1	4	1	1	3	3	3	0	1	2	2	3	1	2	1	3	3	1	2	2	4	2	2	1	4	1	0	2	1	1	2	1	2	3	2	3	4	2	1	1	3	1	4	1	1	1	1	1	3	3	0	2	3	3	1	3	2	1	2	1	1	2	1	1	1
UKSE06-556	UKSE06-556	3	1	1	4	1	2	1	4	4	2	3	1	4	2	3	1	2	2	1	2	4	4	1	4	2	1	3	2	1	1	4	2	4	2	3	4	1	3	2	1	3	4	1	1	3	3	3	3	1	4	2	2	2	2	2	2	3	4	4	2	4	2	1	3	3	4	1	1	4	3	1	4	3	2	1	4	1	1	3	3	3	0	1	2	2	3	1	2	1	3	3	1	2	2	4	2	2	1	4	1	4	2	1	1	2	1	2	3	2	3	4	2	1	1	3	1	4	1	1	1	1	1	3	3	0	2	3	3	1	3	2	1	2	1	1	2	1	1	1
UKSE06-558	UKSE06-558	1	1	1	3	1	4	1	4	2	3	3	1	1	2	3	2	3	4	1	4	2	2	3	4	3	4	1	2	3	1	3	4	4	2	3	4	3	3	2	3	1	4	3	3	1	1	3	3	3	4	4	4	1	2	2	2	3	4	4	2	3	2	3	1	1	4	1	1	2	3	1	4	1	4	4	4	1	1	4	1	1	0	1	2	2	1	3	1	1	3	4	3	4	2	4	4	2	3	2	3	4	3	4	1	4	4	2	1	2	3	2	4	1	3	4	1	3	3	3	3	1	1	2	1	1	4	3	1	3	4	2	1	2	3	1	4	1	1	3
UKSE06-561	UKSE06-561	1	1	1	3	1	4	1	4	2	3	3	1	1	2	3	2	3	4	1	4	2	2	3	4	3	4	1	2	3	1	3	4	4	2	3	4	3	3	2	3	1	4	3	3	1	1	3	3	3	4	4	4	1	2	2	2	3	4	4	2	3	2	3	1	1	4	1	1	2	3	1	4	1	4	4	4	1	1	4	1	1	0	1	2	2	1	3	1	1	3	4	3	4	2	4	4	2	3	2	3	4	3	4	1	4	4	2	1	2	3	2	4	1	3	4	1	3	3	3	3	1	1	2	1	1	4	3	1	3	4	2	1	2	3	1	4	1	1	3
UKSE06-562	UKSE06-562	1	1	1	3	1	4	1	4	2	3	3	1	1	2	3	2	3	4	1	4	2	2	3	4	3	4	1	2	3	1	3	4	4	2	3	4	3	3	2	3	1	4	3	3	1	1	3	3	3	4	4	4	1	2	2	2	3	4	4	2	3	2	3	1	1	4	1	1	2	3	1	4	1	4	4	4	1	1	4	1	1	0	1	2	2	1	3	1	1	3	4	3	4	2	4	4	2	3	2	3	4	3	4	1	4	4	2	1	2	3	2	4	1	3	4	1	3	3	3	3	1	1	2	1	1	4	3	1	3	4	2	1	2	3	1	4	1	1	3
UKSE06-563	UKSE06-563	1	1	1	3	1	4	1	4	2	3	3	1	1	2	3	2	3	4	1	4	2	2	3	4	3	4	1	2	3	1	3	4	4	2	3	4	3	3	2	3	1	4	3	3	1	1	3	3	3	4	4	4	1	2	2	2	3	4	4	2	3	2	3	1	1	4	1	1	2	3	1	4	1	4	4	4	1	1	4	1	1	1	1	2	2	1	3	1	1	3	4	3	4	2	4	4	2	3	2	3	4	3	4	1	4	4	2	1	2	3	2	4	1	3	4	1	3	3	3	3	1	1	2	1	1	4	3	1	3	4	2	1	2	3	1	4	1	1	3
UKSE06-564	UKSE06-564	1	1	1	3	1	4	1	4	2	3	3	1	1	2	3	2	3	4	1	4	2	2	3	4	3	4	1	2	3	1	3	4	4	2	3	4	3	3	2	3	1	4	3	3	1	1	3	3	3	4	4	4	1	2	2	2	3	4	4	2	3	2	3	1	1	4	1	1	2	3	1	4	1	4	4	4	1	1	4	1	1	0	1	2	2	1	3	1	1	3	0	3	4	2	4	4	2	3	2	3	4	3	4	1	4	4	2	1	2	3	2	4	1	3	4	1	3	3	3	3	1	1	2	1	1	4	3	1	3	4	2	1	2	3	1	4	1	1	3
UKSE06-565	UKSE06-565	1	1	1	3	1	4	1	4	2	3	3	1	1	2	3	2	3	4	1	4	2	2	3	4	3	4	1	2	3	1	3	4	4	2	3	4	3	3	2	3	1	4	3	3	1	1	3	3	3	4	4	4	1	2	2	2	3	4	4	2	3	2	3	1	1	4	1	1	2	3	1	4	1	4	4	4	1	1	4	1	1	1	1	2	2	1	3	1	1	3	4	3	4	2	4	4	2	3	2	3	4	3	4	1	4	4	2	1	2	3	2	4	1	3	4	1	3	3	3	3	1	1	2	1	1	4	3	1	3	4	2	1	2	3	1	4	1	1	3
UKSE06-566	UKSE06-566	1	1	1	3	1	4	1	4	2	3	3	1	1	2	3	2	3	4	1	4	2	2	3	4	3	4	1	2	3	1	3	4	4	2	3	4	3	3	2	3	1	4	3	3	1	1	3	3	3	4	4	4	1	2	2	2	3	4	4	2	3	2	3	1	1	4	1	1	2	3	1	4	1	4	4	4	1	1	4	1	1	0	1	2	2	1	3	1	1	3	4	3	4	2	4	4	2	3	2	3	4	3	4	1	4	4	2	1	2	3	2	4	1	3	4	1	3	3	3	3	1	1	2	1	1	4	3	1	3	4	2	1	2	3	1	4	1	1	3
UKSE06-567	UKSE06-567	1	1	1	3	1	4	1	4	2	3	3	3	1	2	4	1	2	2	1	4	2	4	1	4	3	1	1	2	1	1	3	2	1	2	1	4	3	1	2	3	3	2	3	3	1	1	3	3	1	4	4	4	1	2	2	2	1	2	2	2	3	2	3	3	1	4	1	1	2	3	1	1	3	2	4	4	1	1	3	3	1	1	1	2	2	1	3	2	1	4	3	3	4	4	1	4	2	1	4	1	4	3	1	2	4	4	1	1	2	3	4	4	1	3	4	3	4	1	3	1	0	1	2	1	1	2	3	3	3	3	2	3	2	3	3	4	1	1	3
UKSE06-568	UKSE06-568	1	1	1	3	1	4	1	4	2	3	3	3	1	2	4	1	2	2	1	4	2	4	1	4	3	1	1	2	1	1	3	2	1	2	1	4	3	1	2	3	3	2	3	3	1	1	3	3	1	4	4	4	1	2	2	2	1	2	2	2	3	2	3	3	1	4	1	1	2	3	1	1	3	2	4	4	1	1	3	3	1	1	1	2	2	1	3	2	1	4	3	3	4	4	1	4	2	1	4	1	4	3	1	2	4	4	1	1	2	3	4	4	1	3	4	3	4	1	3	1	0	1	2	1	1	2	3	3	3	3	2	3	2	3	3	4	1	1	3
UKSE06-571	UKSE06-571	1	1	1	3	1	4	1	4	2	3	3	3	1	2	4	1	2	2	1	4	2	4	1	4	3	1	1	2	1	1	3	2	1	2	1	4	3	1	2	3	3	2	3	3	1	1	3	3	1	4	4	4	1	2	2	2	1	2	2	2	3	2	3	3	1	4	1	1	2	3	1	1	3	2	4	4	1	1	3	3	1	0	1	2	2	1	3	2	1	4	3	3	4	4	1	4	2	1	4	1	4	3	1	2	4	4	1	1	2	3	4	4	1	3	4	3	4	1	3	1	0	1	2	1	1	2	3	3	3	3	2	3	2	3	3	4	1	1	3
UKSE06-572	UKSE06-572	1	1	1	3	1	4	1	4	2	3	3	3	1	2	4	1	2	2	1	4	2	4	1	4	3	1	1	2	1	1	3	2	1	2	1	4	3	1	2	3	3	2	3	3	1	1	3	3	1	4	4	4	1	2	2	2	1	2	2	2	3	2	3	3	1	4	1	1	2	3	1	1	3	2	4	4	1	1	3	3	1	0	1	2	2	1	3	2	1	4	3	3	4	4	1	4	2	1	4	1	4	3	1	2	4	4	1	1	2	3	4	4	1	3	4	3	4	1	3	1	0	1	2	1	1	2	3	3	3	3	2	3	2	3	3	4	1	1	3
UKSE06-573	UKSE06-573	1	1	1	3	1	4	1	4	2	3	3	3	1	2	4	1	2	2	1	4	2	4	1	4	3	1	1	2	1	1	3	2	1	2	1	4	3	1	2	3	3	2	3	3	1	1	3	3	1	4	4	4	1	2	2	2	1	2	2	2	3	2	3	3	1	4	1	1	2	3	1	1	3	2	4	4	1	1	3	3	1	1	1	2	2	1	3	2	1	4	3	3	4	4	1	4	2	1	4	1	4	3	1	2	4	4	1	1	2	3	4	4	1	3	4	3	4	1	3	1	0	1	2	1	1	2	3	3	3	3	2	3	2	3	3	4	1	1	3
UKSE06-574	UKSE06-574	1	1	1	3	1	4	1	4	2	3	3	3	1	2	4	1	2	2	1	4	2	4	1	4	3	1	1	2	1	1	3	2	1	2	1	4	3	1	2	3	3	2	3	3	1	1	3	3	1	4	4	4	1	2	2	2	1	2	2	2	3	2	3	3	1	4	1	1	2	3	1	1	3	2	4	4	1	1	3	3	1	0	1	2	2	1	3	2	1	4	0	3	4	4	1	4	2	1	4	1	4	3	1	2	4	4	1	1	2	3	4	4	1	3	4	3	4	1	3	1	0	1	2	1	1	2	3	3	3	3	2	3	2	3	3	4	1	1	3
UKSE06-575	UKSE06-575	1	1	1	3	1	4	1	4	2	3	3	3	1	2	0	1	8	2	1	4	0	4	1	4	3	1	1	2	1	1	10	0	1	2	1	4	3	1	2	3	3	2	3	3	0	1	3	3	1	4	4	4	1	2	2	2	1	2	2	2	3	2	3	3	0	4	1	1	2	3	1	1	3	2	4	4	1	1	3	3	1	0	1	2	2	1	3	2	1	0	3	3	0	4	1	4	2	1	4	1	4	3	1	2	4	4	1	1	2	3	4	0	1	3	4	3	4	1	3	1	1	0	0	1	1	2	3	0	3	3	2	3	2	3	6	2	1	1	3
UKSE06-579	UKSE06-579	1	1	1	3	1	4	1	4	2	3	3	3	1	2	4	1	2	2	1	4	2	4	1	4	3	1	1	2	1	1	3	2	1	2	1	4	3	1	2	3	3	2	3	3	1	1	3	3	1	4	4	4	1	2	2	2	1	2	2	2	3	2	3	3	1	4	1	1	2	3	1	1	3	2	4	4	1	1	3	3	1	0	1	2	2	1	3	2	1	4	3	3	4	4	1	4	2	1	4	1	4	3	1	2	4	4	1	1	2	3	4	4	1	3	4	3	4	1	3	1	0	1	2	1	1	2	3	3	3	3	2	3	2	3	3	4	1	1	3
UKSE06-580	UKSE06-580	1	1	1	3	1	4	1	4	2	3	3	3	1	2	4	1	2	2	1	4	2	4	1	4	3	1	1	2	1	1	3	2	1	2	1	4	3	1	2	3	3	2	3	3	1	1	3	3	1	4	4	4	1	2	2	2	1	2	2	2	3	2	3	3	1	4	1	1	2	3	1	1	3	2	4	4	1	1	3	3	1	0	1	2	2	1	3	2	1	4	3	3	4	4	1	4	2	1	4	1	4	3	1	2	4	4	1	1	2	3	4	4	1	3	4	3	4	1	3	1	0	1	2	1	1	2	3	3	3	3	2	3	2	3	3	4	1	1	3
UKSE06-581	UKSE06-581	1	1	1	3	1	4	1	4	2	3	3	3	1	2	4	1	2	2	1	4	2	4	1	4	3	1	1	2	1	1	3	2	1	2	1	4	3	1	2	3	3	2	3	3	1	1	3	3	1	4	4	4	1	2	2	2	1	2	2	2	3	2	3	3	1	4	1	1	2	3	1	1	3	2	4	4	1	1	3	3	1	0	1	2	2	1	3	2	1	4	3	3	4	4	1	4	2	1	4	1	4	3	1	2	4	4	1	1	2	3	4	4	1	3	4	3	4	1	3	1	0	1	2	1	1	2	3	3	3	3	2	3	2	3	3	4	1	1	3
UKSE06-586	UKSE06-586	1	1	1	3	1	4	1	4	2	3	3	3	1	2	0	1	0	2	1	4	0	4	0	4	3	1	1	2	1	1	0	0	1	2	1	4	3	1	2	3	0	2	3	3	0	1	0	0	1	4	4	4	0	0	2	2	1	2	2	2	3	2	3	3	0	4	1	0	0	3	0	1	0	0	0	4	1	1	3	3	1	0	1	2	0	1	3	2	1	0	3	3	0	4	1	0	2	1	4	0	4	3	1	2	4	0	1	1	2	3	0	0	1	3	4	3	0	1	3	0	0	0	0	1	1	2	3	0	3	0	2	3	2	3	0	0	1	1	3
UKSE06-587	UKSE06-587	3	1	3	4	3	4	3	1	4	2	1	1	1	4	4	1	2	2	2	4	4	4	3	4	3	1	1	1	3	3	4	4	1	2	3	4	1	3	3	3	1	4	1	1	3	3	3	3	3	4	4	2	2	4	1	2	1	2	2	2	4	1	3	1	3	4	1	1	4	3	1	1	3	4	4	4	3	1	3	3	1	2	3	4	2	3	1	1	1	3	3	3	2	2	4	2	2	3	4	1	4	2	4	2	4	1	2	3	4	2	2	2	3	1	3	3	4	1	1	1	1	3	2	3	2	2	3	1	3	3	3	1	4	1	3	4	3	1	1
UKSE06-588	UKSE06-588	3	1	3	4	3	4	3	1	4	2	1	1	1	4	0	1	0	2	2	4	0	4	0	4	3	1	1	1	3	3	0	0	1	2	3	4	1	3	3	3	0	4	1	1	0	3	0	0	3	4	4	2	0	0	1	2	1	2	2	2	4	1	3	1	0	4	1	0	0	3	0	1	0	0	0	4	3	1	3	3	1	2	3	4	0	3	1	1	1	0	3	3	0	2	4	0	2	3	4	0	4	2	4	2	4	0	2	3	4	2	0	0	3	1	3	3	0	1	1	0	0	0	0	3	2	2	3	0	3	0	3	1	4	1	0	0	3	1	1
UKSE06-589	UKSE06-589	3	1	3	0	3	4	3	1	4	2	1	1	1	4	4	1	2	2	2	4	4	4	3	4	3	1	1	1	3	3	4	4	1	2	3	4	1	3	3	3	1	4	1	1	3	3	3	3	3	4	4	2	2	4	1	2	1	2	2	2	4	1	3	1	3	4	1	1	4	3	1	1	3	4	4	4	3	1	3	3	1	2	3	4	2	3	1	1	1	3	0	3	2	2	4	2	2	3	4	1	4	2	4	2	4	1	2	3	4	2	2	2	3	1	3	3	4	1	1	1	1	0	2	3	2	2	3	1	3	3	3	1	4	1	3	4	3	1	1
UKSE06-590	UKSE06-590	3	1	3	4	3	4	3	1	4	2	1	1	1	4	4	1	0	2	2	4	4	4	0	4	3	1	1	1	3	3	0	4	1	2	3	4	1	3	3	3	1	4	1	1	3	3	3	0	3	4	4	2	0	4	1	2	1	2	2	2	4	1	3	1	0	4	1	1	4	3	1	1	0	4	4	4	3	1	3	3	1	2	3	4	0	3	1	1	1	0	3	3	0	2	4	0	2	3	4	0	4	2	4	2	4	1	2	3	4	2	0	0	3	1	3	3	0	1	1	1	1	0	0	3	0	2	3	1	3	0	3	1	4	1	0	4	3	1	1
UKSE06-591	UKSE06-591	3	1	3	4	3	4	3	1	4	2	1	1	1	4	4	1	2	2	2	4	4	4	3	4	3	1	1	1	3	3	4	4	1	2	3	4	1	3	3	3	1	4	1	1	3	3	3	3	3	4	4	4	2	4	1	2	1	2	2	2	4	1	3	1	3	4	1	1	4	3	1	1	3	4	4	4	3	1	3	3	1	2	3	4	2	3	1	1	1	3	3	3	2	2	4	2	2	3	4	1	4	2	4	2	4	1	2	3	4	2	2	2	3	1	3	3	4	1	1	1	1	3	2	3	0	2	3	1	3	3	3	1	4	1	3	4	3	1	1
UKSE06-592	UKSE06-592	3	2	1	3	3	2	3	1	2	3	3	1	4	4	3	2	2	4	2	2	2	4	1	2	2	1	3	2	3	3	4	2	1	4	3	4	1	1	2	3	3	2	1	1	3	3	3	3	3	4	4	2	1	2	2	2	3	4	2	2	4	2	1	3	3	4	1	1	2	3	1	1	3	2	4	2	3	3	4	3	1	0	1	2	2	3	3	2	2	4	4	1	4	2	1	4	2	3	2	1	4	2	1	1	4	4	2	1	4	2	4	2	1	1	3	1	4	1	3	3	0	3	2	1	2	2	3	3	1	4	3	1	2	1	1	2	1	1	1
UKSE06-593	UKSE06-593	3	2	1	3	3	2	3	1	2	3	3	1	4	4	3	2	2	4	2	2	2	4	1	2	2	1	3	2	3	3	4	2	1	4	3	4	1	1	2	3	3	2	1	1	3	3	3	3	3	4	4	2	1	2	2	2	3	4	2	2	4	2	1	3	3	4	1	1	2	3	1	1	3	2	4	2	3	3	4	3	1	0	1	2	2	3	3	2	2	4	4	1	4	2	1	4	2	3	2	1	4	2	1	1	4	4	2	1	4	2	4	2	1	1	3	1	4	1	3	3	3	0	2	1	0	2	3	3	1	4	3	1	2	1	1	2	1	1	1
UKSE06-594	UKSE06-594	3	2	1	3	3	2	3	1	2	3	3	1	4	4	3	2	2	4	2	2	2	4	1	2	2	1	3	2	3	3	4	2	1	4	3	4	1	1	2	3	3	2	1	1	3	3	3	3	3	4	4	2	1	2	2	2	3	4	2	2	4	2	1	3	3	4	1	1	2	3	1	1	3	2	4	2	3	3	4	3	1	0	1	2	2	3	3	2	2	4	4	1	4	2	1	4	2	3	2	1	4	2	1	1	4	4	2	1	4	2	4	2	1	1	3	1	4	1	3	3	0	0	2	1	2	2	3	3	1	4	3	1	2	1	1	2	1	1	1
UKSE06-596	UKSE06-596	3	1	3	4	3	2	3	4	4	2	3	1	1	4	4	2	2	4	1	2	4	4	1	4	2	1	1	2	1	1	4	2	1	2	3	2	1	3	3	3	1	4	3	1	1	1	3	4	1	4	4	4	1	2	1	2	1	2	2	2	3	1	1	3	3	1	4	1	4	1	1	4	3	2	1	4	3	1	3	3	1	2	3	4	2	3	1	2	2	4	4	3	4	4	4	4	2	3	2	1	2	2	1	2	2	4	2	3	4	2	4	2	3	1	3	3	4	1	1	1	1	3	3	1	1	2	3	1	1	3	3	3	2	3	1	2	1	1	3
UKSE06-597	UKSE06-597	1	1	3	3	3	4	1	1	2	2	1	1	1	2	3	1	2	2	2	2	4	2	1	4	2	1	1	1	1	3	4	4	1	2	3	4	3	3	2	3	3	4	3	1	6	6	3	10	1	2	4	4	2	2	1	4	3	4	2	2	3	2	3	3	3	4	4	1	2	1	2	4	1	4	4	2	3	1	4	3	1	2	3	4	2	3	1	1	2	10	4	6	4	9	4	4	2	3	2	1	2	2	1	2	2	7	1	3	2	3	4	2	3	3	10	3	10	6	1	1	1	3	8	1	5	9	3	1	1	3	3	6	9	6	1	2	1	1	3
UKSE06-598	UKSE06-598	3	1	3	4	3	2	3	4	4	2	3	1	1	4	4	2	2	4	1	2	4	4	1	4	2	1	1	2	1	1	4	2	1	2	3	2	1	3	3	3	1	4	3	1	1	1	3	4	1	4	4	4	1	2	1	2	1	2	2	2	3	1	1	3	3	1	4	1	4	1	1	4	3	2	1	4	3	1	3	3	1	2	3	4	2	3	1	2	2	4	4	3	4	4	4	4	2	3	2	1	2	2	1	2	2	4	2	3	4	2	4	2	3	1	3	3	4	1	1	1	1	3	3	1	1	2	3	1	1	3	3	3	2	3	1	2	1	1	3
UKSE06-599	UKSE06-599	3	1	3	4	3	2	3	4	4	2	3	1	1	4	4	2	2	4	1	2	4	4	1	4	2	1	1	2	1	1	4	2	1	2	3	2	1	3	3	3	1	4	3	1	1	1	3	4	1	4	4	4	1	2	1	2	1	2	2	2	3	1	1	3	3	1	4	1	4	1	1	4	3	2	1	4	3	1	3	3	1	2	3	4	2	3	1	2	2	4	4	3	4	4	4	4	2	3	2	1	2	2	1	2	2	4	2	3	4	2	4	2	3	1	3	3	4	1	1	1	1	3	3	1	1	2	3	1	1	3	3	3	2	3	1	2	1	1	3
UKSE06-600	UKSE06-600	3	1	3	4	3	2	3	4	4	2	3	1	1	4	4	2	2	4	1	2	4	4	1	4	2	1	1	2	1	1	4	2	1	2	3	2	1	3	3	3	1	4	3	1	1	1	3	4	1	4	4	4	1	2	1	2	1	2	2	2	3	1	1	3	3	1	4	1	4	1	1	4	3	2	1	4	3	1	3	3	1	2	3	4	2	3	1	2	2	4	4	3	4	4	4	4	2	3	2	1	2	2	1	2	2	4	2	3	4	2	4	2	3	1	3	3	4	1	1	1	1	3	3	1	1	2	3	1	1	3	3	3	2	3	1	2	1	1	3
UKSE06-601	UKSE06-601	3	1	3	4	3	2	3	4	4	2	3	1	1	4	4	2	2	4	1	2	4	4	1	4	2	1	1	2	1	1	4	2	1	2	3	2	1	3	3	3	1	4	3	1	1	1	3	4	1	4	4	4	1	2	1	2	1	2	2	2	3	1	1	3	3	1	4	1	4	1	1	4	3	2	1	4	3	1	3	3	1	2	3	4	2	3	1	2	2	4	4	3	4	4	4	4	2	3	2	1	2	2	1	2	2	4	2	3	4	2	4	2	3	1	3	3	4	1	1	1	1	3	3	1	1	2	3	1	1	3	3	3	2	3	1	2	1	1	3
UKSE06-603	UKSE06-603	3	1	3	4	3	2	3	4	4	2	3	1	1	4	4	2	2	4	1	2	4	4	1	4	2	1	1	2	1	1	4	2	1	2	3	2	1	3	3	3	1	4	3	1	1	1	3	4	1	4	4	4	1	2	1	2	1	2	2	2	3	1	1	3	3	1	4	1	4	1	1	4	3	2	1	4	3	1	3	3	1	2	3	4	2	3	1	2	2	4	4	3	4	4	4	4	2	3	2	1	2	2	1	2	2	4	2	3	4	2	4	2	3	1	3	3	4	1	1	1	1	3	3	1	1	2	3	1	1	3	3	3	2	3	1	2	1	1	3
UKSE06-604	UKSE06-604	3	1	3	4	3	2	3	4	4	2	3	1	1	4	4	2	2	4	1	2	4	4	1	4	2	1	1	2	1	1	4	2	1	2	3	2	1	3	3	3	1	4	3	1	1	1	3	4	1	4	4	4	1	2	1	2	1	2	2	2	3	1	1	3	3	1	4	1	4	1	1	4	3	2	1	4	3	1	3	3	1	2	3	4	2	3	1	2	2	4	4	3	4	4	4	4	2	3	2	1	2	2	1	2	2	4	2	3	4	2	4	2	3	1	3	3	4	1	1	1	1	3	3	1	1	2	3	1	1	3	3	3	2	3	1	2	1	1	3
UKSE06-605	UKSE06-605	3	2	1	4	1	2	1	4	4	2	3	1	4	4	3	2	3	2	1	2	4	4	1	4	2	1	1	2	1	1	4	2	4	2	3	4	1	3	2	1	3	4	1	1	3	3	3	3	1	4	2	2	2	2	2	2	3	4	4	2	4	2	1	3	3	4	1	1	4	3	1	4	3	2	1	4	1	3	4	1	3	0	1	2	2	3	1	2	2	3	3	1	2	2	4	2	2	1	4	1	4	2	1	2	2	4	2	3	2	3	4	2	1	1	4	1	4	1	1	3	0	1	3	1	2	2	3	3	1	3	3	1	2	1	1	2	3	1	1
UKID19	UKID19	3	2	1	4	1	2	1	4	4	2	3	1	4	4	3	0	3	2	1	4	2	4	0	4	2	1	3	2	3	3	4	4	1	4	3	4	1	1	2	3	1	4	3	1	3	3	3	3	3	4	4	2	1	2	2	2	1	2	4	2	3	1	1	3	3	4	1	1	2	3	1	4	1	4	4	4	0	3	4	3	1	1	3	2	2	3	1	2	2	3	3	3	2	2	1	4	2	3	4	3	9	2	4	2	4	4	2	3	2	3	4	2	1	1	3	1	4	1	1	1	1	1	3	3	2	2	3	3	1	3	0	1	2	1	1	0	1	1	1
UKID20	UKID20	3	2	1	4	3	4	3	4	2	2	3	3	1	4	3	1	2	2	1	4	4	4	1	4	3	1	1	1	1	1	4	4	1	4	1	4	3	1	3	3	3	4	3	3	3	3	3	4	3	4	2	4	2	2	2	4	3	4	2	2	3	0	1	3	1	4	4	4	4	3	1	4	1	4	1	2	0	3	3	1	3	1	1	2	4	1	1	2	2	4	4	3	4	4	1	4	2	1	2	1	2	2	4	1	4	4	2	1	2	3	2	4	1	1	4	3	3	3	3	3	3	3	3	1	2	4	3	1	1	3	0	1	2	3	3	0	1	4	1
UKID21	UKID21	1	1	1	3	3	2	1	4	2	2	1	1	1	2	3	1	2	4	2	2	2	4	0	4	2	1	1	2	3	3	4	4	4	2	3	4	1	3	3	3	1	2	1	3	1	1	3	3	0	4	4	4	2	2	1	4	3	4	2	2	4	0	1	1	3	4	1	1	2	3	1	4	3	4	4	2	0	1	4	1	3	1	1	2	2	1	1	2	1	3	4	1	4	4	4	4	3	3	4	1	0	2	4	1	4	4	1	3	2	3	4	2	3	1	4	3	4	1	3	3	1	3	2	3	2	4	3	1	1	4	0	1	2	1	1	0	1	1	3
UKID37	UKID37	3	1	1	3	3	2	1	4	2	2	3	1	1	2	3	2	2	4	2	2	4	2	3	4	2	4	1	1	3	1	3	4	4	2	3	2	3	3	3	3	1	4	1	1	3	3	3	4	3	2	4	4	1	2	1	2	3	4	4	2	4	2	1	1	3	1	4	1	2	3	1	4	1	4	1	4	0	1	3	1	1	1	1	0	2	1	1	2	2	3	4	3	2	4	4	4	3	1	4	1	0	2	1	1	4	4	1	3	4	3	2	2	1	1	4	3	3	3	1	3	3	3	3	1	2	2	1	3	3	3	0	1	4	1	1	0	1	1	1
UKID50	UKID50	3	2	1	3	3	2	3	1	2	3	3	1	4	2	3	2	2	2	1	4	2	4	3	4	3	1	1	2	1	3	3	4	4	2	3	4	1	1	2	3	1	4	1	1	3	3	3	4	1	4	4	4	2	2	1	2	3	4	2	2	4	2	1	3	3	4	1	1	2	3	1	4	3	4	4	4	0	1	4	3	1	2	1	2	2	3	3	2	2	4	4	1	4	4	4	2	2	3	2	1	0	2	1	1	4	4	2	3	4	2	0	2	3	1	4	3	4	1	1	3	1	3	2	1	0	2	3	1	3	3	0	3	2	1	1	0	1	1	1
CS28160	CS28160	3	2	1	4	1	2	1	4	4	2	3	1	4	4	3	2	3	2	1	4	2	4	0	4	2	1	3	2	3	3	4	4	1	4	3	4	1	1	2	3	1	4	3	1	3	3	3	3	3	4	4	2	1	2	2	2	1	2	4	2	3	1	1	3	3	4	1	1	2	3	1	4	1	4	4	4	0	3	4	3	1	1	3	2	2	3	1	2	2	3	3	3	2	2	1	4	2	3	4	3	4	2	4	2	4	4	2	3	2	3	4	2	1	1	3	1	4	1	1	1	1	1	3	3	2	2	3	3	1	3	0	1	2	1	1	0	1	1	1
