strain	category	AtMSQTsnp 2	AtMSQTsnp 4	AtMSQTsnp 8	AtMSQTsnp 9	AtMSQTsnp 10	AtMSQTsnp 11	AtMSQTsnp 12	AtMSQTsnp 14	AtMSQTsnp 15	AtMSQTsnp 18	AtMSQTsnp 21	AtMSQTsnp 22	AtMSQTsnp 27	AtMSQTsnp 29	AtMSQTsnp 30	AtMSQTsnp 31	AtMSQTsnp 33	AtMSQTsnp 38	AtMSQTsnp 40	AtMSQTsnp 41	AtMSQTsnp 47	AtMSQTsnp 48	AtMSQTsnp 49	AtMSQTsnp 53	AtMSQTsnp 54	AtMSQTsnp 57	AtMSQTsnp 58	AtMSQTsnp 60	AtMSQTsnp 61	AtMSQTsnp 62	AtMSQTsnp 63	AtMSQTsnp 65	AtMSQTsnp 67	AtMSQTsnp 69	AtMSQTsnp 73	AtMSQTsnp 76	AtMSQTsnp 85	AtMSQTsnp 87	AtMSQTsnp 88	AtMSQTsnp 90	AtMSQTsnp 91	AtMSQTsnp 92	AtMSQTsnp 97	AtMSQTsnp 100	AtMSQTsnp 101	AtMSQTsnp 104	AtMSQTsnp 108	AtMSQTsnp 114	AtMSQTsnp 118	AtMSQTsnp 123	AtMSQTsnp 126	AtMSQTsnp 128	AtMSQTsnp 129	AtMSQTsnp 130	AtMSQTsnp 132	AtMSQTsnp 138	AtMSQTsnp 140	AtMSQTsnp 142	AtMSQTsnp 143	AtMSQTsnp 145	AtMSQTsnp 146	AtMSQTsnp 155	AtMSQTsnp 156	AtMSQTsnp 159	AtMSQTsnp 164	AtMSQTsnp 169	AtMSQTsnp 170	AtMSQTsnp 173	AtMSQTsnp 174	AtMSQTsnp 177	AtMSQTsnp 184	AtMSQTsnp 186	AtMSQTsnp 187	AtMSQTsnp 188	AtMSQTsnp 189	AtMSQTsnp 191	AtMSQTsnp 194	AtMSQTsnp 197	AtMSQTsnp 198	AtMSQTsnp 203	AtMSQTsnp 205	AtMSQTsnp 214	AtMSQTsnp 220	AtMSQTsnp 222	AtMSQTsnp 223	AtMSQTsnp 231	AtMSQTsnp 232	AtMSQTsnp 235	AtMSQTsnp 237	AtMSQTsnp 242	AtMSQTsnp 244	AtMSQTsnp 249	AtMSQTsnp 254	AtMSQTsnp 260	AtMSQTsnp 263	AtMSQTsnp 266	AtMSQTsnp 267	AtMSQTsnp 274	AtMSQTsnp 278	AtMSQTsnp 279	AtMSQTsnp 281	AtMSQTsnp 282	AtMSQTsnp 285	AtMSQTsnp 286	AtMSQTsnp 288	AtMSQTsnp 292	AtMSQTsnp 294	AtMSQTsnp 300	AtMSQTsnp 304	AtMSQTsnp 306	AtMSQTsnp 307	AtMSQTsnp 310	AtMSQTsnp 312	AtMSQTsnp 315	AtMSQTsnp 321	AtMSQTsnp 323	AtMSQTsnp 325	AtMSQTsnp 327	AtMSQTsnp 331	AtMSQTsnp 334	AtMSQTsnp 343	AtMSQTsnp 350	AtMSQTsnp 351	AtMSQTsnp 355	AtMSQTsnp 358	AtMSQTsnp 359	AtMSQTsnp 360	AtMSQTsnp 361	AtMSQTsnp 368	AtMSQTsnp 370	AtMSQTsnp 372	AtMSQTsnp 373	AtMSQTsnp 378	AtMSQTsnp 379	AtMSQTsnp 388	AtMSQTsnp 390	AtMSQTsnp 392	AtMSQTsnp 394	AtMSQTsnp 395	AtMSQTsnp 397	AtMSQTsnp 398	AtMSQTsnp 399	AtMSQTsnp 404	AtMSQTsnp 406	AtMSQTsnp 408	AtMSQTsnp 409	AtMSQTsnp 410	AtMSQTsnp 412	AtMSQTsnp 415
L-R-1	L-R-1	1	2	1	3	1	4	1	4	4	2	2	1	1	4	2	3	1	3	2	1	4	4	2	1	4	3	1	0	1	2	1	3	3	4	4	1	2	3	4	3	1	2	3	1	4	1	1	1	3	3	3	3	4	2	4	2	4	1	4	1	1	2	2	1	4	1	1	1	3	1	1	1	2	3	1	4	3	4	1	2	3	4	3	3	2	1	2	3	1	2	1	4	3	1	4	4	4	4	3	1	2	4	3	2	1	1	4	4	1	1	4	0	3	4	2	3	1	3	3	4	3	3	1	3	1	3	3	1	1	4	3	1	3	3	1	4	1	1	1	1	3
L-R-3	L-R-3	1	2	1	3	1	4	1	4	4	2	2	1	1	4	2	3	1	3	2	0	4	4	2	1	4	0	1	0	1	2	1	3	3	4	4	1	2	3	4	3	1	2	3	1	4	1	1	1	3	3	3	3	4	2	4	2	4	1	0	1	0	0	2	1	4	0	1	1	3	1	1	1	2	3	1	4	3	4	1	2	3	4	3	3	2	1	2	3	1	2	1	4	3	1	4	4	4	4	3	1	2	4	3	2	1	1	4	4	1	1	4	4	3	4	2	3	1	3	3	4	0	3	0	3	1	3	3	1	1	4	3	1	3	3	1	4	1	1	1	1	3
L-R-4	L-R-4	1	0	1	0	1	0	0	4	4	2	2	0	1	0	2	3	1	3	2	1	0	4	0	1	4	3	1	0	1	2	1	3	3	4	4	1	2	3	4	3	1	0	3	1	0	0	1	1	3	3	3	3	4	2	4	2	4	0	4	0	1	2	2	1	4	1	0	1	3	1	1	1	2	3	1	0	3	4	1	2	3	0	0	3	2	1	2	3	0	2	0	4	0	0	4	0	0	4	3	1	0	0	3	2	1	1	0	4	1	0	0	4	3	4	2	3	0	0	0	4	3	3	1	3	1	3	3	1	1	0	3	1	0	3	0	4	1	1	1	1	3
L-R-5	L-R-5	3	2	1	3	1	2	1	1	2	2	4	1	1	4	2	3	1	2	4	2	2	4	4	1	4	3	1	2	3	2	1	3	4	2	4	1	4	3	4	1	3	2	3	1	4	1	1	3	1	1	3	3	2	4	2	1	4	1	4	3	3	4	2	1	3	2	3	3	1	4	1	4	2	1	1	4	1	4	4	2	1	4	3	3	0	1	2	3	1	1	1	3	3	1	4	4	4	2	3	1	2	4	3	2	1	2	4	4	1	3	4	4	3	4	4	1	3	3	3	4	4	3	1	3	1	3	2	1	1	2	3	3	3	3	3	4	1	1	3	1	1
L-R-7	L-R-7	1	2	1	3	1	4	1	4	4	2	2	1	1	4	2	3	1	3	2	0	4	4	2	1	4	0	1	0	1	2	1	3	3	0	4	1	2	3	4	3	1	2	3	1	4	1	1	1	3	3	3	0	4	2	4	2	4	1	0	1	0	0	2	1	4	0	1	1	3	1	1	1	2	3	1	4	3	4	1	2	3	4	3	3	2	1	2	3	1	2	1	4	3	1	4	4	4	4	3	1	2	4	3	2	1	1	4	4	1	1	4	4	3	4	2	3	1	3	3	4	0	3	0	3	1	3	3	1	1	4	3	1	3	3	1	4	1	1	1	1	3
L-R-8	L-R-8	1	0	1	0	1	0	0	4	4	2	2	0	1	0	2	3	1	3	2	1	0	4	0	1	4	3	1	0	1	2	1	3	3	4	4	1	2	3	4	3	1	0	3	1	0	0	1	1	3	3	3	3	4	2	4	2	4	0	4	0	1	2	2	1	4	1	0	1	3	1	1	1	2	3	1	0	3	4	1	2	3	0	0	3	2	1	2	3	0	2	0	4	0	0	4	0	0	4	3	1	0	0	3	2	1	1	0	4	1	0	0	4	3	4	2	3	0	0	0	4	3	3	1	3	1	3	3	1	1	0	3	1	0	3	0	4	1	1	1	1	3
L-R-9	L-R-9	1	2	1	3	1	4	1	4	4	2	2	1	1	4	2	3	1	3	2	1	4	4	2	1	4	3	1	0	1	2	1	3	3	4	4	1	2	3	4	3	1	2	3	1	4	1	1	1	3	3	3	3	4	2	4	2	4	1	4	1	1	2	2	1	4	1	1	1	3	1	1	1	2	3	1	4	3	4	1	2	3	4	3	3	2	1	2	3	1	2	1	4	3	1	4	4	4	4	3	1	0	4	3	2	1	1	4	4	1	1	4	4	3	4	2	3	1	3	3	4	3	3	1	3	1	3	3	1	1	4	3	1	3	3	1	4	1	1	1	1	3
L-R-10	L-R-10	3	2	1	3	1	2	1	1	2	2	4	1	1	4	2	3	1	2	4	2	2	4	4	1	4	3	1	2	3	2	1	3	4	2	4	1	4	3	4	1	3	2	3	1	4	1	1	3	1	1	3	3	2	4	2	1	4	1	4	3	3	4	2	1	3	2	3	3	1	4	1	4	2	1	1	4	1	4	4	2	1	4	3	3	0	1	2	3	1	1	1	3	3	1	4	4	4	2	3	1	2	4	3	2	1	2	4	4	1	3	4	4	3	4	4	1	3	3	3	4	4	3	1	3	1	3	2	1	1	2	3	3	3	3	3	4	1	1	3	1	1
L-R-11	L-R-11	0	2	0	3	1	4	1	0	0	2	2	1	1	4	2	3	1	3	2	0	4	4	2	1	0	0	1	0	0	0	1	3	3	4	4	0	2	0	0	3	1	2	0	1	4	1	0	1	0	3	3	3	0	0	0	2	4	1	4	1	0	2	0	1	0	0	1	0	3	1	1	1	2	3	1	4	3	4	1	2	0	4	3	0	0	1	2	0	1	0	1	4	3	1	4	4	4	4	3	0	2	4	3	0	0	0	4	4	0	1	4	0	3	4	2	0	1	3	3	4	3	0	1	3	1	3	3	1	0	4	3	1	3	3	1	0	1	1	0	0	0
L-R-13	L-R-13	0	2	1	3	1	4	1	4	0	2	2	1	1	4	2	3	1	3	2	1	4	4	2	1	4	0	1	0	1	2	1	3	3	4	4	1	2	3	4	3	1	2	3	1	4	1	1	1	3	3	3	3	4	0	4	2	4	1	4	1	0	2	0	1	4	0	1	1	3	1	1	1	2	3	1	4	3	4	1	2	3	4	3	0	2	1	2	3	1	2	1	4	3	1	4	4	4	4	3	0	2	4	3	0	1	1	4	4	1	1	4	4	3	4	2	3	1	3	3	4	3	3	1	3	1	0	3	1	1	4	3	1	3	3	1	4	1	1	1	1	3
L-R-14	L-R-14	0	2	1	3	1	4	1	4	0	2	2	1	1	4	2	3	1	3	2	1	4	4	2	1	0	3	1	0	1	2	1	3	3	4	4	1	2	0	4	3	1	2	3	1	4	1	0	1	3	3	3	3	0	0	4	2	4	1	4	1	1	2	0	1	4	1	1	1	3	1	1	1	2	3	1	4	3	4	1	2	3	4	3	0	2	1	2	3	1	2	1	4	3	1	4	4	4	4	3	0	2	0	3	0	1	1	4	4	0	1	4	0	3	4	2	3	1	3	3	4	3	0	1	3	1	3	3	1	0	4	3	1	3	3	1	4	1	1	1	0	0
L-R-15	L-R-15	0	2	1	3	1	4	1	4	4	2	2	1	1	4	2	3	1	3	2	1	4	4	2	1	4	3	1	0	1	2	1	3	3	4	4	1	2	3	4	3	1	2	3	1	4	1	1	1	3	3	3	3	4	0	4	2	4	1	4	1	1	2	2	1	4	1	1	1	3	1	1	1	2	3	1	4	3	4	1	2	3	4	3	3	2	1	2	3	1	2	1	4	3	1	4	4	4	4	3	1	2	0	3	2	1	1	4	4	1	1	4	4	3	4	2	3	1	3	3	4	3	3	1	3	1	3	3	1	1	4	3	1	3	3	1	4	1	1	1	1	3
L-R-16	L-R-16	0	2	1	3	1	4	1	4	4	2	2	1	1	4	2	3	1	3	2	1	4	4	2	1	4	3	1	2	1	2	1	3	3	4	4	1	2	3	4	3	1	2	3	1	4	1	1	1	3	3	3	3	4	0	4	2	4	1	4	1	1	2	2	1	4	1	1	1	3	1	1	1	2	3	1	4	3	4	1	2	3	4	3	3	2	1	2	3	1	2	1	4	3	1	4	4	4	4	3	1	2	4	3	2	1	1	4	4	1	1	4	4	3	4	2	3	1	3	3	4	3	3	1	3	1	3	3	1	0	4	3	1	3	3	1	4	1	1	1	1	3
L-R-17	L-R-17	0	2	1	3	1	4	1	4	4	2	2	1	1	4	2	3	1	3	2	1	4	4	2	1	4	3	1	2	1	2	1	3	3	4	4	1	2	3	4	3	1	2	3	1	4	1	1	1	3	3	3	3	4	2	4	2	4	1	4	1	1	2	2	1	4	1	1	1	3	1	1	1	2	3	1	4	3	4	1	2	3	4	3	3	2	1	2	3	1	2	1	4	3	1	4	4	4	4	3	1	2	0	3	2	1	1	4	4	1	1	4	4	3	4	2	3	1	3	3	4	3	3	1	3	1	3	3	1	1	4	3	1	3	3	1	4	1	1	1	1	3
L-R-19	L-R-19	0	2	0	3	1	4	1	4	0	2	2	1	1	4	2	3	1	3	2	1	4	4	2	1	0	0	1	2	1	2	1	3	3	4	4	1	2	3	4	3	1	2	0	1	4	1	1	1	3	3	3	3	4	0	4	2	4	1	4	1	0	2	0	1	4	1	1	1	3	1	1	1	2	3	1	4	3	4	1	2	3	4	3	3	2	1	2	3	1	2	1	4	3	1	4	4	4	4	3	0	2	4	3	0	1	1	4	4	1	1	4	4	3	4	2	3	1	3	3	4	3	3	1	3	1	3	3	1	0	4	3	1	3	3	1	4	1	1	1	0	3
L-R-21	L-R-21	0	2	1	3	1	4	1	4	4	2	2	1	1	4	2	3	1	3	2	1	4	4	2	1	4	3	1	0	1	2	1	3	3	4	4	1	2	3	4	3	1	2	3	1	4	1	1	1	3	3	3	3	4	2	4	2	4	1	4	1	1	2	2	1	4	1	1	1	3	1	1	1	2	3	1	4	3	4	1	2	3	4	3	3	2	1	2	3	1	2	1	4	3	1	4	4	4	4	3	1	2	4	3	2	1	1	4	4	1	1	4	4	3	4	2	3	1	3	3	4	3	3	1	3	1	0	3	1	1	4	3	1	3	3	1	4	1	1	1	1	3
Haz-1	Haz-1	3	2	1	3	1	2	1	1	2	2	4	1	1	4	2	3	1	2	4	2	2	4	4	1	4	3	1	2	3	2	1	3	4	2	4	1	4	3	4	1	3	2	3	1	4	1	1	3	1	1	3	3	2	4	2	1	4	1	4	3	3	4	2	1	3	2	3	3	1	4	1	4	2	1	1	4	1	4	4	2	1	4	3	3	1	1	2	3	1	1	1	3	3	1	4	4	4	2	3	1	2	4	3	2	1	2	4	4	1	3	4	4	3	4	4	1	3	3	3	4	4	3	1	3	1	3	2	1	1	2	3	3	3	3	3	4	1	1	3	1	1
Haz-2	Haz-2	3	2	1	3	1	2	1	1	2	2	4	1	1	4	2	3	1	2	4	2	2	4	4	1	4	3	1	2	3	2	1	3	4	2	4	1	4	3	4	1	3	2	3	1	4	1	1	3	1	1	3	3	2	4	2	1	4	1	4	3	3	4	2	1	3	2	3	3	1	4	1	4	2	1	1	4	1	4	4	2	1	4	3	3	1	1	2	3	1	1	1	3	3	1	4	4	4	2	3	1	2	4	3	2	1	2	4	4	1	3	4	4	3	4	4	1	3	3	3	4	0	3	1	3	1	3	2	1	1	2	3	3	3	3	3	4	1	1	3	1	1
Haz-3	Haz-3	3	2	1	3	1	2	1	1	2	2	4	1	1	4	2	3	1	2	4	2	2	4	4	1	4	3	1	2	3	2	1	3	4	2	4	1	4	3	4	1	3	2	3	1	4	1	1	3	1	1	3	3	2	4	2	1	4	1	4	3	3	4	2	1	3	2	3	3	1	4	1	4	2	1	1	4	1	4	4	2	1	4	3	3	1	1	2	3	1	1	1	3	3	1	4	4	4	2	3	1	2	4	3	2	1	2	4	4	1	3	4	4	3	4	4	1	3	3	3	4	4	3	1	3	1	3	2	1	1	2	3	3	3	3	3	4	1	1	3	1	1
Haz-4	Haz-4	3	2	1	3	1	2	1	1	2	2	4	1	1	4	2	3	1	2	4	2	2	4	4	1	4	3	1	2	3	2	1	3	4	2	4	1	4	3	4	1	3	2	3	1	4	1	1	3	1	1	3	3	2	4	2	1	4	1	4	3	3	4	2	1	3	2	3	3	1	4	1	4	2	1	1	4	1	4	4	2	1	4	3	3	1	1	2	3	1	1	1	3	3	1	4	4	4	2	3	1	2	4	3	2	1	2	4	4	1	3	4	4	3	4	4	1	3	3	3	4	4	3	1	3	1	3	2	1	1	2	3	3	3	3	3	4	1	1	3	1	1
Haz-5	Haz-5	3	2	1	3	1	2	1	1	2	2	4	1	1	4	2	3	1	2	4	2	2	4	4	1	4	3	1	2	3	2	1	3	4	2	4	1	4	3	4	1	3	2	3	1	4	1	1	3	1	1	3	3	2	4	2	1	4	1	4	3	3	4	2	1	3	2	3	3	1	4	1	4	2	1	1	4	1	4	4	2	1	4	3	3	1	1	2	3	1	1	1	3	3	1	4	4	4	2	3	1	2	4	3	2	1	2	4	4	1	3	4	4	3	4	4	1	3	3	3	4	0	3	1	3	1	3	2	1	1	2	3	3	3	3	3	4	1	1	3	1	1
Haz-6	Haz-6	3	2	1	3	0	2	1	1	2	0	0	1	0	4	0	3	0	2	0	0	2	4	4	1	4	0	0	2	3	2	0	0	4	0	4	1	0	3	4	0	0	2	3	1	4	1	1	3	1	1	3	0	2	4	2	1	4	1	0	3	0	0	2	0	3	0	3	3	1	0	0	4	2	0	1	4	1	4	4	0	1	4	3	3	1	0	2	3	1	1	1	3	3	1	4	4	4	2	0	1	2	4	3	2	1	2	4	4	1	3	4	4	0	4	4	1	3	3	3	4	0	3	0	3	1	3	2	0	1	2	0	3	3	3	3	4	0	1	3	1	1
Haz-7	Haz-7	3	2	1	3	1	2	1	1	2	2	4	1	1	4	2	3	1	2	4	2	2	4	4	1	4	3	1	2	3	2	1	3	4	2	4	1	4	3	4	1	3	2	3	1	4	1	1	3	1	1	3	3	2	4	2	1	4	1	4	3	3	4	2	1	3	2	3	3	1	4	1	4	2	1	1	4	1	4	4	2	1	4	3	3	1	1	2	3	1	1	1	3	3	1	4	4	4	2	3	1	2	4	3	2	1	2	4	4	1	3	4	4	3	4	4	1	3	3	3	4	4	3	1	3	1	3	2	1	1	2	3	3	3	3	3	4	1	1	3	1	1
Haz-8	Haz-8	3	2	1	3	1	2	1	1	2	2	4	1	1	4	2	3	1	2	4	2	2	4	4	1	4	3	1	2	3	2	1	3	4	2	4	1	4	3	4	1	3	2	3	1	4	1	1	3	1	1	3	3	2	4	2	1	4	1	4	3	3	4	2	1	3	2	3	3	1	4	1	4	2	1	1	4	1	4	4	2	1	4	3	3	1	1	2	3	1	1	1	3	3	1	4	4	4	2	3	1	2	4	3	2	1	2	4	4	1	3	4	4	3	4	4	1	3	3	3	4	0	3	1	3	1	3	2	1	1	2	3	3	3	3	3	4	1	1	3	1	1
Haz-9	Haz-9	3	2	1	3	1	2	1	1	2	2	4	1	1	4	2	3	1	2	4	2	2	4	4	1	4	3	1	2	3	2	1	3	4	2	4	1	4	3	4	1	3	2	3	1	4	1	1	3	1	1	3	3	2	4	2	1	4	1	4	3	3	4	2	1	3	2	3	3	1	4	1	4	2	1	1	4	1	4	4	2	1	4	3	3	1	1	2	3	1	1	1	3	3	1	4	4	4	2	3	1	2	4	3	2	1	2	4	4	1	3	4	4	3	4	4	1	3	3	3	4	4	3	1	3	1	3	2	1	1	2	3	3	3	3	3	4	1	1	3	1	1
Haz-13	Haz-13	3	2	1	3	1	2	1	1	2	2	4	1	1	4	2	3	1	2	4	2	2	4	4	1	4	3	1	2	3	2	1	3	4	2	4	1	4	3	4	1	3	2	3	1	4	1	1	3	1	1	3	3	2	4	2	1	4	1	4	3	3	4	2	1	3	2	3	3	1	4	1	4	2	1	1	4	1	4	4	2	1	4	3	3	1	1	2	3	1	1	1	3	3	1	4	4	4	2	3	1	2	4	3	2	1	2	4	4	1	3	4	4	3	4	4	1	3	3	3	4	4	3	1	3	1	3	2	1	1	2	3	3	3	3	3	4	1	1	3	1	1
Haz-14	Haz-14	3	2	1	3	1	2	1	1	2	2	4	1	1	4	2	3	1	2	4	2	2	4	4	1	4	3	1	2	3	2	1	3	4	2	4	1	4	3	4	1	3	2	3	1	4	1	1	3	1	1	3	3	2	4	2	1	4	1	4	3	3	4	2	1	3	2	3	3	1	4	1	4	2	1	1	4	1	4	4	2	1	4	3	3	1	1	2	3	1	1	1	3	3	1	4	4	4	2	3	1	2	4	3	2	1	2	4	4	1	3	4	4	3	4	4	1	3	3	3	4	4	3	1	3	1	3	2	1	1	2	3	3	3	3	3	4	1	1	3	1	1
Haz-15	Haz-15	3	2	1	3	1	2	1	1	2	2	4	1	1	4	2	3	1	2	4	2	2	4	4	1	4	3	1	2	3	2	1	3	4	2	4	1	4	3	4	1	3	2	3	1	4	1	1	3	1	1	3	3	2	4	2	1	4	1	4	3	3	4	2	1	3	2	3	3	1	4	1	4	2	1	1	4	1	4	4	2	1	4	3	3	1	1	2	3	1	1	1	3	3	1	4	4	4	2	3	1	2	4	3	2	1	2	4	4	1	3	4	4	3	4	4	1	3	3	3	4	4	3	1	3	1	3	2	1	1	2	3	3	3	3	3	4	1	1	3	1	1
Haz-16	Haz-16	3	2	1	3	1	2	1	1	2	2	4	1	1	4	2	3	1	2	4	2	2	4	4	1	4	3	1	2	3	2	1	3	4	2	4	1	4	3	4	1	3	2	3	1	4	1	1	3	1	1	3	3	2	4	2	1	4	1	4	3	3	4	2	1	3	2	3	3	1	4	1	4	2	1	1	4	1	4	4	2	1	4	3	3	1	1	2	3	1	1	1	3	3	1	4	4	4	2	3	1	2	4	3	2	1	2	4	4	1	3	4	4	3	4	4	1	3	3	3	4	4	3	1	3	1	3	2	1	1	2	3	3	3	3	3	4	1	1	3	1	1
Haz-17	Haz-17	3	2	1	3	1	2	1	1	2	2	4	1	1	4	2	3	1	2	4	2	2	4	4	1	4	3	1	2	3	2	1	3	4	2	4	1	4	3	4	1	3	2	3	1	4	1	1	3	1	1	3	3	2	4	2	1	4	1	4	3	3	4	2	1	3	2	3	3	1	4	1	4	2	1	1	4	1	4	4	2	1	4	3	3	1	1	2	3	1	1	1	3	3	1	4	4	4	2	3	1	2	4	3	2	1	2	4	4	1	3	4	4	3	4	4	1	3	3	3	4	4	3	1	3	1	3	2	1	1	2	3	3	3	3	3	4	1	1	3	1	1
Haz-18	Haz-18	3	2	1	3	1	2	1	1	2	2	4	1	1	4	2	3	1	2	4	2	2	4	4	1	4	3	1	2	3	2	1	3	4	2	4	1	4	3	4	1	3	2	3	1	4	1	1	3	1	1	3	3	2	4	2	1	4	1	4	3	3	4	2	1	3	2	3	3	1	4	1	4	2	1	1	4	1	4	4	2	1	4	3	3	1	1	2	3	1	1	1	3	3	1	4	4	4	2	3	1	2	4	3	2	1	2	4	4	1	3	4	4	3	4	4	1	3	3	3	4	4	3	1	3	1	3	2	1	1	2	3	3	3	3	3	4	1	1	3	1	1
Haz-19	Haz-19	3	2	1	3	1	2	1	1	2	2	4	1	1	4	2	3	1	2	4	2	2	4	4	1	4	3	1	2	3	2	1	3	4	2	4	1	4	3	4	1	3	2	3	1	4	1	1	3	1	1	3	3	2	4	2	1	4	1	4	3	3	4	2	1	3	0	3	3	1	4	1	4	2	1	1	4	1	4	4	2	1	4	3	3	1	1	2	3	1	1	1	3	3	1	4	4	4	2	3	1	2	4	3	2	1	2	4	4	1	3	4	4	3	4	4	1	3	3	3	4	4	3	1	3	1	3	2	1	1	2	3	3	3	3	3	4	1	1	3	1	1
Haz-20	Haz-20	3	2	1	3	1	2	1	1	2	2	4	1	1	4	2	3	1	2	4	2	2	4	4	1	4	3	1	2	3	2	1	3	4	2	4	1	4	3	4	1	3	2	3	1	4	1	1	3	1	1	3	3	2	4	2	1	4	1	4	3	3	4	2	1	3	2	3	3	1	4	1	4	2	1	1	4	1	4	4	2	1	4	3	3	1	1	2	3	1	1	1	3	3	1	4	4	4	2	3	1	2	4	3	2	1	2	4	4	1	3	4	4	3	4	4	1	3	3	3	4	0	3	1	3	1	3	2	1	1	2	3	3	3	3	3	4	1	1	3	1	1
Haz-21	Haz-21	3	2	1	3	1	2	1	1	2	2	4	1	1	4	2	3	1	2	4	2	2	4	4	1	4	3	1	2	3	2	1	3	4	2	4	1	4	3	4	1	3	2	3	1	4	1	1	3	1	1	3	3	2	4	2	1	4	1	4	3	3	4	2	1	3	2	3	3	1	4	1	4	2	1	1	4	1	4	4	2	1	4	3	3	1	1	2	3	1	1	1	3	3	1	4	4	4	2	3	1	2	4	3	2	1	2	4	4	1	3	4	4	3	4	4	1	3	3	3	4	0	3	1	3	1	3	2	1	1	2	3	3	3	3	3	4	1	1	3	1	1
Haz-22	Haz-22	3	2	1	3	1	2	1	1	2	2	4	1	1	4	2	3	1	2	4	2	2	4	4	1	4	3	1	2	3	2	1	3	4	2	4	1	4	3	4	1	3	2	3	1	4	1	1	3	1	1	3	3	2	4	2	1	4	1	4	3	3	4	2	1	3	2	3	3	1	4	1	4	2	1	1	4	1	4	4	2	1	4	3	3	1	1	2	3	1	1	1	3	3	1	4	4	4	2	3	1	2	4	3	2	1	2	4	4	1	3	4	4	3	4	4	1	3	3	3	4	4	3	1	3	1	3	2	1	1	2	3	3	3	3	3	4	1	1	3	1	1
Haz-23	Haz-23	3	2	1	3	1	2	1	1	2	2	4	1	1	4	2	3	1	2	4	2	2	4	4	1	4	3	1	2	3	2	1	3	4	2	4	1	4	3	4	1	3	2	3	1	4	1	1	3	1	1	3	3	2	4	2	1	4	1	4	3	3	4	2	1	3	2	3	3	1	4	1	4	2	1	1	4	1	4	4	2	1	4	3	3	1	1	2	3	1	1	1	3	3	1	4	4	4	2	3	1	2	4	3	2	1	2	4	4	1	3	4	4	3	4	4	1	3	3	3	4	4	3	1	3	1	3	2	1	1	2	3	3	3	3	3	4	1	1	3	1	1
Haz-24	Haz-24	3	2	1	3	1	2	1	1	2	2	4	1	1	4	2	3	1	2	4	2	2	4	4	1	4	3	1	2	3	2	1	3	4	2	4	1	4	3	4	1	3	2	3	1	4	1	1	3	1	1	3	3	2	4	2	1	4	1	4	3	3	4	2	1	3	2	3	3	1	4	1	4	2	1	1	4	1	4	4	2	1	4	3	3	1	1	2	3	1	1	1	3	3	1	4	4	4	2	3	1	2	4	3	2	1	2	4	4	1	3	4	4	3	4	4	1	3	3	3	4	4	3	1	3	1	3	2	1	1	2	3	3	3	3	3	4	1	1	3	1	1
Haz-25	Haz-25	3	2	1	3	1	2	1	1	2	2	4	1	1	4	2	3	1	2	4	2	2	4	4	1	4	3	1	2	3	2	1	3	4	2	4	1	4	3	4	1	3	2	3	1	4	1	1	3	1	1	3	3	2	4	2	1	4	1	4	3	3	4	2	1	3	2	3	3	1	4	1	4	2	1	1	4	1	4	4	2	1	4	3	3	1	1	2	3	1	1	1	3	3	1	4	4	4	2	3	1	2	4	3	2	1	2	4	4	1	3	4	4	3	4	4	1	3	3	3	4	4	3	1	3	1	3	2	1	1	2	3	3	3	3	3	4	1	1	3	1	1
Haz-26	Haz-26	3	2	1	3	1	2	1	1	2	2	4	1	1	4	2	3	1	2	4	2	2	4	4	1	4	3	1	2	3	2	1	3	4	2	4	1	4	3	4	1	3	2	3	1	4	1	1	3	1	1	3	3	2	4	2	1	4	1	4	3	3	4	2	1	3	2	3	3	1	4	1	4	2	1	1	4	1	4	4	2	1	4	3	3	1	1	2	3	1	1	1	3	3	1	4	4	4	2	3	1	2	4	3	2	1	2	4	4	1	3	4	4	3	4	4	1	3	3	3	4	4	3	1	3	1	3	2	1	1	2	3	3	3	3	3	4	1	1	3	1	1
Haz-27	Haz-27	3	2	1	3	1	2	1	1	2	2	4	1	1	4	2	3	1	2	4	2	2	4	4	1	4	3	1	2	3	2	1	3	4	2	4	1	4	3	4	1	3	2	3	1	4	1	1	3	1	1	3	3	2	4	2	1	4	1	4	3	3	4	2	1	3	0	3	3	1	4	1	4	2	1	1	4	1	4	4	2	1	4	3	3	1	1	2	3	1	1	1	3	3	1	4	4	4	2	3	1	2	0	3	2	1	2	4	4	1	3	4	4	3	4	4	1	3	3	3	4	0	3	1	3	1	3	2	1	1	2	3	3	3	3	3	4	1	1	3	1	1
Haz-28	Haz-28	3	2	1	3	1	2	1	1	2	2	4	1	1	4	2	3	1	2	4	2	2	4	4	1	4	3	1	2	3	2	1	3	4	2	4	1	4	3	4	1	3	2	3	1	4	1	1	3	1	1	3	3	2	4	2	1	4	1	4	3	3	4	2	1	3	2	3	3	1	4	1	4	2	1	1	4	1	4	4	2	1	4	3	3	1	1	2	3	1	1	1	3	3	1	4	4	4	2	3	1	2	4	3	2	1	2	4	4	1	3	4	4	3	4	4	1	3	3	3	4	4	3	1	3	1	3	2	1	1	2	3	3	3	3	3	4	1	1	3	1	1
Haz-29	Haz-29	3	2	1	3	1	2	1	1	2	2	4	1	1	4	2	3	1	2	4	2	2	4	4	1	4	3	1	2	3	2	1	3	4	2	4	1	4	3	4	1	3	2	3	1	4	1	1	3	1	1	3	3	2	4	2	1	4	1	4	3	3	4	2	1	3	2	3	3	1	4	1	4	2	1	1	4	1	4	4	2	1	4	3	3	5	1	2	3	1	1	1	3	3	1	4	4	4	2	3	1	2	4	3	2	1	2	4	4	1	3	4	0	3	4	4	1	3	3	3	4	4	3	1	3	1	3	2	1	1	2	3	3	3	3	3	4	1	1	3	1	1
Haz-30	Haz-30	3	2	1	3	1	2	1	1	2	2	4	1	1	4	2	3	1	2	4	2	2	4	4	1	4	3	1	2	3	2	1	3	4	2	4	1	4	3	4	1	3	2	3	1	4	1	1	3	1	1	3	3	2	4	2	1	4	1	4	3	3	4	2	1	3	2	3	3	1	4	1	4	2	1	1	4	1	4	4	2	1	4	3	3	0	1	2	3	1	1	1	3	3	1	4	4	4	2	3	1	2	4	3	2	1	2	4	4	1	3	4	0	3	4	4	1	3	3	3	4	4	3	1	3	1	3	2	1	1	2	3	3	3	3	3	4	1	1	3	1	1
Haz-31	Haz-31	3	2	1	3	1	2	1	1	2	2	4	1	1	4	2	3	1	2	4	2	2	4	4	1	4	3	1	0	3	2	1	3	4	2	4	1	4	3	4	1	3	2	3	1	4	1	1	3	1	1	3	3	2	4	9	1	4	1	4	3	3	4	2	1	3	2	3	3	1	4	1	4	2	1	1	4	1	4	4	2	1	4	3	3	0	1	2	3	1	1	1	3	3	1	4	4	4	2	3	1	2	4	3	2	1	2	4	4	1	3	4	4	3	4	4	1	3	3	3	4	4	3	1	3	1	3	2	1	1	2	3	3	3	3	3	4	1	1	3	1	1
Haz-32	Haz-32	3	2	1	3	1	2	1	1	2	2	4	1	1	4	2	3	1	2	4	2	2	4	4	1	4	3	1	2	3	2	1	3	4	2	4	1	4	3	4	1	3	2	3	1	4	1	1	3	1	1	3	3	2	4	0	1	4	1	4	3	3	4	2	1	3	2	3	3	1	4	1	4	2	1	1	4	1	4	4	2	1	4	3	3	0	1	2	3	1	1	1	3	3	1	4	4	4	2	3	1	2	4	3	2	1	2	4	4	1	3	4	4	3	4	4	1	3	3	3	4	4	3	1	3	1	3	2	1	1	2	3	3	3	3	3	4	1	1	3	1	1
Haz-33	Haz-33	3	2	1	3	1	2	1	1	2	2	4	1	1	4	2	3	1	2	4	2	2	4	4	1	4	3	1	2	3	2	1	3	4	2	4	1	4	3	4	1	3	2	3	1	4	1	1	3	1	1	3	3	2	4	9	1	4	1	4	3	3	4	2	1	3	2	3	3	1	4	1	4	2	1	1	4	1	4	4	2	1	4	3	3	5	1	2	3	1	1	1	3	3	1	4	4	4	2	3	1	2	4	3	2	1	2	4	4	1	3	4	0	3	4	4	1	3	3	3	4	4	3	1	3	1	3	2	1	1	2	3	3	3	3	3	4	1	1	3	1	1
Haz-35	Haz-35	3	2	1	3	1	2	1	1	2	2	4	1	1	4	2	3	1	2	4	2	2	4	4	1	4	3	1	2	3	2	1	3	4	2	4	1	4	3	4	1	3	2	3	1	4	1	1	3	1	1	3	3	2	4	0	1	4	1	4	3	3	4	2	1	3	2	3	3	1	4	1	4	2	1	1	4	1	4	4	2	1	4	3	3	0	1	2	3	1	1	1	3	3	1	4	4	4	2	3	1	2	4	3	2	1	2	4	4	1	3	4	0	3	4	4	1	3	3	3	4	4	3	1	3	1	3	2	1	1	2	3	3	3	3	3	4	1	1	3	1	1
Haz-36	Haz-36	3	2	1	3	1	2	1	1	2	2	4	1	1	4	2	3	1	2	4	2	2	4	4	1	4	3	1	2	3	2	1	3	4	2	4	1	4	3	4	1	3	2	3	1	4	1	1	3	1	1	3	3	2	4	9	1	4	1	4	3	3	4	2	1	3	2	3	3	1	4	1	4	2	1	1	4	1	4	4	2	1	4	3	3	0	1	2	3	1	1	1	3	3	1	4	4	4	2	3	1	2	4	3	2	1	2	4	4	1	3	4	4	3	4	4	1	3	3	3	4	4	3	1	3	1	3	2	1	1	2	3	3	3	3	3	4	1	1	3	1	1
Haz-37	Haz-37	3	2	1	3	1	2	1	1	2	2	4	1	1	4	2	3	1	2	4	2	2	4	4	1	4	3	1	2	3	2	1	3	4	2	4	1	4	3	4	1	3	2	3	1	4	1	1	3	1	1	3	3	2	4	2	1	4	1	4	3	3	4	2	1	3	2	3	3	1	4	1	4	2	1	1	4	1	4	4	2	1	4	3	3	0	1	2	3	1	1	1	3	3	1	4	4	4	2	3	1	2	4	3	2	1	2	4	4	1	3	4	4	3	4	4	1	3	3	3	4	4	3	1	3	1	3	2	1	1	2	3	3	3	3	3	4	1	1	3	1	1
Haz-39	Haz-39	3	0	1	0	1	0	0	1	2	2	4	1	1	4	2	3	1	2	4	2	0	4	4	1	4	3	1	0	3	2	1	3	4	2	4	1	4	3	4	1	3	2	3	1	4	1	1	3	1	1	3	3	2	4	9	1	4	1	4	0	3	4	2	1	3	2	0	3	1	4	1	4	2	1	1	4	1	4	4	2	1	4	0	3	5	1	2	3	1	1	0	3	0	1	4	0	4	2	3	1	0	0	3	2	1	2	0	4	1	0	4	4	3	4	4	1	0	0	0	4	4	3	1	3	1	3	2	1	1	0	3	3	0	3	0	4	1	1	3	1	1
Haz-40	Haz-40	3	2	1	3	1	2	1	1	2	2	4	1	1	4	2	3	1	2	4	2	2	4	4	1	4	3	1	2	3	2	1	3	4	2	4	1	4	3	4	1	3	2	3	1	4	1	1	3	1	1	3	3	2	4	9	1	4	1	4	3	3	4	2	1	3	2	3	3	1	4	1	4	2	1	1	4	1	4	4	2	1	4	3	3	5	1	2	3	1	1	1	3	3	1	4	4	4	2	3	1	2	4	3	2	1	2	4	4	1	3	4	0	3	4	4	1	3	3	3	4	4	3	1	3	1	3	2	1	1	2	3	3	3	3	3	4	1	1	3	1	1
Haz-41	Haz-41	3	2	1	3	1	2	1	1	2	2	4	1	1	4	2	3	1	2	4	2	2	4	4	1	4	3	1	2	3	2	1	3	4	2	4	1	4	3	4	1	3	2	3	1	4	1	1	3	1	1	3	3	2	4	9	1	4	1	4	3	3	4	2	1	3	2	3	3	1	4	1	4	2	1	1	4	1	4	4	2	1	4	3	3	0	1	2	3	1	1	1	3	3	1	4	4	4	2	3	1	2	4	3	2	1	2	4	4	1	3	4	4	3	4	4	1	3	3	3	4	4	3	1	3	1	3	2	1	1	2	3	3	3	3	3	4	1	1	3	1	1
Yng-1	Yng-1	3	2	1	3	1	2	1	1	2	2	4	1	1	4	2	3	1	2	4	0	2	4	4	1	4	0	1	2	3	2	1	3	4	0	4	1	4	3	4	1	3	2	3	1	4	1	1	3	1	1	3	3	2	4	2	1	4	1	0	3	3	0	2	0	3	0	3	3	1	4	1	4	2	1	1	4	1	4	4	2	1	4	3	3	0	1	2	3	1	1	1	3	3	1	4	4	4	2	3	1	2	4	3	2	1	2	4	4	1	3	4	4	3	4	4	1	3	3	3	4	0	3	0	3	1	3	2	1	1	2	3	3	3	3	3	4	1	1	3	1	1
Yng-2	Yng-2	3	2	1	3	1	2	1	1	2	2	4	1	1	4	2	3	1	2	4	2	2	4	4	1	4	0	1	2	3	2	1	3	4	2	4	1	4	3	4	1	3	2	3	1	4	1	1	3	1	1	3	3	2	4	2	1	4	1	4	3	3	4	2	1	3	0	3	3	1	4	1	4	2	1	1	4	1	4	4	2	1	4	3	3	0	1	2	3	1	1	1	3	3	1	4	4	4	2	3	1	2	4	3	2	1	2	4	4	1	3	4	0	3	4	4	1	3	3	3	4	0	3	0	3	1	3	2	1	1	2	3	3	3	3	3	4	1	1	3	1	1
Yng-3	Yng-3	3	2	1	3	1	2	1	1	2	2	4	1	1	4	2	3	1	2	4	2	2	4	4	1	4	3	1	0	3	2	1	3	4	2	4	1	4	3	4	1	3	2	3	1	4	1	1	3	1	1	3	3	2	4	2	1	4	1	4	3	3	4	2	1	3	2	3	3	1	4	1	4	2	1	1	4	1	4	4	2	1	4	3	3	0	1	2	3	1	1	1	3	3	1	4	4	4	2	3	1	2	4	3	2	1	2	4	4	1	3	4	0	3	4	4	1	3	3	3	4	4	3	1	3	1	3	2	1	1	2	3	3	3	3	3	4	1	1	3	1	1
Yng-4	Yng-4	3	2	1	3	1	2	1	1	2	2	4	1	1	4	2	3	1	2	4	2	2	4	4	1	4	3	1	2	3	2	1	3	4	2	4	1	4	3	4	1	3	2	3	1	4	1	1	3	1	1	3	3	2	4	2	1	4	1	4	3	3	4	2	1	3	2	3	3	1	4	1	4	2	1	1	4	1	4	4	2	1	4	3	3	0	1	2	3	1	1	1	3	3	1	4	4	4	2	3	1	2	4	3	2	1	2	4	4	1	3	4	4	3	4	4	1	3	3	3	4	4	3	1	3	1	3	2	1	1	2	3	3	3	3	3	4	1	1	3	1	1
Yng-6	Yng-6	3	2	1	3	1	2	1	1	2	2	4	1	1	4	2	3	1	2	4	2	2	4	4	1	4	3	1	2	3	2	1	3	4	2	4	1	4	3	4	1	3	2	3	1	4	1	1	3	1	1	3	3	2	4	4	1	4	1	4	3	3	4	2	1	3	2	3	3	1	4	1	4	2	1	1	4	1	4	4	2	1	4	3	3	5	1	2	3	1	1	1	3	3	1	4	4	4	2	3	1	2	4	3	2	1	2	4	4	1	3	4	0	3	4	4	1	3	3	3	4	4	3	1	3	1	3	2	1	1	2	3	3	3	3	3	4	1	1	3	1	1
Yng-7	Yng-7	3	2	1	3	1	2	1	1	2	2	4	1	1	4	2	3	1	2	4	2	2	4	4	1	4	3	1	2	3	2	1	3	4	2	4	1	4	3	4	1	3	2	3	1	4	1	1	3	1	1	3	3	2	4	2	1	4	1	4	3	3	4	2	1	3	2	3	3	1	4	1	4	2	1	1	4	1	4	4	2	1	4	3	3	0	1	2	3	1	1	1	3	3	1	4	4	4	2	3	1	2	4	3	2	1	2	4	4	1	3	4	0	3	4	4	1	3	3	3	4	4	3	1	3	1	3	2	1	1	2	3	3	3	3	3	4	1	1	3	1	1
Yng-8	Yng-8	3	2	1	3	1	2	1	1	2	2	4	1	1	4	2	3	1	2	4	2	2	4	4	1	4	3	1	0	3	2	1	3	4	2	4	1	4	3	4	1	3	2	3	1	4	1	1	3	1	1	3	3	2	4	2	1	4	1	4	3	3	4	2	1	3	2	3	3	1	4	1	4	2	1	1	4	1	4	4	2	1	4	3	3	0	1	2	3	1	1	1	3	3	1	4	4	4	2	3	1	2	4	3	2	1	2	4	4	1	3	4	0	3	4	4	1	3	3	3	4	4	3	1	3	1	3	2	1	1	2	3	3	3	3	3	4	1	1	3	1	1
Yng-9	Yng-9	3	2	1	3	1	2	1	1	2	2	4	1	1	4	2	3	1	2	4	2	2	4	4	1	4	3	1	2	3	2	1	3	4	2	4	1	4	3	4	1	3	2	3	1	4	1	1	3	1	1	3	3	2	4	2	1	4	1	4	3	3	4	2	1	3	2	3	3	1	4	1	4	2	1	1	4	1	4	4	2	1	4	3	3	1	1	2	3	1	1	1	3	3	1	4	4	4	2	3	1	2	4	3	2	1	2	4	4	1	3	4	4	3	4	4	1	3	3	3	4	4	3	1	3	1	3	2	1	1	2	3	3	3	3	3	4	1	1	3	1	1
Yng-10	Yng-10	3	2	1	3	1	2	1	1	2	2	4	1	1	4	2	3	1	2	4	2	2	4	4	1	4	3	1	2	3	2	1	3	4	2	4	1	4	3	4	1	3	2	3	1	4	1	1	3	1	1	3	3	2	4	2	1	4	1	4	3	3	4	2	1	3	2	3	3	1	4	1	4	2	1	1	4	1	4	4	2	1	4	3	3	1	1	2	3	1	1	1	3	3	1	4	4	4	2	3	1	2	4	3	2	1	2	4	4	1	3	4	4	3	4	4	1	3	3	3	4	0	3	1	3	1	3	2	1	1	2	3	3	3	3	3	4	1	1	3	1	1
Yng-11	Yng-11	3	2	1	3	1	2	1	1	2	2	4	1	1	4	2	3	1	2	4	2	2	4	4	1	4	3	1	2	3	2	1	3	4	2	4	1	4	3	4	1	3	2	3	1	4	1	1	3	1	1	3	3	2	4	2	1	4	1	4	3	3	4	2	1	3	2	3	3	1	4	1	4	2	1	1	4	1	4	4	2	1	4	3	3	1	1	2	3	1	1	1	3	3	1	4	4	4	2	3	1	2	4	3	2	1	2	4	4	1	3	4	4	3	4	4	1	3	3	3	4	4	3	1	3	1	3	2	1	1	2	3	3	3	3	3	4	1	1	3	1	1
Yng-12	Yng-12	3	2	1	3	1	2	1	1	2	2	4	1	1	4	2	3	1	2	4	2	2	4	4	1	4	3	1	2	3	2	1	3	4	2	4	1	4	3	4	1	3	2	3	1	4	1	1	3	1	1	3	3	2	4	2	1	4	1	4	3	3	4	2	1	3	2	3	3	1	4	1	4	2	1	1	4	1	4	4	2	1	4	3	3	1	1	2	3	1	1	1	3	3	1	4	4	4	2	3	1	2	4	3	2	1	2	4	4	1	3	4	4	3	4	4	1	3	3	3	4	0	3	1	3	1	3	2	1	1	2	3	3	3	3	3	4	1	1	3	1	1
Yng-13	Yng-13	3	2	1	3	1	2	1	1	2	2	4	1	1	4	2	3	1	2	4	2	2	4	4	1	4	3	1	2	3	2	1	3	4	2	4	1	4	3	4	1	3	2	3	1	4	1	1	3	1	1	3	3	2	4	2	1	4	1	4	3	3	4	2	1	3	2	3	3	1	4	1	4	2	1	1	4	1	4	4	2	1	4	3	3	1	1	2	3	1	1	1	3	3	1	4	4	4	2	3	1	2	4	3	2	1	2	4	4	1	3	4	4	3	4	4	1	3	3	3	4	4	3	1	3	1	3	2	1	1	2	3	3	3	3	3	4	0	1	3	1	1
Yng-15	Yng-15	3	2	1	3	0	2	1	1	2	0	0	1	0	4	0	3	0	2	0	0	2	4	4	1	4	0	0	2	3	2	0	0	4	0	4	1	0	3	4	0	0	2	3	1	4	1	1	3	1	1	3	0	2	4	2	1	4	1	0	3	0	0	2	0	3	0	0	3	1	0	0	4	2	0	1	4	1	4	4	0	1	4	3	3	1	0	2	3	1	1	1	3	3	1	4	4	4	2	0	1	2	0	3	2	1	2	4	4	1	3	4	4	0	4	4	1	3	3	3	4	0	3	0	3	1	3	2	0	1	2	0	3	3	3	3	4	0	1	3	1	1
Yng-16	Yng-16	3	2	1	3	1	2	1	1	2	2	4	1	1	4	2	3	1	2	4	2	2	4	4	1	4	3	1	2	3	2	1	3	4	2	4	1	4	3	4	1	3	2	3	1	4	1	1	3	1	1	3	3	2	4	2	1	4	1	4	3	3	4	2	1	3	2	3	3	1	4	1	4	2	1	1	4	1	4	4	2	1	4	3	3	1	1	2	3	1	1	1	3	3	1	4	4	4	2	3	1	2	4	3	2	1	2	4	4	1	3	4	4	3	4	4	1	3	3	3	4	4	3	1	3	1	3	2	1	1	2	3	3	3	3	3	4	1	1	3	1	1
Yng-17	Yng-17	3	2	1	3	1	2	1	1	2	2	4	1	1	4	2	3	1	2	4	2	2	4	4	1	4	3	1	2	3	2	1	3	4	2	4	1	4	3	4	1	3	2	3	1	4	1	1	3	1	1	3	3	2	4	2	1	4	1	4	3	3	4	2	1	3	2	3	3	1	4	1	4	2	1	1	4	1	4	4	2	1	4	3	3	1	1	2	3	1	1	1	3	3	1	4	4	4	2	3	1	2	4	3	2	1	2	4	4	1	3	4	4	3	4	4	1	3	3	3	4	0	3	1	3	1	3	2	1	1	2	3	3	3	3	3	4	1	1	3	1	1
Yng-18	Yng-18	3	2	1	3	1	2	1	1	2	2	4	1	1	4	2	3	1	2	4	2	2	4	4	1	4	3	1	2	3	2	1	3	4	2	4	1	4	3	4	1	3	2	3	1	4	1	1	3	1	1	3	3	2	4	2	1	4	1	4	3	3	4	2	1	3	2	3	3	1	4	1	4	2	1	1	4	1	4	4	2	1	4	3	3	1	1	2	3	1	1	1	3	3	1	4	4	4	2	3	1	2	4	3	2	1	2	4	4	1	3	4	4	3	4	4	1	3	3	3	4	4	3	1	3	1	3	2	1	1	2	3	3	3	3	3	4	1	1	3	1	1
Yng-19	Yng-19	3	2	1	3	1	2	1	1	2	2	4	1	1	4	2	3	1	2	4	2	2	4	4	1	4	3	1	2	3	2	1	3	4	2	4	1	4	3	4	1	3	2	3	1	4	1	1	3	1	1	3	3	2	4	2	1	4	1	4	3	3	4	2	1	3	2	3	3	1	4	1	4	2	1	1	4	1	4	4	2	1	4	3	3	1	1	2	3	1	1	1	3	3	1	4	4	4	2	3	1	2	4	3	2	1	2	4	4	1	3	4	4	3	4	4	1	3	3	3	4	4	3	1	3	1	3	2	1	1	2	3	3	3	3	3	4	1	1	3	1	1
Yng-20	Yng-20	3	2	1	3	1	2	1	1	2	2	4	1	1	4	2	3	1	2	4	2	2	4	4	1	4	3	1	2	3	2	1	3	4	2	4	1	4	3	4	1	3	2	3	1	4	1	1	3	1	1	3	3	2	4	2	1	4	1	4	3	3	4	2	1	3	2	3	3	1	4	1	4	2	1	1	4	1	4	4	2	1	4	3	3	1	1	2	3	1	1	1	3	3	1	4	4	4	2	3	1	2	4	3	2	1	2	4	4	1	3	4	4	3	4	4	1	3	3	3	4	4	3	1	3	1	3	2	1	1	2	3	3	3	3	3	4	1	1	3	1	1
Yng-22	Yng-22	3	2	1	3	1	2	1	1	2	2	4	1	1	4	2	3	1	2	4	2	2	4	4	1	4	3	1	2	3	2	1	3	4	2	4	1	4	3	4	1	3	2	3	1	4	1	1	3	1	1	3	3	2	4	2	1	4	1	4	3	3	4	2	1	3	2	3	3	1	4	1	4	2	1	1	4	1	4	4	2	1	4	3	3	1	1	2	3	1	1	1	3	3	1	4	4	4	2	3	1	2	4	3	2	1	2	4	4	1	3	4	4	3	4	4	1	3	3	3	4	4	3	1	3	1	3	2	1	1	2	3	3	3	3	3	4	1	1	3	1	1
Yng-23	Yng-23	3	2	1	3	1	2	1	1	2	2	4	1	1	4	2	3	1	2	4	2	2	4	4	1	4	3	1	2	3	2	1	3	4	2	4	1	4	3	4	1	3	2	3	1	4	1	1	3	1	1	3	3	2	4	2	1	4	1	4	3	3	4	2	1	3	2	3	3	1	4	1	4	2	1	1	4	1	4	4	2	1	4	3	3	1	1	2	3	1	1	1	3	3	1	4	4	4	2	3	1	2	4	3	2	1	2	4	4	1	3	4	4	3	4	4	1	3	3	3	4	4	3	1	3	1	3	2	1	1	2	3	3	3	3	3	4	1	1	3	1	1
Yng-24	Yng-24	3	2	1	3	1	2	1	1	2	2	4	1	1	4	2	3	1	2	4	2	2	4	4	1	4	3	1	2	3	2	1	3	4	2	4	1	4	3	4	1	3	2	3	1	4	1	1	3	1	1	3	3	2	4	2	1	4	1	4	3	3	4	2	1	3	2	3	3	1	4	1	4	2	1	1	4	1	4	4	2	1	4	3	3	1	1	2	3	1	1	1	3	3	1	4	4	4	2	3	1	2	0	3	2	1	2	4	4	1	3	4	4	3	4	4	1	3	3	3	4	4	3	1	3	1	3	2	1	1	2	3	3	3	3	3	4	1	1	3	1	1
Yng-25	Yng-25	3	2	1	3	1	2	1	1	2	2	4	1	1	4	2	3	1	2	4	2	2	4	4	1	4	3	1	2	3	2	1	3	4	2	4	1	4	3	4	1	3	2	3	1	4	1	1	3	1	1	3	3	2	4	2	1	4	1	4	3	3	4	2	1	3	2	3	3	1	4	1	4	2	1	1	4	1	4	4	2	1	4	3	3	1	1	2	3	1	1	1	3	3	1	4	4	4	2	3	1	2	4	3	2	1	2	4	4	1	3	4	4	3	4	4	1	3	3	3	4	0	3	1	3	1	3	2	1	1	2	3	3	3	3	3	4	1	1	3	1	1
Yng-26	Yng-26	3	2	1	3	1	2	1	1	2	2	4	1	1	4	2	3	1	2	4	2	2	4	4	1	4	3	1	2	3	2	1	3	4	2	4	1	4	3	4	1	3	2	3	1	4	1	1	3	1	1	3	3	2	4	2	1	4	1	4	3	3	4	2	1	3	2	3	3	1	4	1	4	2	1	1	4	1	4	4	2	1	4	3	3	1	1	2	3	1	1	1	3	3	1	4	4	4	2	3	1	2	4	3	2	1	2	4	4	1	3	4	4	3	4	4	1	3	3	3	4	4	3	1	3	1	3	2	1	1	2	3	3	3	3	3	4	1	1	3	1	1
Yng-27	Yng-27	3	2	1	3	1	2	1	1	2	2	4	1	1	4	2	3	1	2	4	2	2	4	4	1	4	3	1	2	3	2	1	3	4	2	4	1	4	3	4	1	3	2	3	1	4	1	1	3	1	1	3	3	2	4	2	1	4	1	4	3	3	4	2	1	3	2	3	3	1	4	1	4	2	1	1	4	1	4	4	2	1	4	3	3	1	1	2	3	1	1	1	3	3	1	4	4	4	2	3	1	2	4	3	2	1	2	4	4	1	3	4	4	3	4	4	1	3	3	3	4	0	3	1	3	1	3	2	1	1	2	3	3	3	3	3	4	1	1	3	1	1
Yng-28	Yng-28	3	2	1	3	1	2	1	1	2	2	4	1	1	4	2	3	1	2	4	2	2	4	4	1	4	3	1	2	3	2	1	3	4	2	4	1	4	3	4	1	3	2	3	1	4	1	1	3	1	1	3	3	2	4	2	1	4	1	4	3	3	4	2	1	3	2	3	3	1	4	1	4	2	1	1	4	1	4	4	2	1	4	3	3	1	1	2	3	1	1	1	3	3	1	4	4	4	2	3	1	2	4	3	2	1	2	4	4	1	3	4	4	3	4	4	1	3	3	3	4	4	3	1	3	1	3	2	1	1	2	3	3	3	3	3	4	1	1	3	1	1
Yng-29	Yng-29	3	2	1	3	1	2	1	1	2	2	4	1	1	4	2	3	1	2	4	2	2	4	4	1	4	3	1	2	3	2	1	3	4	2	4	1	4	3	4	1	3	2	3	1	4	1	1	3	1	1	3	3	2	4	2	1	4	1	4	3	3	4	2	1	3	2	3	3	1	4	1	4	2	1	1	4	1	4	4	2	1	4	3	3	1	1	2	3	1	1	1	3	3	1	4	4	4	2	3	1	2	4	3	2	1	2	4	4	1	3	4	4	3	4	4	1	3	3	3	4	0	3	1	3	1	3	2	1	1	2	3	3	3	3	3	4	1	1	3	1	1
Yng-31	Yng-31	3	2	1	3	1	2	1	1	2	2	4	1	1	4	2	3	1	2	4	2	2	4	4	1	4	3	1	2	3	2	1	3	4	2	4	1	4	3	4	1	3	2	3	1	4	1	1	3	1	1	3	3	2	4	2	1	4	1	4	3	3	4	2	1	3	2	3	3	1	4	1	4	2	1	1	4	1	4	4	2	1	4	3	3	1	1	2	3	1	1	1	3	3	1	4	4	4	2	3	1	2	4	3	2	1	2	4	4	1	3	4	4	3	4	4	1	3	3	3	4	4	3	1	3	1	3	2	1	1	2	3	3	3	3	3	4	1	1	3	1	1
Yng-32	Yng-32	3	2	1	3	1	2	1	1	2	2	4	1	1	4	2	3	1	2	4	2	2	4	4	1	4	3	1	2	3	2	1	3	4	2	4	1	4	3	4	1	3	2	3	1	4	1	1	3	1	1	3	3	2	4	2	1	4	1	4	3	3	4	2	1	3	2	3	3	1	4	1	4	2	1	1	4	1	4	4	2	1	4	3	3	1	1	2	3	1	1	1	3	3	1	4	4	4	2	3	1	2	4	3	2	1	2	4	4	1	3	4	4	3	4	4	1	3	3	3	4	0	3	1	3	1	3	2	1	1	2	3	3	3	3	3	4	1	1	3	1	1
Yng-33	Yng-33	3	2	1	3	1	2	1	1	2	2	4	1	1	4	2	3	1	2	4	2	2	4	4	1	4	3	1	2	3	2	1	3	4	2	4	1	4	3	4	1	3	2	3	1	4	1	1	3	1	1	3	3	2	4	2	1	4	1	4	3	3	4	2	1	3	2	3	3	1	4	1	4	2	1	1	4	1	4	4	2	1	4	3	3	1	1	2	3	1	1	1	3	3	1	4	4	4	2	3	1	2	4	3	2	1	2	4	4	1	3	4	4	3	4	4	1	3	3	3	4	4	3	1	3	1	3	2	1	1	2	3	3	3	3	3	4	1	1	3	1	1
Yng-34	Yng-34	3	2	1	3	1	2	1	1	2	2	4	1	1	4	2	3	1	2	4	2	2	4	4	1	4	3	1	2	3	2	1	3	4	2	4	1	4	3	4	1	3	2	3	1	4	1	1	3	1	1	3	3	2	4	2	1	4	1	4	3	3	4	2	1	3	2	3	3	1	4	1	4	2	1	1	4	1	4	4	2	1	4	3	3	1	1	2	3	1	1	1	3	3	1	4	4	4	2	3	1	2	4	3	2	1	2	4	4	1	3	4	4	3	4	4	1	3	3	3	4	0	3	1	3	1	3	2	1	1	2	3	3	3	3	3	4	1	1	3	1	1
Yng-35	Yng-35	3	2	1	3	1	2	1	1	2	2	4	1	1	4	2	3	1	2	4	2	2	4	4	1	4	3	1	2	3	2	1	3	4	2	4	1	4	3	4	1	3	2	3	1	4	1	1	3	1	1	3	3	2	4	2	1	4	1	4	3	3	4	2	1	3	2	0	3	1	4	1	4	2	1	1	4	1	4	4	2	1	4	3	3	1	1	2	3	1	1	1	3	3	1	4	4	4	2	3	1	2	0	3	2	1	2	4	4	1	3	4	4	3	4	4	1	3	3	3	4	0	3	0	3	1	3	2	1	1	2	3	3	3	3	3	4	1	1	3	1	1
Yng-36	Yng-36	3	2	1	3	1	2	1	1	2	2	4	1	1	4	2	3	1	2	4	2	2	4	4	1	4	3	1	2	3	2	1	3	4	2	4	1	4	3	4	1	3	2	3	1	4	1	1	3	1	1	3	3	2	4	2	1	4	1	4	3	3	4	2	1	3	2	3	3	1	4	1	4	2	1	1	4	1	4	4	2	1	4	3	3	1	1	2	3	1	1	1	3	3	1	4	4	4	2	3	1	2	4	3	2	1	2	4	4	1	3	4	4	3	4	4	1	3	3	3	4	4	3	1	3	1	3	2	1	1	2	3	3	3	3	3	4	1	1	3	1	1
Yng-37	Yng-37	3	2	1	3	1	2	1	1	2	2	4	1	1	4	2	3	1	2	4	2	2	4	4	1	4	3	1	2	3	2	1	3	4	2	4	1	4	3	4	1	3	2	3	1	4	1	1	3	1	1	3	3	2	4	2	1	4	1	4	3	3	4	2	1	3	2	3	3	1	4	1	4	2	1	1	4	1	4	4	2	1	4	3	3	1	1	2	3	1	1	1	3	3	1	4	4	4	2	3	1	2	4	3	2	1	2	4	4	1	3	4	4	3	4	4	1	3	3	3	4	4	3	1	3	1	3	2	1	1	2	3	3	3	3	3	4	1	1	3	1	1
Yng-38	Yng-38	3	2	1	3	1	2	1	1	2	2	4	1	1	4	2	3	1	2	4	2	2	4	4	1	4	3	1	2	3	2	1	3	4	2	4	1	4	3	4	1	3	2	3	1	4	1	1	3	1	1	3	3	2	4	2	1	4	1	4	3	3	4	2	1	3	2	3	3	1	4	1	4	2	1	1	4	1	4	4	2	1	4	3	3	1	1	2	3	1	1	1	3	3	1	4	4	4	2	3	1	2	4	3	2	1	2	4	4	1	3	4	4	3	4	4	1	3	3	3	4	4	3	1	3	1	3	2	1	1	2	3	3	3	3	3	4	1	1	3	1	1
Yng-39	Yng-39	3	2	1	3	1	2	1	1	2	2	4	1	1	4	2	3	1	2	4	2	2	4	4	1	4	3	1	2	3	2	1	3	4	2	4	1	4	3	4	1	3	2	3	1	4	1	1	3	1	1	3	3	2	4	2	1	4	1	4	3	3	4	2	1	3	2	0	3	1	4	1	4	2	1	1	4	1	4	4	2	1	4	3	3	1	1	2	3	1	1	1	3	3	1	4	4	4	2	3	1	2	4	3	2	1	2	4	4	1	3	4	4	3	4	4	1	3	3	3	4	4	3	1	3	1	3	2	1	1	2	3	3	3	3	3	4	1	1	3	1	1
Yng-40	Yng-40	3	2	1	3	1	2	1	1	2	2	4	1	1	4	2	3	1	2	4	2	2	4	4	1	4	3	1	2	3	2	1	3	4	2	4	1	4	3	4	1	3	2	3	1	4	1	1	3	1	1	3	3	2	4	2	1	4	1	4	3	3	4	2	1	3	2	3	3	1	4	1	4	2	1	1	4	1	4	4	2	1	4	3	3	1	1	2	3	1	1	1	3	3	1	4	4	4	2	3	1	2	4	3	2	1	2	4	4	1	3	4	4	3	4	4	1	3	3	3	4	4	3	1	3	1	3	2	1	1	2	3	3	3	3	3	4	1	1	3	1	1
Yng-41	Yng-41	3	2	1	3	1	2	1	1	2	2	4	1	1	4	2	3	1	2	4	2	2	4	4	1	4	3	1	0	0	2	1	3	4	0	4	1	4	3	0	1	3	2	3	1	4	1	1	3	1	1	3	3	2	4	2	1	4	1	4	0	3	4	2	1	3	0	0	3	1	4	1	4	2	1	1	4	1	4	4	2	1	4	3	3	0	1	2	3	1	1	1	3	0	1	4	4	4	2	3	0	2	4	3	2	1	2	4	4	1	3	4	0	3	4	4	1	3	3	3	4	4	3	1	3	1	3	2	1	1	2	3	3	3	3	3	4	0	1	3	0	1
Yng-42	Yng-42	3	2	1	3	1	2	1	1	2	2	4	1	1	4	2	3	1	2	4	2	2	4	4	1	4	3	1	2	3	2	1	3	4	2	4	1	4	3	4	1	3	2	3	1	4	1	1	3	1	1	3	3	2	4	2	1	4	1	4	3	3	4	2	1	3	2	3	3	1	4	1	4	2	1	1	4	1	4	4	2	1	4	3	3	1	1	2	3	1	1	1	3	3	1	4	4	4	2	3	1	2	4	3	2	1	2	4	4	1	3	4	4	3	4	4	1	3	3	3	4	4	3	1	3	1	3	2	1	1	2	3	3	3	3	3	4	1	1	3	1	1
Yng-43	Yng-43	0	2	1	3	1	2	1	1	2	2	4	1	1	4	2	3	1	2	4	2	2	4	4	1	4	3	1	2	3	2	1	3	4	2	4	1	4	3	4	1	3	2	3	1	4	1	1	3	1	1	3	3	2	4	2	1	4	1	4	3	3	4	2	1	3	2	3	3	1	4	1	4	2	1	1	4	1	4	4	2	1	4	3	3	1	1	2	3	1	1	1	3	3	1	4	4	4	2	3	1	2	4	3	2	1	2	4	4	1	3	4	4	3	4	4	1	3	3	3	4	4	3	1	3	1	3	2	1	1	2	3	3	3	3	3	4	1	1	3	1	1
Yng-44	Yng-44	3	2	1	3	1	2	1	1	2	2	4	1	1	4	2	3	1	2	4	2	2	4	4	1	4	3	1	2	3	2	1	3	4	2	4	1	4	3	4	1	3	2	3	1	4	1	1	3	1	1	3	3	2	4	2	1	4	1	4	3	3	4	2	1	3	2	3	3	1	4	1	4	2	1	1	4	1	4	4	2	1	4	3	3	1	1	2	3	1	1	1	3	3	1	4	4	4	2	3	1	2	0	3	2	1	2	4	4	1	3	4	4	3	4	4	1	3	3	3	4	4	3	1	3	1	3	2	1	1	2	3	3	3	3	3	4	1	1	3	1	1
Yng-46	Yng-46	3	2	1	3	1	2	1	1	2	2	4	1	1	4	2	3	1	2	4	2	2	4	4	1	4	3	1	2	3	2	1	3	4	2	4	1	4	3	4	1	3	2	3	1	4	1	1	3	1	1	3	3	2	4	2	1	4	1	4	3	3	4	2	1	3	2	3	3	1	4	1	4	2	1	1	4	1	4	4	2	1	4	3	3	1	1	2	3	1	1	1	3	3	1	4	4	4	2	3	1	2	4	3	2	1	2	4	4	1	3	4	4	3	4	4	1	3	3	3	4	4	3	1	3	1	3	2	1	1	2	3	3	3	3	3	4	1	1	3	1	1
Yng-47	Yng-47	0	2	1	3	1	2	1	1	0	2	4	1	1	4	2	3	1	2	4	2	2	4	4	1	4	3	1	2	0	2	1	3	4	2	4	1	4	3	4	1	3	2	0	1	4	1	0	3	0	1	3	3	2	0	0	1	4	1	4	3	3	4	0	1	3	2	0	3	1	4	1	4	2	1	1	4	1	4	4	2	0	4	3	0	0	1	2	0	1	0	1	3	3	1	4	4	4	2	3	0	2	4	3	0	1	2	4	4	0	3	4	4	3	4	4	1	3	3	3	4	4	0	1	3	1	3	2	1	0	2	3	3	3	3	3	4	1	1	3	0	0
Yng-48	Yng-48	0	2	0	3	1	2	1	0	0	2	4	1	1	4	2	3	1	2	4	2	2	4	4	1	0	3	1	2	0	0	1	3	4	2	4	0	4	0	0	1	3	2	0	1	4	1	0	3	0	1	3	3	0	0	0	1	4	1	4	3	3	4	0	1	0	0	3	0	1	4	1	4	2	1	1	4	1	4	4	2	0	4	3	0	0	1	2	0	1	0	1	3	3	1	4	4	4	2	3	0	2	4	3	0	0	0	4	4	0	3	4	0	3	4	4	0	3	3	3	4	4	0	1	3	1	3	2	1	0	2	3	3	3	3	3	0	1	1	0	0	0
Yng-49	Yng-49	3	2	1	3	1	2	1	1	2	2	4	1	1	4	2	3	1	2	4	2	2	4	4	1	4	3	1	2	3	2	1	3	4	2	4	1	4	3	4	1	3	2	3	1	4	1	1	3	1	1	3	3	2	4	2	1	4	1	4	3	3	4	2	1	3	0	0	3	1	4	1	4	2	1	1	4	1	4	4	2	1	4	3	3	1	1	2	3	1	1	1	3	3	1	4	4	4	2	3	0	2	0	3	2	1	2	4	4	1	3	4	4	3	4	4	1	3	3	3	4	4	3	1	3	1	3	2	1	0	2	3	3	3	3	3	4	1	1	3	1	1
Yng-50	Yng-50	0	2	1	3	1	2	1	1	2	2	4	1	1	4	2	3	1	2	4	2	2	4	4	1	4	3	1	2	3	2	1	3	4	2	4	1	4	3	4	1	3	2	3	1	4	1	1	3	1	1	3	3	2	4	2	1	4	1	4	3	3	4	2	1	3	0	3	3	1	4	1	4	2	1	1	4	1	4	4	2	1	4	3	3	1	1	2	3	1	1	1	3	3	1	4	4	4	2	3	0	2	4	3	2	1	2	4	4	1	3	4	4	3	4	4	1	3	3	3	4	4	3	1	3	1	3	2	1	1	2	3	3	3	3	3	4	1	1	3	1	1
Yng-53	Yng-53	3	2	1	3	1	2	1	1	2	2	4	1	1	4	2	3	1	2	4	2	2	4	4	1	4	3	1	2	3	2	1	3	4	2	4	1	4	3	4	1	3	2	3	1	4	1	1	3	1	1	3	3	2	4	2	1	4	1	4	3	3	4	2	1	3	2	3	3	1	4	1	4	2	1	1	4	1	4	4	2	1	4	3	3	1	1	2	3	1	1	1	3	3	1	4	4	4	2	3	1	2	4	3	2	1	2	4	4	1	3	4	4	3	4	4	1	3	3	3	4	4	3	1	3	1	3	2	1	1	2	3	3	3	3	3	4	1	1	3	1	1
Brn-1	Brn-1	3	2	1	3	1	2	1	1	2	2	4	1	1	4	2	3	1	2	4	2	2	4	4	1	4	3	1	2	3	2	1	3	4	2	4	1	4	3	4	1	3	2	3	1	4	1	1	3	1	1	3	3	2	4	2	1	4	1	4	3	3	4	2	1	3	0	0	3	1	4	1	4	2	1	1	4	1	4	4	2	1	4	3	3	1	1	2	3	1	1	1	3	3	1	4	4	4	2	3	1	2	0	3	2	1	2	4	4	1	3	4	4	3	4	4	1	3	3	3	4	0	3	1	3	1	3	2	1	1	2	3	3	3	3	3	4	1	1	3	1	1
Brn-2	Brn-2	3	2	1	3	1	2	1	1	2	2	4	1	1	4	2	3	1	2	4	2	2	4	4	1	4	3	1	2	3	2	1	3	4	2	4	1	4	3	4	1	3	2	3	1	4	1	1	3	1	1	3	3	2	4	2	1	4	1	4	3	3	4	2	1	3	2	3	3	1	4	1	4	2	1	1	4	1	4	4	2	1	4	3	3	1	1	2	3	1	1	1	3	3	1	4	4	4	2	3	1	2	4	3	2	1	2	4	4	1	3	4	4	3	4	4	1	3	3	3	4	0	3	1	3	1	3	2	1	1	2	3	3	3	3	3	4	1	1	3	1	1
Brn-3	Brn-3	3	2	1	3	1	2	1	1	2	2	4	1	1	4	2	3	1	2	4	2	2	4	4	1	4	3	1	2	3	2	1	3	4	2	4	1	4	3	4	1	3	2	3	1	4	1	1	3	1	1	3	3	2	4	2	1	4	1	4	3	3	4	2	1	3	2	3	3	1	4	1	4	2	1	1	4	1	4	4	2	1	4	3	3	1	1	2	3	1	1	1	3	3	1	4	4	4	2	3	1	2	0	3	2	1	2	4	4	1	3	4	4	3	4	4	1	3	3	3	4	0	3	1	3	1	3	2	1	1	2	3	3	3	3	3	4	1	1	3	1	1
Brn-4	Brn-4	3	2	1	3	1	2	1	1	2	2	4	1	1	4	2	3	1	2	4	2	2	4	4	1	4	3	1	2	3	2	1	3	4	2	4	1	4	3	4	1	3	2	3	1	4	1	1	3	1	1	3	3	2	4	2	1	4	1	4	3	3	4	2	1	3	2	3	3	1	4	1	4	2	1	1	4	1	4	4	2	1	4	3	3	1	1	2	3	1	1	1	3	3	1	4	4	4	2	3	1	2	4	3	2	1	2	4	4	1	3	4	4	3	4	4	1	3	3	3	4	0	3	0	3	1	3	2	1	1	2	3	3	3	3	3	4	1	1	3	1	1
Brn-6	Brn-6	3	2	1	3	1	2	1	1	2	2	4	1	1	4	2	3	1	2	4	2	2	4	4	1	4	3	1	2	3	2	1	3	4	2	4	1	4	3	4	1	3	2	3	1	4	1	1	3	1	1	3	3	2	4	2	1	4	1	4	3	3	4	2	1	3	0	3	3	1	4	1	4	2	1	1	4	1	4	4	2	1	4	3	3	1	1	2	3	1	1	1	3	3	1	4	4	4	2	3	1	2	4	3	2	1	2	4	4	1	3	4	4	3	4	4	1	3	3	3	4	0	3	1	3	1	3	2	1	1	2	3	3	3	3	3	4	1	1	3	1	1
Brn-9	Brn-9	3	2	1	3	1	2	1	1	2	2	4	1	1	4	2	3	1	2	4	2	2	4	4	1	4	3	1	2	3	2	1	3	4	2	4	1	4	3	4	1	3	2	3	1	4	1	1	3	1	1	3	3	2	4	2	1	4	1	4	3	3	4	2	1	3	2	3	3	1	4	1	4	2	1	1	4	1	4	4	2	1	4	3	3	1	1	2	3	1	1	1	3	3	1	4	4	4	2	3	1	2	4	3	2	1	2	4	4	1	3	4	4	3	4	4	1	3	3	3	4	0	3	1	3	1	3	2	1	1	2	3	3	3	3	3	4	1	1	3	1	1
Brn-10	Brn-10	3	2	1	3	1	2	1	1	2	2	4	1	1	4	2	3	1	2	4	2	2	4	4	1	4	3	1	2	3	2	1	3	4	2	4	1	4	3	4	1	3	2	3	1	4	1	1	3	1	1	3	3	2	4	2	1	4	1	4	3	3	4	2	1	3	0	3	3	1	4	1	4	2	1	1	4	1	4	4	2	1	4	3	3	1	1	2	3	1	1	1	3	3	1	4	4	4	2	3	1	2	4	3	2	1	2	4	4	1	3	4	4	3	4	4	1	3	3	3	4	0	3	1	3	1	3	2	1	1	2	3	3	3	3	3	4	1	1	3	1	1
Brn-11	Brn-11	0	2	1	3	1	2	1	1	2	2	4	1	1	4	2	3	1	2	4	2	2	4	4	1	4	3	1	2	3	2	1	3	4	2	4	1	4	3	4	1	3	2	3	1	4	1	1	3	1	1	3	3	2	4	2	1	4	1	4	3	3	4	2	1	3	2	3	3	1	4	1	4	2	1	1	4	1	4	4	2	1	4	3	3	1	1	2	3	1	1	1	3	3	1	4	4	4	2	3	1	2	4	3	2	1	2	4	4	1	3	4	4	3	4	4	1	3	3	3	4	0	3	1	3	1	3	2	1	1	2	3	3	3	3	3	4	1	1	3	1	1
Brn-12	Brn-12	3	2	1	3	1	2	1	1	2	2	4	1	1	4	2	3	1	2	4	2	2	4	4	1	4	3	1	2	3	2	1	3	4	2	4	1	4	3	4	1	3	2	3	1	4	1	1	3	1	1	3	3	2	4	2	1	4	1	4	3	3	4	2	1	3	2	3	3	1	4	1	4	2	1	1	4	1	4	4	2	1	4	3	3	1	1	2	3	1	1	1	3	3	1	4	4	4	2	3	1	2	4	3	2	1	2	4	4	1	3	4	4	3	4	4	1	3	3	3	4	4	3	1	3	1	3	2	1	1	2	3	3	3	3	3	4	1	1	3	1	1
Brn-17	Brn-17	3	2	1	3	1	2	1	1	2	2	4	1	1	4	2	3	1	2	4	2	2	4	4	1	4	3	1	2	3	2	1	3	4	2	4	1	4	3	4	1	3	2	3	1	4	1	1	3	1	1	3	3	2	4	2	1	4	1	4	3	3	4	2	1	3	2	3	3	1	4	1	4	2	1	1	4	1	4	4	2	1	4	3	3	1	1	2	3	1	1	1	3	3	1	4	4	4	2	3	1	2	4	3	2	1	2	4	4	1	3	4	4	3	4	4	1	3	3	3	4	0	3	1	3	1	3	2	1	1	2	3	3	3	3	3	4	1	1	3	1	1
Brn-19	Brn-19	3	2	1	3	1	2	1	1	2	2	4	1	1	4	2	3	1	2	4	2	2	4	4	1	4	3	1	2	3	2	1	3	4	2	4	1	4	3	4	1	3	2	3	1	4	1	1	3	1	1	3	3	2	4	2	1	4	1	4	3	3	4	2	1	3	0	0	3	1	4	1	4	2	1	1	4	1	4	4	2	1	4	3	3	1	1	2	3	1	1	1	3	3	1	4	4	4	2	3	1	2	4	3	2	1	2	4	4	1	3	4	4	3	4	4	1	3	3	3	4	0	3	1	3	1	3	2	1	1	2	3	3	3	3	3	4	1	1	3	1	1
Brn-20	Brn-20	3	2	1	3	1	2	1	1	2	2	4	1	1	4	2	3	1	2	4	2	2	4	4	1	4	3	1	2	3	2	1	3	4	2	4	1	4	3	4	1	3	2	3	1	4	1	1	3	1	1	3	3	2	4	2	1	4	1	4	3	3	4	2	1	3	2	3	3	1	4	1	4	2	1	1	4	1	4	4	2	1	4	3	3	1	1	2	3	1	1	1	3	3	1	4	4	4	2	3	1	2	4	3	2	1	2	4	4	1	3	4	4	3	4	4	1	3	3	3	4	4	3	1	3	1	3	2	1	1	2	3	3	3	3	3	4	1	1	3	1	1
Brn-21	Brn-21	3	2	1	3	1	2	1	1	2	2	4	1	1	4	2	3	1	2	4	2	2	4	4	1	4	3	1	2	3	2	1	3	4	2	4	1	4	3	4	1	3	2	3	1	4	1	1	3	1	1	3	3	2	4	2	1	4	1	4	3	3	4	2	1	3	2	3	3	1	4	1	4	2	1	1	4	1	4	4	2	1	4	3	3	1	1	2	3	1	1	1	3	3	1	4	4	4	2	3	1	2	4	3	2	1	2	4	4	1	3	4	4	3	4	4	1	3	3	3	4	0	3	1	3	1	3	2	1	1	2	3	3	3	3	3	4	1	1	3	1	1
Brn-22	Brn-22	3	2	1	3	1	2	1	1	2	2	4	1	1	4	2	3	1	2	4	2	2	4	4	1	4	3	1	0	3	2	1	3	4	0	4	1	4	3	0	1	3	2	3	1	4	1	1	3	1	1	3	3	2	4	2	1	4	1	4	0	3	4	2	1	3	0	0	3	1	4	1	4	2	1	1	4	1	4	4	2	1	4	3	3	0	1	2	3	1	1	1	3	0	1	4	4	4	2	3	0	2	4	3	2	1	2	4	4	1	3	4	0	3	4	4	1	3	3	3	4	4	3	1	3	1	3	2	1	1	2	3	3	3	3	3	4	0	1	3	0	1
Brn-24	Brn-24	3	2	1	3	1	2	1	1	2	2	4	1	1	4	2	3	1	2	4	2	2	4	4	1	4	3	1	2	3	2	1	3	4	2	4	1	4	3	4	1	3	2	3	1	4	1	1	3	1	1	3	3	2	4	2	1	4	1	4	3	3	4	2	1	3	2	3	3	1	4	1	4	2	1	1	4	1	4	4	2	1	4	3	3	1	1	2	3	1	1	1	3	3	1	4	4	4	2	3	1	2	4	3	2	1	2	4	4	1	3	4	4	3	4	4	1	3	3	3	4	4	3	1	3	1	3	2	1	1	2	3	3	3	3	3	4	1	1	3	1	1
Brn-27	Brn-27	0	2	1	3	1	2	1	1	2	2	4	1	1	4	2	3	1	2	4	2	2	4	4	1	4	3	1	2	3	2	1	3	4	2	4	1	4	3	4	1	3	2	3	1	4	1	1	3	1	1	3	3	2	4	2	1	4	1	4	3	3	4	2	1	3	2	3	3	1	4	1	4	2	1	1	4	1	4	4	2	1	4	3	3	1	1	2	3	1	1	1	3	3	1	4	4	4	2	3	0	2	4	3	2	1	2	4	4	1	3	4	4	3	4	4	1	3	3	3	4	4	3	1	3	1	3	2	1	1	2	3	3	3	3	3	4	1	1	3	1	1
Brn-28	Brn-28	3	2	1	3	1	2	1	1	2	2	4	1	1	4	2	3	1	2	4	2	2	4	4	1	4	3	1	2	3	2	1	3	4	2	4	1	4	3	4	1	3	2	3	1	4	1	1	3	1	1	3	3	2	4	2	1	4	1	4	3	3	4	2	1	3	2	3	3	1	4	1	4	2	1	1	4	1	4	4	2	1	4	3	3	1	1	2	3	1	1	1	3	3	1	4	4	4	2	3	1	2	4	3	2	1	2	4	4	1	3	4	4	3	4	4	1	3	3	3	4	0	3	1	3	1	3	2	1	1	2	3	3	3	3	3	4	1	1	3	1	1
Brn-29	Brn-29	3	2	1	3	1	2	1	1	2	2	4	1	1	4	2	3	1	2	4	2	2	4	4	1	4	3	1	2	3	2	1	3	4	2	4	1	4	3	4	1	3	2	3	1	4	1	1	3	1	1	3	3	2	4	2	1	4	1	4	3	3	4	2	1	3	2	3	3	1	4	1	4	2	1	1	4	1	4	4	2	1	4	3	3	1	1	2	3	1	1	1	3	3	1	4	4	4	2	3	1	2	4	3	2	1	2	4	4	1	3	4	4	3	4	4	1	3	3	3	4	4	3	1	3	1	3	2	1	1	2	3	3	3	3	3	4	1	1	3	1	1
Brn-32	Brn-32	3	2	1	3	1	2	1	1	2	2	4	1	1	4	2	3	1	2	4	2	2	4	4	1	4	3	1	2	3	2	1	3	4	2	4	1	4	3	4	1	3	2	3	1	4	1	1	3	1	1	3	3	2	4	2	1	4	1	4	3	3	4	2	1	3	2	3	3	1	4	1	4	2	1	1	4	1	4	4	2	1	4	3	3	1	1	2	3	1	1	1	3	3	1	4	4	4	2	3	1	2	4	3	2	1	2	4	4	1	3	4	4	3	4	4	1	3	3	3	4	0	3	1	3	1	3	2	1	1	2	3	3	3	3	3	4	1	1	3	1	1
Brn-35	Brn-35	3	2	1	3	1	2	1	1	2	2	4	1	1	4	2	3	1	2	4	2	2	4	4	1	4	3	1	2	3	2	1	3	4	2	4	1	4	3	4	1	3	2	3	1	4	1	1	3	1	1	3	3	2	4	2	1	4	1	4	3	3	4	2	1	3	2	3	3	1	4	1	4	2	1	1	4	1	4	4	2	1	4	3	3	1	1	2	3	1	1	1	3	3	1	4	4	4	2	3	1	2	4	3	2	1	2	4	4	1	3	4	4	3	4	4	1	3	3	3	4	0	3	1	3	1	3	2	1	1	2	3	3	3	3	3	4	1	1	3	1	1
Brn-36	Brn-36	3	2	1	3	1	2	1	1	2	2	4	1	1	4	2	3	1	2	4	2	2	4	4	1	4	3	1	2	3	2	1	3	4	2	4	1	4	3	4	1	3	2	3	1	4	1	1	3	1	1	3	3	2	4	2	1	4	1	4	3	3	4	2	1	3	2	3	3	1	4	1	4	2	1	1	4	1	4	4	2	1	4	3	3	1	1	2	3	1	1	1	3	3	1	4	4	4	2	3	1	2	4	3	2	1	2	4	4	1	3	4	4	3	4	4	1	3	3	3	4	0	3	1	3	1	3	2	1	1	2	3	3	3	3	3	4	1	1	3	1	1
Brn-37	Brn-37	3	2	1	3	1	2	1	1	2	2	4	1	1	4	2	3	1	2	4	2	2	4	4	1	4	3	1	2	3	2	1	3	4	2	4	1	4	3	4	1	3	2	3	1	4	1	1	3	1	1	3	3	2	4	2	1	4	1	4	3	3	4	2	1	3	2	3	3	1	4	1	4	2	1	1	4	1	4	4	2	1	4	3	3	1	1	2	3	1	1	1	3	3	1	4	4	4	2	3	1	2	4	3	2	1	2	4	4	1	3	4	4	3	4	4	1	3	3	3	4	4	3	1	3	1	3	2	1	1	2	3	3	3	3	3	4	1	1	3	1	1
Brn-38	Brn-38	0	2	1	3	1	2	1	1	2	2	4	1	1	4	2	3	1	2	4	2	2	4	4	1	4	3	1	2	3	2	1	3	4	2	4	1	4	3	4	1	3	2	3	1	4	1	1	3	1	1	3	3	2	4	2	1	4	1	4	3	3	4	2	1	3	2	3	3	1	4	1	4	2	1	1	4	1	4	4	2	1	4	3	3	1	1	2	3	1	1	1	3	3	1	4	4	4	2	3	1	2	4	3	2	1	2	4	4	1	3	4	4	3	4	4	1	3	3	3	4	4	3	1	3	1	3	2	1	1	2	3	3	3	3	3	4	1	1	3	1	1
