strain	category	AtMSQTsnp 2	AtMSQTsnp 4	AtMSQTsnp 8	AtMSQTsnp 9	AtMSQTsnp 10	AtMSQTsnp 11	AtMSQTsnp 12	AtMSQTsnp 14	AtMSQTsnp 15	AtMSQTsnp 18	AtMSQTsnp 21	AtMSQTsnp 22	AtMSQTsnp 27	AtMSQTsnp 29	AtMSQTsnp 30	AtMSQTsnp 31	AtMSQTsnp 33	AtMSQTsnp 38	AtMSQTsnp 40	AtMSQTsnp 41	AtMSQTsnp 47	AtMSQTsnp 48	AtMSQTsnp 49	AtMSQTsnp 53	AtMSQTsnp 54	AtMSQTsnp 57	AtMSQTsnp 58	AtMSQTsnp 60	AtMSQTsnp 61	AtMSQTsnp 62	AtMSQTsnp 63	AtMSQTsnp 65	AtMSQTsnp 67	AtMSQTsnp 69	AtMSQTsnp 73	AtMSQTsnp 76	AtMSQTsnp 85	AtMSQTsnp 87	AtMSQTsnp 88	AtMSQTsnp 90	AtMSQTsnp 91	AtMSQTsnp 92	AtMSQTsnp 97	AtMSQTsnp 100	AtMSQTsnp 101	AtMSQTsnp 104	AtMSQTsnp 108	AtMSQTsnp 114	AtMSQTsnp 118	AtMSQTsnp 123	AtMSQTsnp 126	AtMSQTsnp 128	AtMSQTsnp 129	AtMSQTsnp 130	AtMSQTsnp 132	AtMSQTsnp 138	AtMSQTsnp 140	AtMSQTsnp 142	AtMSQTsnp 143	AtMSQTsnp 145	AtMSQTsnp 146	AtMSQTsnp 155	AtMSQTsnp 156	AtMSQTsnp 159	AtMSQTsnp 164	AtMSQTsnp 169	AtMSQTsnp 170	AtMSQTsnp 173	AtMSQTsnp 174	AtMSQTsnp 177	AtMSQTsnp 184	AtMSQTsnp 186	AtMSQTsnp 187	AtMSQTsnp 188	AtMSQTsnp 189	AtMSQTsnp 191	AtMSQTsnp 194	AtMSQTsnp 197	AtMSQTsnp 198	AtMSQTsnp 203	AtMSQTsnp 205	AtMSQTsnp 214	AtMSQTsnp 220	AtMSQTsnp 222	AtMSQTsnp 223	AtMSQTsnp 231	AtMSQTsnp 232	AtMSQTsnp 235	AtMSQTsnp 237	AtMSQTsnp 242	AtMSQTsnp 244	AtMSQTsnp 249	AtMSQTsnp 254	AtMSQTsnp 260	AtMSQTsnp 263	AtMSQTsnp 266	AtMSQTsnp 267	AtMSQTsnp 274	AtMSQTsnp 278	AtMSQTsnp 279	AtMSQTsnp 281	AtMSQTsnp 282	AtMSQTsnp 285	AtMSQTsnp 286	AtMSQTsnp 288	AtMSQTsnp 292	AtMSQTsnp 294	AtMSQTsnp 300	AtMSQTsnp 304	AtMSQTsnp 306	AtMSQTsnp 307	AtMSQTsnp 310	AtMSQTsnp 312	AtMSQTsnp 315	AtMSQTsnp 321	AtMSQTsnp 323	AtMSQTsnp 325	AtMSQTsnp 327	AtMSQTsnp 331	AtMSQTsnp 334	AtMSQTsnp 343	AtMSQTsnp 350	AtMSQTsnp 351	AtMSQTsnp 355	AtMSQTsnp 358	AtMSQTsnp 359	AtMSQTsnp 360	AtMSQTsnp 361	AtMSQTsnp 368	AtMSQTsnp 370	AtMSQTsnp 372	AtMSQTsnp 373	AtMSQTsnp 378	AtMSQTsnp 379	AtMSQTsnp 388	AtMSQTsnp 390	AtMSQTsnp 392	AtMSQTsnp 394	AtMSQTsnp 395	AtMSQTsnp 397	AtMSQTsnp 398	AtMSQTsnp 399	AtMSQTsnp 404	AtMSQTsnp 406	AtMSQTsnp 408	AtMSQTsnp 409	AtMSQTsnp 410	AtMSQTsnp 412	AtMSQTsnp 415
CS28139	CIBC-1	1	1	1	4	1	2	1	1	4	2	4	3	3	1	2	3	1	2	4	1	2	4	4	1	4	2	4	0	3	2	3	3	3	4	2	1	2	3	4	1	3	0	3	1	2	3	3	1	3	3	3	3	4	2	2	2	1	4	3	3	4	2	2	4	2	0	3	3	1	1	1	2	1	1	4	1	4	4	2	1	4	3	1	3	2	2	1	1	2	1	4	4	3	1	4	2	4	4	3	1	4	4	1	2	2	4	2	4	4	1	3	2	4	2	2	4	3	1	4	1	3	4	1	1	3	3	3	3	1	1	2	3	1	1	3	3	2	1	1	3	1	3
CS28146	CIBC-10	0	1	1	4	1	2	1	1	4	2	4	3	3	1	2	3	1	2	4	1	2	4	4	1	4	2	4	2	3	2	3	3	3	4	2	1	2	3	4	1	3	0	3	1	2	3	3	1	0	3	3	3	4	2	2	2	1	4	3	3	4	2	2	4	2	1	3	3	1	1	1	2	1	1	4	1	4	4	2	1	4	3	1	3	2	2	1	1	2	1	4	4	3	1	4	2	4	4	3	1	4	4	1	2	2	4	2	4	4	1	3	2	0	2	2	4	0	1	4	1	3	4	1	1	3	3	3	3	1	1	2	3	1	1	3	3	0	1	1	0	1	3
CS28147	CIBC-11	3	2	1	3	1	2	1	7	4	3	2	3	3	4	2	3	1	2	4	2	2	4	4	1	4	3	4	2	1	1	1	1	4	4	4	4	2	3	2	1	3	2	3	6	9	1	1	1	1	3	4	1	2	2	2	2	1	4	3	0	2	4	2	3	2	0	6	3	7	1	1	9	6	1	7	6	4	4	2	1	10	6	3	1	9	9	1	1	2	1	4	4	3	1	4	4	4	4	2	1	2	4	6	4	0	7	2	9	1	1	3	2	10	8	4	9	6	6	4	3	4	3	1	6	0	1	1	2	6	2	9	3	1	1	10	1	2	6	1	6	7	6
CS28148	CIBC-12	1	2	1	4	1	2	1	1	2	2	2	3	1	1	2	3	1	2	2	1	4	4	4	1	4	2	4	2	3	2	3	3	3	4	2	1	2	3	4	3	1	0	3	1	2	3	3	1	1	3	3	3	4	4	2	2	1	4	3	3	4	2	2	4	2	0	3	3	1	1	1	2	1	1	4	1	4	1	4	3	4	1	1	3	2	2	1	1	2	1	4	4	3	1	4	2	4	4	3	1	4	4	1	2	2	4	2	4	4	2	1	4	4	2	2	2	1	1	4	1	3	4	1	1	3	3	3	3	1	1	2	3	1	1	3	3	2	1	1	3	1	3
CS28149	CIBC-13	1	2	1	4	1	2	1	4	2	2	2	3	3	1	2	3	2	2	4	1	2	4	4	1	4	2	1	4	1	1	3	3	3	4	4	4	2	3	2	3	3	0	3	3	2	1	1	1	3	3	3	3	4	2	2	2	1	4	0	1	2	4	2	3	1	1	3	3	4	1	1	2	1	1	1	1	4	4	2	1	4	1	3	1	2	4	1	1	2	1	4	3	4	3	4	4	1	4	3	3	4	0	1	2	3	4	1	2	4	1	3	2	4	2	2	4	1	1	4	3	3	4	1	1	1	3	1	3	3	1	2	1	1	3	3	1	2	1	1	3	1	3
CS28150	CIBC-14	1	1	1	4	1	2	1	1	4	2	4	3	3	1	2	3	1	2	4	1	2	4	4	1	4	2	4	2	3	2	3	3	3	4	2	1	2	3	4	1	3	0	3	1	2	3	3	1	3	3	3	3	4	2	2	2	1	4	3	3	4	2	2	4	2	0	3	3	1	1	1	2	1	1	4	1	4	4	2	1	4	3	1	3	2	2	1	1	2	1	4	4	3	1	4	2	4	4	3	1	4	4	1	2	2	4	2	4	0	1	3	2	4	2	0	4	3	1	4	1	3	4	1	1	3	3	3	3	1	1	2	3	1	1	3	3	2	1	1	3	1	3
CS28151	CIBC-15	3	2	1	4	1	2	1	4	2	3	4	3	3	1	2	3	1	2	4	2	2	4	4	0	4	2	1	0	1	1	3	1	4	4	4	1	2	3	2	3	1	2	3	3	4	3	3	1	1	1	3	1	4	2	2	2	1	4	3	3	4	2	2	3	2	1	3	3	1	1	1	2	1	1	4	1	4	1	4	1	10	3	3	3	2	2	1	1	2	2	4	3	3	1	4	2	4	4	3	1	2	4	1	4	2	4	5	9	0	2	1	2	4	2	4	2	1	1	4	1	3	4	1	1	1	1	3	3	1	1	2	3	1	1	3	3	2	1	1	1	1	3
CS28152	CIBC-16	3	2	1	0	1	2	0	1	4	3	9	3	3	4	2	3	1	2	4	2	2	4	4	1	4	3	4	0	1	1	1	1	4	4	4	4	2	3	2	1	3	2	3	1	4	1	1	1	1	3	4	1	2	2	2	2	1	4	3	0	2	4	2	3	2	0	3	3	1	1	1	2	1	1	1	3	4	4	2	1	3	0	1	1	2	2	1	1	2	0	4	3	3	3	4	4	4	4	3	3	2	0	3	4	3	1	2	2	1	1	3	2	4	3	4	2	3	3	4	3	4	3	1	1	3	1	3	2	3	2	4	3	1	1	3	0	2	3	1	3	1	3
CS28153	CIBC-17	1	2	1	4	1	2	1	4	2	2	2	3	3	1	2	3	2	2	4	1	2	4	4	1	4	2	1	4	1	1	3	3	3	4	4	4	2	3	2	3	3	0	3	3	2	1	1	1	3	3	3	3	4	2	2	2	1	4	0	1	2	4	2	3	1	1	3	3	4	1	1	2	1	1	1	1	4	4	2	1	4	1	3	1	2	4	1	1	2	1	4	3	4	3	4	4	1	4	3	3	4	4	1	2	3	4	1	2	4	1	3	2	4	2	2	4	1	1	4	3	3	4	1	1	1	3	1	3	3	1	2	1	1	3	3	1	2	1	1	3	1	3
CS28155	CIBC-18	3	2	1	4	1	4	1	1	4	3	2	3	3	4	2	3	1	3	4	1	2	4	4	1	4	2	4	2	1	2	3	1	4	4	2	1	2	3	4	3	1	2	3	3	4	1	3	1	1	3	3	3	4	2	2	4	2	2	3	3	4	2	1	4	2	3	1	3	1	4	1	2	1	1	1	3	4	4	2	1	4	1	3	3	2	2	1	1	2	1	4	4	3	3	4	4	4	4	3	3	2	4	1	4	3	4	1	4	4	2	1	2	3	3	2	4	1	1	4	3	3	4	1	3	3	1	3	2	3	2	4	3	1	1	4	3	2	1	1	1	1	1
CS28156	CIBC-19	1	2	1	4	1	2	1	1	2	2	2	3	1	1	2	3	1	2	2	1	4	4	4	1	4	2	4	2	3	2	3	3	3	4	2	1	2	3	4	3	1	0	3	1	2	3	3	1	1	3	3	3	4	4	2	2	1	4	3	3	4	2	2	4	2	1	3	3	1	1	1	2	1	1	4	1	4	1	4	3	4	1	1	3	2	2	1	1	2	1	4	4	3	1	4	2	4	4	3	1	4	4	1	2	2	4	2	4	4	2	1	4	4	2	2	2	1	1	4	1	3	4	1	1	3	3	3	3	1	1	2	3	1	1	3	3	2	1	1	3	1	3
CS28140	CIBC-2	1	2	1	4	0	2	1	1	4	8	4	3	1	4	9	3	1	3	0	0	2	4	2	1	4	0	1	2	3	2	0	3	3	0	2	4	2	3	2	0	1	2	3	1	4	3	3	3	3	3	3	0	4	2	2	2	1	0	3	0	0	4	0	3	0	3	1	3	1	0	4	2	3	1	1	1	4	4	2	1	4	3	1	0	0	2	1	1	2	2	4	4	3	1	2	4	4	4	0	1	2	4	1	4	3	4	1	2	1	1	3	2	4	2	0	2	3	1	4	3	3	0	1	0	3	1	3	2	1	1	4	3	1	1	3	1	2	0	1	3	1	3
CS28157	CIBC-20	1	1	1	4	1	2	1	1	4	2	4	3	3	1	2	3	1	2	4	1	2	4	4	1	4	2	4	2	3	2	3	3	3	4	2	1	2	3	4	1	3	0	3	1	2	3	3	1	3	3	3	3	4	2	2	2	1	4	3	3	4	2	2	4	2	0	3	3	1	1	1	2	1	1	4	1	4	4	2	1	4	3	1	3	2	2	1	1	2	1	4	4	3	1	4	2	4	4	3	1	4	4	1	2	2	4	2	4	4	1	3	2	4	2	2	4	3	1	4	1	3	4	1	1	3	3	3	3	1	1	2	3	1	1	3	3	2	1	1	3	1	3
CS28141	CIBC-4	3	2	1	4	1	2	1	1	4	2	0	3	3	1	2	3	1	2	4	2	2	4	4	3	4	2	1	2	1	1	3	1	4	4	4	1	2	3	2	3	1	2	3	3	2	1	3	1	1	3	3	1	4	2	2	2	1	4	3	3	4	2	2	3	2	1	3	3	1	1	1	2	1	1	4	1	4	1	4	1	4	3	3	3	2	2	1	1	2	2	4	4	3	1	4	2	4	4	3	1	2	4	1	4	2	4	2	4	4	2	3	2	3	2	4	4	1	1	4	3	4	4	1	1	3	1	1	2	1	1	2	3	1	1	3	3	2	1	1	1	1	3
CS28142	CIBC-5	1	2	1	4	1	2	1	1	4	2	4	3	3	1	2	3	2	2	4	2	2	4	4	1	4	3	4	2	1	1	1	1	4	4	4	4	2	3	2	1	3	0	3	1	4	1	3	3	3	1	3	3	4	2	2	2	1	4	3	0	2	4	2	3	2	1	3	3	1	1	1	2	1	1	1	3	4	1	2	3	3	3	1	1	2	2	1	1	2	2	4	4	4	1	4	4	4	4	3	3	4	3	1	4	3	4	1	4	1	2	1	2	4	3	4	2	3	1	4	3	3	4	1	1	3	3	1	3	1	1	4	3	1	1	4	1	2	3	1	3	1	3
CS28144	CIBC-6	3	2	1	3	1	2	1	1	4	3	9	3	3	4	2	3	1	2	4	2	2	4	4	1	4	3	4	2	1	1	1	1	4	4	4	4	2	3	2	1	3	2	3	1	4	1	1	1	1	3	4	1	2	2	2	2	1	4	3	0	2	4	2	3	2	1	3	3	1	1	1	2	1	1	1	3	4	4	2	1	3	1	1	1	2	2	1	1	2	2	4	3	3	3	4	4	4	4	3	3	2	3	3	4	3	1	2	2	1	1	3	2	4	3	4	2	3	3	4	3	4	3	1	0	3	1	3	2	3	2	4	3	1	1	3	1	2	3	1	3	1	3
CS28145	CIBC-7	3	2	1	3	1	2	1	1	4	3	4	3	3	4	2	3	1	2	4	2	2	4	4	1	4	3	4	2	1	1	1	1	4	4	4	4	2	3	2	1	3	2	3	1	4	1	1	1	1	3	4	1	2	2	2	2	1	4	3	0	2	4	2	3	2	1	3	3	1	1	1	2	1	1	1	3	4	4	2	1	3	1	1	1	2	2	1	1	2	2	4	3	3	3	4	4	4	4	3	3	2	3	3	4	0	1	2	2	1	1	3	2	4	3	4	2	3	3	4	3	4	3	1	1	3	1	3	2	3	2	4	3	1	1	3	1	2	3	1	3	1	3
CS28356	HR-14	3	2	1	4	1	2	1	4	4	2	2	3	1	4	4	3	2	3	2	1	2	4	4	1	4	2	1	2	1	2	1	1	4	2	2	4	2	3	4	1	3	2	1	3	4	1	1	3	3	3	3	1	4	2	2	2	2	2	0	3	4	4	2	4	2	1	3	3	4	1	1	4	3	1	4	3	2	1	4	3	4	1	3	1	2	2	3	1	2	2	4	3	3	1	2	2	4	2	2	1	4	4	1	4	2	1	2	2	4	2	3	2	3	3	4	2	1	1	4	1	4	4	1	1	3	3	1	3	1	2	2	3	3	1	3	1	2	1	1	3	1	1
CS28357	HR-15	3	2	1	4	1	2	1	4	4	2	2	3	1	4	4	3	2	3	2	1	2	4	4	1	4	2	1	2	1	2	1	1	4	2	2	4	2	3	4	1	3	2	1	3	4	1	1	3	3	3	3	1	4	2	2	2	2	2	0	3	4	4	2	4	2	1	3	3	4	1	1	4	3	1	4	3	2	1	4	3	4	1	3	1	2	2	3	1	2	2	4	3	3	1	2	2	4	2	2	1	4	4	1	4	2	1	2	2	4	2	3	2	3	3	4	2	1	1	4	1	4	4	1	1	3	3	1	3	1	2	2	3	3	1	3	1	2	1	1	3	1	1
CS28358	HR-17	3	2	1	0	1	2	0	4	4	2	2	3	1	4	4	3	2	3	2	1	0	4	4	6	4	2	1	2	1	2	1	1	4	2	2	4	2	3	4	1	3	2	1	3	4	1	1	3	3	3	3	1	4	2	2	2	0	2	0	3	4	4	2	4	2	0	3	3	4	1	1	4	3	1	0	3	2	1	4	3	4	1	3	1	2	2	3	1	2	2	4	3	3	1	2	2	4	2	2	1	4	0	1	4	0	1	2	2	4	2	3	2	3	3	4	2	1	1	4	1	4	4	1	1	3	3	1	3	1	2	2	3	3	1	3	1	2	1	1	3	1	1
CS28352	HR-5	0	2	1	4	1	2	1	4	4	2	2	3	1	4	4	3	2	3	2	1	2	4	4	1	4	2	1	2	1	2	1	1	4	2	2	4	2	3	4	1	3	2	1	3	4	1	1	3	3	3	3	1	4	2	2	2	2	2	0	3	4	4	2	4	2	1	3	3	4	1	1	4	3	1	4	3	2	1	4	3	4	1	3	1	2	2	3	1	2	2	4	3	3	1	2	2	4	2	2	0	4	4	1	4	0	1	2	2	4	2	3	2	3	3	4	2	1	1	4	1	4	4	1	1	3	3	1	3	1	2	2	3	3	1	3	1	2	1	1	3	1	1
CS28354	HR-8	3	2	1	4	1	2	1	4	4	2	2	3	1	4	4	3	2	3	2	1	2	4	4	1	4	2	1	2	1	2	1	1	4	2	2	4	2	3	4	1	3	2	1	3	4	1	1	3	3	3	3	1	4	2	2	2	2	2	0	3	4	4	2	4	2	1	3	3	4	1	1	4	3	1	4	3	2	1	4	3	4	1	3	1	2	2	3	1	2	2	4	3	3	1	2	2	4	2	2	1	4	4	1	4	2	1	2	2	4	2	3	2	3	3	4	2	1	1	4	1	4	4	1	1	3	3	1	3	1	2	2	3	3	1	3	1	2	1	1	3	1	1
CS28534	NFC-1	1	2	1	4	1	2	1	1	4	3	4	3	3	4	2	4	1	2	2	2	2	4	4	1	4	2	1	0	3	2	3	1	3	4	2	1	4	3	2	1	1	2	3	3	4	1	3	3	3	3	4	1	4	2	2	2	1	2	0	1	2	2	1	4	2	1	3	3	4	1	1	2	3	1	4	1	4	1	4	3	3	3	1	1	2	2	3	1	2	1	4	4	3	1	2	4	1	4	3	1	2	3	3	2	2	1	2	4	1	1	3	2	0	3	4	2	1	1	4	3	4	3	1	3	1	1	1	2	1	1	2	3	1	1	3	1	2	1	1	1	1	3
CS28542	NFC-10	1	2	1	4	1	2	1	1	4	3	4	3	3	4	2	4	1	0	2	2	2	4	4	0	4	2	1	2	3	2	3	1	3	4	2	1	4	3	2	1	1	2	3	3	4	1	3	3	3	3	4	1	4	2	0	2	1	2	3	1	2	2	1	4	2	1	3	3	4	1	0	2	3	1	4	1	4	0	4	3	3	3	1	1	2	2	3	1	2	1	4	4	3	1	2	4	1	4	3	1	2	3	3	2	2	1	2	4	1	1	3	2	0	3	0	2	1	1	4	3	4	3	1	3	0	1	1	2	1	1	2	3	0	1	3	1	2	1	1	1	1	3
CS28543	NFC-11	1	2	1	4	1	2	1	1	4	3	4	3	3	4	2	4	1	2	2	2	2	4	4	1	4	2	1	0	3	2	3	1	3	4	2	1	4	3	2	1	1	2	3	3	4	1	3	3	3	3	4	1	4	2	2	2	1	2	0	1	2	2	1	4	2	1	3	3	4	1	1	2	3	1	4	1	4	1	4	3	3	3	1	1	2	2	3	1	2	1	4	4	3	1	2	4	1	4	3	1	2	3	3	2	2	1	2	4	1	1	3	2	0	3	4	2	1	1	4	3	4	3	1	3	1	1	1	2	1	1	2	3	1	1	3	1	2	1	1	1	1	3
CS28544	NFC-13	1	2	1	4	1	2	1	1	4	3	4	3	3	4	2	4	1	2	2	2	2	4	4	1	4	2	1	0	3	2	3	1	3	4	2	1	4	3	2	1	1	2	3	3	4	1	3	3	3	3	4	1	4	2	2	2	1	2	0	1	2	2	1	4	2	0	3	3	4	1	1	2	3	1	4	1	4	1	4	3	3	3	1	1	2	2	3	1	2	1	4	4	3	0	2	4	1	4	3	1	2	3	3	2	2	1	2	4	1	1	3	2	0	3	4	2	1	1	4	3	4	3	1	3	1	1	1	2	1	1	2	3	1	1	3	1	2	1	1	1	1	3
CS28545	NFC-14	1	2	1	4	1	2	1	1	4	3	4	3	3	4	2	4	1	2	2	2	2	4	4	1	4	2	1	0	3	2	3	1	3	4	2	1	4	3	2	1	1	2	3	3	4	1	3	3	3	3	4	1	4	2	2	2	1	2	3	1	2	2	1	4	2	1	3	3	4	1	1	2	3	1	4	1	4	1	4	3	3	3	1	1	2	2	3	1	2	1	4	4	3	1	2	4	1	4	3	1	2	3	3	2	2	1	2	4	1	1	3	2	0	3	4	2	1	1	4	3	4	3	1	3	1	1	1	2	1	1	2	3	1	1	3	1	2	1	1	1	1	3
CS28546	NFC-15	1	2	1	4	1	2	1	1	4	3	4	3	3	4	2	4	1	2	2	2	2	4	4	1	4	2	1	2	3	2	3	1	3	4	2	1	4	3	2	1	1	2	3	3	4	1	3	3	3	3	4	1	4	2	2	2	1	2	3	1	2	2	1	4	0	1	3	3	4	1	1	2	3	1	4	1	4	1	4	3	3	3	1	1	2	2	3	1	2	1	4	4	3	1	2	4	1	4	3	1	2	3	3	2	2	1	2	4	1	1	3	2	0	3	4	2	1	1	4	3	4	0	1	3	1	1	1	2	1	1	2	3	1	1	3	1	2	1	1	1	1	3
CS28547	NFC-16	1	2	1	4	1	2	1	1	4	3	4	3	3	4	2	4	1	2	2	2	2	4	4	1	4	2	1	2	3	2	3	1	3	4	2	1	4	3	2	1	1	2	3	3	4	1	3	3	3	3	4	1	4	2	2	2	1	2	3	1	2	2	1	4	2	1	3	3	4	1	1	2	3	1	4	1	4	1	4	3	3	3	1	1	2	2	3	1	2	1	4	4	3	1	2	4	1	4	3	1	2	3	3	2	2	1	2	4	1	1	3	2	4	3	4	2	1	1	4	3	4	3	1	3	1	1	1	2	1	1	2	3	1	1	3	1	2	1	1	1	1	3
CS28548	NFC-17	1	2	1	4	1	2	1	1	4	3	4	3	3	4	2	4	1	2	2	2	2	4	4	1	4	2	1	2	3	2	3	1	3	4	2	1	4	3	2	1	1	2	3	3	4	1	3	3	3	3	4	1	4	2	2	2	1	2	3	1	2	2	1	4	2	1	3	3	4	1	1	2	3	1	4	1	4	1	4	3	3	3	1	1	2	2	3	1	2	1	4	4	3	1	2	4	1	4	3	1	2	3	3	2	2	1	2	4	1	1	3	2	4	3	4	2	1	1	4	3	4	3	1	3	0	1	1	2	1	1	2	3	1	1	3	1	2	1	1	1	1	3
CS28549	NFC-18	1	2	1	4	1	2	1	1	4	3	4	3	3	4	2	4	1	2	2	2	2	4	4	0	4	2	1	2	3	2	3	1	3	4	2	1	4	3	2	1	1	2	3	3	4	1	3	3	3	3	4	1	4	2	2	2	1	2	3	1	2	2	1	4	2	1	3	3	4	1	1	2	3	1	4	1	4	1	4	3	3	3	1	1	2	2	3	1	2	1	4	4	3	1	2	4	1	4	3	1	2	3	3	0	0	1	2	4	1	1	3	2	4	3	4	2	1	1	4	3	4	3	1	3	1	1	1	2	1	1	2	3	1	1	3	1	2	1	1	1	1	3
CS28535	NFC-2	1	2	1	4	1	2	1	1	4	3	4	3	3	4	2	4	1	2	2	2	2	4	4	1	4	2	1	2	3	2	3	1	3	4	2	1	4	3	2	1	1	2	3	3	4	1	3	3	3	3	4	1	4	2	2	2	1	2	3	1	2	2	1	4	2	1	3	3	4	1	1	2	3	1	4	1	4	1	4	3	3	3	1	1	2	2	3	1	2	1	4	4	3	1	2	4	1	4	3	1	2	3	3	2	2	1	2	4	1	1	3	2	0	3	4	2	1	1	4	3	4	0	1	3	1	1	1	2	1	1	2	3	1	1	3	1	2	1	1	1	1	3
CS28550	NFC-20	1	2	1	4	1	2	1	1	4	3	4	3	3	4	2	4	1	2	2	2	2	4	4	0	4	2	1	2	3	2	3	1	3	4	2	1	4	3	2	1	1	2	3	3	4	1	3	3	3	3	4	1	4	2	2	2	1	2	3	1	2	2	1	4	2	1	3	3	4	1	1	2	3	1	4	1	4	1	4	3	3	3	1	1	2	2	3	1	2	1	4	4	3	1	2	4	1	4	3	1	2	3	3	2	2	1	2	4	1	1	3	2	4	3	4	2	1	1	4	3	4	3	1	3	0	1	1	2	1	1	2	3	1	1	3	1	2	1	1	1	1	3
CS28536	NFC-3	1	2	1	4	1	2	0	1	4	3	4	3	3	4	2	4	1	2	2	2	2	4	4	1	4	2	1	0	3	2	3	1	3	4	2	1	4	3	2	1	1	2	3	3	4	1	3	3	3	3	4	1	4	2	2	2	1	2	0	1	2	2	1	4	2	0	3	3	4	1	1	2	3	1	4	1	4	1	4	3	3	3	1	1	2	2	3	1	2	1	4	4	3	1	2	4	1	4	3	1	0	3	3	2	2	1	2	0	1	1	3	2	0	3	4	2	1	1	4	3	4	3	1	3	1	1	1	2	1	1	2	3	1	0	3	1	2	1	1	1	1	3
CS28537	NFC-4	1	2	1	4	1	2	1	1	4	3	4	3	3	4	2	4	1	2	2	2	2	4	4	1	4	2	1	2	3	2	3	1	3	4	2	1	4	3	2	1	1	2	3	3	4	1	3	3	3	3	4	1	4	2	2	2	1	2	3	1	2	2	1	4	2	1	3	3	4	1	1	2	3	1	4	1	4	1	4	3	3	3	1	1	2	2	3	1	2	1	4	4	3	1	2	4	1	4	3	1	2	3	3	2	2	1	2	4	1	1	3	2	0	3	4	2	1	1	4	3	4	3	1	3	1	1	1	2	1	1	2	3	1	1	3	1	2	1	1	1	1	3
CS28538	NFC-5	1	2	1	4	1	2	1	1	4	3	4	3	3	4	2	4	1	2	2	2	2	4	4	1	4	2	1	2	3	2	3	1	3	4	2	1	4	3	2	1	1	2	3	3	4	1	3	3	3	3	4	1	4	2	2	2	1	2	3	1	2	2	1	4	2	1	3	3	4	1	1	2	3	1	4	1	4	1	4	3	3	3	1	1	2	2	3	1	2	1	4	4	3	1	2	4	1	4	3	1	2	3	3	2	2	1	2	4	1	1	3	2	0	3	4	2	1	1	4	3	4	3	1	3	1	1	1	2	1	1	2	3	1	1	3	1	2	1	1	1	1	3
CS28539	NFC-6	1	2	1	4	1	2	1	1	4	3	4	3	3	4	2	4	1	2	2	2	2	4	4	1	4	2	1	2	3	2	3	1	3	4	2	1	4	3	2	1	1	2	3	3	4	1	3	3	3	3	4	1	4	2	2	2	1	2	3	1	2	2	1	4	2	1	3	3	4	1	1	2	3	1	4	1	4	1	4	3	3	3	1	1	2	2	3	1	2	1	4	4	3	1	2	4	1	4	3	1	2	3	3	2	2	1	2	4	1	1	3	2	0	3	4	2	1	1	4	3	4	3	1	3	1	1	1	2	1	1	2	3	1	1	3	1	2	1	1	1	1	3
CS28540	NFC-8	1	2	1	4	1	2	1	1	4	3	4	3	3	4	2	4	1	2	2	2	2	4	4	1	4	2	1	0	3	2	3	1	3	4	2	1	4	3	2	1	1	2	3	3	4	1	3	3	3	3	4	1	4	2	2	2	1	2	3	1	2	2	1	4	2	1	3	3	4	1	1	2	3	1	4	1	4	1	4	3	3	3	1	1	2	2	3	1	2	1	4	4	3	1	2	4	1	4	3	1	2	3	3	2	2	1	2	4	1	1	3	2	0	3	4	2	1	1	4	3	4	3	1	3	1	1	1	2	1	1	2	3	1	1	3	1	2	1	1	1	1	3
CS28541	NFC-9	1	2	1	4	1	2	1	1	4	3	4	3	3	4	2	4	1	2	2	2	2	4	4	1	4	2	1	0	3	2	3	1	3	4	2	1	4	3	2	1	1	2	3	3	4	1	3	3	3	3	4	1	4	2	2	2	1	2	0	1	2	2	1	4	2	1	3	3	4	1	1	2	3	1	4	1	4	1	4	3	3	3	1	1	2	2	3	1	2	1	4	4	3	1	2	4	1	4	3	1	2	3	3	2	2	1	2	4	1	1	3	2	0	3	4	2	1	1	4	3	4	3	1	3	1	1	1	2	1	1	2	3	1	1	3	1	2	1	1	1	1	3
CS28551	NFE-1	0	2	1	4	1	2	3	4	2	2	2	3	1	1	2	3	2	2	2	1	2	2	4	1	4	2	1	2	1	2	3	1	3	4	2	1	2	3	2	1	3	2	3	3	2	1	1	3	3	3	3	1	4	2	2	2	1	4	3	1	2	4	2	4	2	3	1	3	1	1	1	2	3	1	4	1	4	1	2	3	4	1	3	3	2	2	1	1	2	1	2	3	4	1	2	4	4	4	3	1	4	3	1	4	3	4	2	4	4	1	1	2	3	2	2	4	1	1	4	3	4	3	3	1	3	1	1	2	1	1	2	3	1	1	4	1	2	1	1	1	1	3
CS28557	NFE-10	1	2	1	4	1	2	3	4	2	2	2	3	1	1	2	3	2	2	2	1	2	2	4	1	4	2	1	2	1	2	3	1	3	4	2	1	2	3	2	1	3	2	3	3	2	1	1	3	3	3	3	1	4	2	2	2	1	4	3	1	2	4	2	4	2	3	1	3	1	1	1	2	3	1	4	1	4	1	2	3	4	1	3	3	2	2	1	1	2	1	2	3	4	1	2	4	4	4	3	1	4	3	1	4	3	4	2	4	4	1	1	2	3	2	2	4	1	1	4	3	4	3	3	1	3	1	0	2	1	1	2	3	1	1	4	1	2	1	1	1	1	3
CS28558	NFE-15	1	2	1	4	1	2	3	4	2	2	2	3	1	1	2	3	2	2	2	1	2	2	4	1	4	2	1	2	1	2	3	1	3	4	2	1	2	3	2	1	3	2	3	3	2	1	1	3	3	3	3	1	4	2	2	2	1	4	3	1	2	4	2	4	2	3	1	3	1	1	1	2	3	1	4	1	4	1	2	3	4	1	3	3	2	2	1	1	2	1	2	3	4	1	2	4	4	4	3	1	4	3	1	4	3	4	2	4	4	1	1	2	3	2	2	4	1	1	4	3	4	3	3	1	3	1	0	2	1	1	2	3	1	1	4	1	2	1	1	1	1	3
CS28559	NFE-16	1	2	1	4	1	2	3	4	2	2	2	3	1	1	2	3	2	2	2	1	2	2	4	1	4	2	1	2	1	2	3	1	3	4	2	1	2	3	2	1	3	2	3	3	2	1	1	3	3	3	3	1	4	2	2	2	1	4	3	1	2	4	2	4	2	3	1	3	1	1	1	2	3	1	4	1	4	1	2	3	4	1	3	3	2	2	1	1	2	1	2	3	4	1	2	4	4	4	3	1	4	3	1	4	3	4	2	4	4	1	1	2	3	2	2	4	1	1	4	3	4	3	3	1	3	1	3	2	1	1	2	3	1	1	4	1	2	1	1	1	1	3
CS28560	NFE-17	0	2	1	4	1	2	3	4	2	2	2	3	1	1	2	3	2	2	2	1	2	2	4	1	4	2	1	2	1	2	3	1	3	4	2	1	2	3	2	1	3	2	3	3	2	1	1	3	3	3	3	1	4	2	2	2	1	4	3	1	2	4	2	4	2	3	1	3	1	1	1	2	3	1	4	1	4	1	2	3	4	1	3	3	2	2	1	1	2	1	2	3	4	1	2	4	4	4	3	0	4	3	1	4	3	4	2	4	4	1	1	2	3	2	2	4	1	1	4	3	4	3	3	1	3	1	6	2	1	1	2	3	1	1	4	1	2	1	1	1	1	3
CS28561	NFE-18	0	2	1	4	1	2	3	4	2	2	2	3	1	1	2	3	2	2	2	1	2	2	4	1	4	2	1	2	1	2	3	1	3	4	2	1	2	3	2	1	3	2	3	3	2	1	1	3	3	3	3	1	4	0	2	2	1	4	3	1	2	4	2	4	2	3	1	3	1	1	1	2	3	1	4	1	4	1	2	3	4	1	3	3	2	2	1	1	2	1	2	3	4	1	2	4	4	4	3	0	4	3	1	4	3	4	2	4	4	1	1	2	3	2	2	4	1	1	4	3	4	3	3	1	3	1	1	2	1	0	2	3	1	1	4	1	2	1	1	1	1	3
CS28562	NFE-19	0	2	1	4	1	2	3	4	2	2	2	3	1	1	2	3	2	2	2	1	2	2	4	1	4	2	1	2	1	2	3	1	3	4	2	1	2	3	2	1	3	2	3	3	2	1	1	3	3	3	3	1	4	2	2	2	1	4	3	1	2	4	2	4	2	3	1	3	1	1	1	2	3	1	4	1	4	1	2	3	4	1	3	3	2	2	1	1	2	1	2	3	4	1	2	4	4	4	3	1	4	3	1	4	3	4	2	4	4	1	1	2	3	2	2	4	1	1	4	3	4	3	3	1	3	1	1	2	1	1	2	3	1	1	4	1	2	1	1	1	1	3
CS28552	NFE-5	1	2	1	4	1	2	1	1	4	3	4	3	3	4	2	4	1	2	2	2	2	4	4	1	4	2	1	2	3	2	3	1	3	4	2	1	4	3	2	1	1	2	3	3	4	1	3	3	3	3	4	1	4	2	2	2	1	2	3	1	2	2	1	4	2	1	3	3	4	1	1	2	3	1	4	1	4	1	4	3	3	3	1	1	2	2	3	1	2	1	4	4	3	1	2	4	1	4	3	1	2	3	3	2	2	1	2	4	1	1	3	2	4	3	4	2	1	1	4	3	4	3	1	3	0	1	1	2	1	1	2	3	1	1	3	1	2	1	1	1	1	3
CS28553	NFE-6	0	2	1	4	1	2	3	4	2	2	2	3	1	1	2	3	2	2	2	1	2	2	4	0	4	2	1	2	1	2	3	1	3	4	2	1	2	3	2	1	3	2	3	3	2	1	1	3	3	3	3	1	4	2	2	2	1	4	3	1	2	4	2	4	2	3	1	3	1	1	1	2	3	1	4	1	4	1	2	3	4	1	3	3	2	2	1	1	2	1	2	3	4	1	2	4	4	4	3	1	4	3	1	4	3	4	2	4	4	1	1	2	3	2	0	4	1	1	4	3	4	3	3	1	3	1	1	2	1	1	2	3	1	1	4	1	2	1	1	1	1	3
CS28554	NFE-7	0	2	1	4	1	2	3	4	2	2	2	3	1	1	2	3	2	2	2	1	2	2	4	1	4	2	1	2	1	2	3	1	3	4	2	1	2	3	2	1	3	2	3	3	2	1	1	3	3	3	3	1	4	0	2	2	1	4	3	1	2	4	2	4	2	3	1	3	1	1	1	2	3	1	4	1	4	1	2	3	4	1	3	3	2	2	1	1	2	1	2	3	4	1	2	4	4	4	3	1	4	3	1	4	3	4	2	4	4	1	1	2	3	2	2	4	1	1	4	3	4	3	3	1	3	1	6	2	1	1	2	3	1	1	4	1	2	1	1	1	1	3
CS28555	NFE-8	1	2	1	4	1	2	3	4	2	2	2	3	1	1	2	3	2	2	2	1	2	2	4	1	4	2	1	2	1	2	3	1	3	4	2	1	2	3	2	1	3	2	3	3	2	1	1	3	3	3	3	1	4	2	2	2	1	4	3	1	2	4	2	4	2	3	1	3	1	1	1	2	3	1	4	1	4	1	2	3	4	1	3	3	2	2	1	1	2	1	2	3	4	1	2	4	4	4	3	1	4	3	1	4	3	4	2	4	4	1	1	2	3	2	2	4	1	1	4	3	4	3	3	1	3	1	1	2	1	1	2	3	1	1	4	1	2	1	1	1	1	3
CS28556	NFE-9	0	2	1	4	1	2	3	4	2	2	2	3	1	1	2	3	2	2	2	1	2	2	4	0	0	2	1	2	1	2	3	1	3	4	2	1	2	3	2	1	3	2	3	3	2	1	1	3	3	3	3	1	4	0	2	2	1	4	3	1	2	4	2	4	2	3	1	3	1	1	1	2	3	1	4	1	4	1	2	3	4	1	3	3	2	2	1	1	2	1	2	3	4	1	2	4	4	4	3	1	4	3	1	9	3	4	2	4	4	1	1	2	3	2	2	4	1	1	4	3	4	3	3	1	3	1	0	2	1	1	2	3	1	1	4	1	2	1	1	1	1	3
CS28747	Sq-4	3	2	1	3	3	2	3	4	2	2	2	1	1	4	4	4	1	2	2	1	2	4	4	0	4	2	1	2	1	2	3	3	3	4	4	1	4	1	4	3	3	2	3	3	2	1	1	1	1	3	4	1	2	2	2	2	1	2	0	3	4	2	2	3	1	3	1	3	4	4	4	2	1	2	4	1	4	4	2	1	4	1	3	1	2	4	1	1	1	2	2	4	4	1	4	2	4	4	3	1	4	3	1	4	3	1	1	4	1	2	3	2	4	3	2	4	3	3	3	3	3	3	3	3	0	3	1	2	1	1	2	1	1	1	3	3	4	1	1	3	1	1
CS28154	CIBC-17	1	2	1	4	1	2	1	4	2	2	2	3	3	1	2	3	2	2	4	1	2	4	4	1	4	2	1	4	1	1	3	3	3	4	4	4	2	3	2	3	3	0	3	3	2	1	1	1	3	3	3	3	4	2	2	2	1	4	0	1	2	4	2	3	1	1	3	3	4	1	1	2	1	1	1	1	4	4	2	1	4	1	3	1	2	4	1	1	2	1	4	3	4	3	4	4	1	4	3	3	4	4	1	2	3	4	1	2	4	1	3	2	4	2	2	4	1	1	4	3	3	4	1	1	1	3	1	3	3	1	2	1	1	3	3	1	2	1	1	3	1	3
CS28143	CIBC-5	1	1	1	4	3	2	3	1	4	2	2	3	1	4	4	3	2	2	4	1	4	2	4	3	4	2	4	2	1	2	3	3	4	2	4	1	4	3	4	1	3	0	3	3	4	1	1	3	3	3	3	3	4	4	1	2	2	2	0	1	2	2	1	4	1	1	1	3	4	4	1	4	3	1	1	3	2	4	2	3	3	3	1	3	2	4	3	1	2	2	4	3	4	3	4	2	4	2	2	3	2	3	1	4	2	1	1	2	4	2	3	2	3	2	4	2	1	1	3	3	4	3	1	1	3	3	0	3	3	1	2	3	3	3	3	3	2	1	1	1	1	1
CS28355	HR-10	3	2	1	4	1	4	3	4	4	2	2	3	1	4	2	3	1	3	2	1	4	2	4	3	4	2	1	0	1	2	3	3	4	2	2	1	4	3	4	1	1	2	3	3	2	1	1	1	3	3	3	3	4	4	1	2	2	2	0	3	4	2	1	4	2	1	3	3	4	4	1	2	3	1	1	1	2	1	4	1	3	3	1	3	2	2	3	1	1	2	4	3	3	3	2	2	1	4	2	3	4	3	3	4	2	1	2	4	4	2	3	2	0	3	4	2	1	1	3	1	4	4	1	3	3	3	3	2	1	2	2	3	3	1	4	1	4	1	1	3	1	1
CS28353	HR-5	3	2	1	4	1	2	1	4	0	2	2	3	1	4	4	3	2	3	2	1	2	4	4	1	4	2	1	2	1	2	1	1	4	2	2	4	2	3	4	1	3	2	1	3	4	1	1	3	3	3	3	1	4	2	2	2	2	2	0	3	4	4	2	4	2	1	3	3	4	1	1	4	3	1	4	3	2	1	4	3	4	1	3	1	2	2	3	1	2	2	4	3	3	1	2	2	4	2	2	1	4	4	1	9	2	1	2	2	4	2	3	2	3	3	4	2	1	1	4	1	4	4	1	1	0	3	1	3	1	2	2	3	3	1	3	1	2	1	1	3	1	1
CS28533	NFA-10	3	2	3	4	3	4	1	4	4	2	2	3	1	4	2	3	1	2	2	2	2	4	4	3	4	2	1	0	3	2	3	3	4	2	2	4	4	3	4	1	1	2	1	3	4	3	3	1	3	3	3	1	4	4	1	4	1	2	0	1	2	4	2	3	1	3	1	3	4	1	1	2	3	1	4	3	2	4	2	1	4	3	1	1	2	2	3	1	2	2	4	4	3	0	4	4	4	4	3	1	4	3	3	4	2	1	2	4	4	2	3	2	0	3	4	2	1	1	3	1	4	4	1	3	1	3	3	2	3	2	2	3	3	1	4	1	4	1	1	3	1	1
CS28532	NFA-8	3	2	3	3	1	2	3	4	4	2	2	3	1	4	2	3	1	2	2	1	2	4	4	3	4	2	1	2	3	2	3	1	4	2	2	4	2	3	4	1	1	2	3	3	4	1	1	1	3	3	3	3	4	4	1	2	2	2	3	3	4	2	1	4	2	1	3	3	4	4	1	2	3	1	4	1	4	4	4	1	3	3	1	3	2	2	3	1	1	2	4	3	3	3	2	4	1	4	2	1	2	3	3	4	2	4	2	4	4	2	3	2	0	3	4	2	1	1	3	1	4	4	1	1	1	1	1	2	3	2	4	3	3	1	4	1	4	1	1	3	1	1
CS28746	Sq-1	3	2	1	4	3	2	3	1	4	2	2	3	1	4	4	3	2	3	2	1	2	4	4	0	4	2	1	2	1	1	3	3	4	2	2	1	2	3	2	3	3	0	3	3	2	1	1	1	3	3	3	3	4	4	1	2	2	2	3	1	2	4	2	4	1	1	1	3	4	1	1	4	3	1	4	3	2	4	4	1	3	3	1	1	2	4	3	1	1	2	4	4	3	3	2	4	4	4	2	1	2	3	3	4	2	4	2	4	1	2	3	2	4	2	4	2	1	1	3	1	4	4	1	3	1	1	1	3	3	2	2	3	3	1	4	1	4	1	1	1	1	1
CS28748	Sq-8	3	2	1	4	1	2	1	4	2	2	4	3	1	1	2	3	1	0	4	2	4	4	4	0	4	2	4	2	3	2	3	1	3	0	4	1	2	1	4	3	3	2	3	3	2	1	1	1	1	1	3	3	4	2	2	2	1	2	1	3	4	2	2	4	2	3	3	3	1	1	1	2	3	1	4	1	4	4	2	3	4	1	1	1	2	2	1	1	2	1	4	4	3	1	4	2	4	4	2	1	2	3	1	4	3	4	2	2	0	1	3	4	4	3	0	4	1	1	4	3	3	4	1	1	0	1	0	2	1	2	2	1	1	3	3	3	2	1	3	1	1	3
CIBC-17	CIBC-17	1	2	1	4	1	2	1	4	2	2	2	3	0	1	0	3	2	2	4	0	2	4	4	1	4	0	0	4	1	1	3	0	3	4	4	4	2	3	2	0	0	3	3	3	2	1	1	1	3	3	3	0	4	2	2	2	1	4	3	0	0	4	0	3	0	1	3	3	0	0	1	2	0	1	1	1	4	4	0	1	4	1	3	0	2	4	1	1	2	1	4	3	4	3	4	4	1	4	0	3	4	4	1	2	3	4	1	2	4	1	3	2	4	0	2	4	1	1	4	3	3	0	1	0	1	0	1	3	3	1	2	1	1	3	3	1	2	0	1	3	1	3
CIBC-5	CIBC-5	1	1	1	4	3	2	3	1	4	2	2	3	0	4	0	3	2	2	0	0	4	2	4	3	4	0	0	2	1	2	3	0	4	2	4	1	0	3	4	0	0	3	3	3	4	1	1	3	3	3	3	0	4	4	1	2	2	2	0	0	0	2	0	4	0	1	1	3	0	0	1	4	0	1	1	3	2	4	0	3	3	3	0	0	2	4	3	1	2	2	4	3	4	3	4	2	4	2	0	3	2	3	1	4	2	1	1	2	4	2	3	2	0	0	4	2	1	1	3	3	4	0	1	0	3	0	3	3	3	1	2	0	3	3	3	3	2	0	1	1	1	1
HR-10	HR-10	3	2	1	0	1	4	3	4	4	2	0	3	0	4	0	3	1	3	0	0	4	2	4	3	4	0	0	0	1	2	3	0	4	2	2	1	0	3	4	0	0	2	3	3	2	1	1	1	3	3	3	0	4	4	1	2	2	2	0	0	0	2	0	4	0	1	3	3	0	0	1	2	0	1	1	1	2	1	0	1	3	3	0	0	0	2	3	1	1	2	4	3	3	3	2	2	1	4	0	3	4	3	3	4	2	1	2	4	4	2	3	2	0	0	4	2	1	1	3	1	4	0	1	0	3	0	3	2	1	2	2	0	3	1	4	1	4	0	1	3	1	1
HR-5	HR-5	3	2	1	4	1	2	1	4	4	2	2	3	0	4	0	3	2	3	2	0	2	4	4	1	4	0	0	0	1	2	1	0	4	2	2	4	2	3	4	0	0	2	1	3	4	1	1	3	3	3	3	0	4	2	2	2	2	2	0	0	0	4	0	4	0	1	3	3	0	0	1	4	0	1	4	3	2	1	0	3	4	1	3	0	2	2	3	1	2	2	4	3	3	1	2	2	4	2	0	1	4	4	1	4	2	1	2	2	4	2	3	2	0	0	4	2	1	1	4	1	4	0	1	0	0	0	1	3	1	2	2	0	3	1	3	1	2	0	1	3	1	1
NFA-10	NFA-10	3	2	3	4	3	4	1	4	4	2	2	3	0	4	0	3	1	2	2	0	2	4	4	3	4	0	0	0	3	2	3	0	4	2	2	4	0	3	4	0	0	2	1	3	4	3	3	1	3	3	3	0	4	4	1	4	1	2	0	0	0	4	0	3	0	3	1	3	0	0	1	2	0	1	4	3	2	4	0	1	4	3	0	0	2	2	3	1	2	2	4	4	3	1	4	4	4	4	0	1	4	3	3	4	2	1	2	4	4	2	3	2	0	0	4	2	1	1	3	1	4	0	1	0	1	0	3	2	3	2	2	0	3	1	4	1	4	0	1	3	1	1
NFA-8	NFA-8	3	2	3	3	1	2	3	4	4	2	0	3	0	4	0	3	1	2	2	0	2	4	4	3	4	0	0	2	3	2	3	0	4	2	2	4	2	3	4	0	0	2	3	3	4	1	1	1	3	3	3	0	4	4	1	2	2	2	3	0	0	2	0	4	0	1	3	3	0	0	1	2	0	1	4	1	4	4	0	1	3	3	1	0	2	2	3	1	1	2	4	3	3	3	2	4	1	4	0	1	2	3	3	4	2	4	2	4	4	2	3	2	0	0	4	2	1	1	3	1	4	0	1	0	1	1	1	2	3	2	4	0	3	1	4	1	4	0	1	3	1	1
Sq-1	Sq-1	3	2	1	4	3	2	3	1	4	2	2	3	0	4	0	3	2	3	0	0	2	4	4	3	4	0	0	0	1	1	3	0	4	2	2	1	0	3	2	0	0	3	3	3	2	1	1	1	3	3	3	0	4	4	1	2	2	2	0	0	0	4	0	4	0	1	1	3	0	0	1	4	0	1	4	3	2	4	0	1	3	3	0	0	0	4	3	1	1	2	4	4	3	3	2	4	4	4	0	1	2	3	3	4	2	4	2	4	1	2	3	2	4	0	4	2	1	1	3	1	4	0	1	0	1	1	3	3	3	2	2	0	3	1	4	1	4	0	1	1	1	1
Sq-8	Sq-8	3	2	1	4	1	2	1	4	2	0	4	3	0	1	0	3	1	2	0	0	4	4	4	1	4	0	0	0	3	2	3	0	3	4	4	1	2	1	4	0	0	2	3	3	2	1	1	1	1	1	3	0	4	2	2	2	1	2	1	0	0	2	0	4	0	3	3	3	0	0	1	2	0	1	4	1	4	4	0	3	4	1	0	0	2	2	1	1	2	1	4	4	3	1	4	2	4	4	0	1	2	3	1	4	3	4	2	2	4	1	3	4	4	0	2	4	1	1	4	3	3	0	1	0	1	1	3	2	1	2	2	0	1	3	3	3	2	0	3	1	1	3
