strain	category	AtMSQTsnp 2	AtMSQTsnp 4	AtMSQTsnp 8	AtMSQTsnp 9	AtMSQTsnp 10	AtMSQTsnp 11	AtMSQTsnp 12	AtMSQTsnp 14	AtMSQTsnp 15	AtMSQTsnp 18	AtMSQTsnp 21	AtMSQTsnp 22	AtMSQTsnp 27	AtMSQTsnp 29	AtMSQTsnp 30	AtMSQTsnp 31	AtMSQTsnp 33	AtMSQTsnp 38	AtMSQTsnp 40	AtMSQTsnp 41	AtMSQTsnp 47	AtMSQTsnp 48	AtMSQTsnp 49	AtMSQTsnp 53	AtMSQTsnp 54	AtMSQTsnp 57	AtMSQTsnp 58	AtMSQTsnp 60	AtMSQTsnp 61	AtMSQTsnp 62	AtMSQTsnp 63	AtMSQTsnp 65	AtMSQTsnp 67	AtMSQTsnp 69	AtMSQTsnp 73	AtMSQTsnp 76	AtMSQTsnp 85	AtMSQTsnp 87	AtMSQTsnp 88	AtMSQTsnp 90	AtMSQTsnp 91	AtMSQTsnp 92	AtMSQTsnp 97	AtMSQTsnp 100	AtMSQTsnp 101	AtMSQTsnp 104	AtMSQTsnp 108	AtMSQTsnp 114	AtMSQTsnp 118	AtMSQTsnp 123	AtMSQTsnp 126	AtMSQTsnp 128	AtMSQTsnp 129	AtMSQTsnp 130	AtMSQTsnp 132	AtMSQTsnp 138	AtMSQTsnp 140	AtMSQTsnp 142	AtMSQTsnp 143	AtMSQTsnp 145	AtMSQTsnp 146	AtMSQTsnp 155	AtMSQTsnp 156	AtMSQTsnp 159	AtMSQTsnp 164	AtMSQTsnp 169	AtMSQTsnp 170	AtMSQTsnp 173	AtMSQTsnp 174	AtMSQTsnp 177	AtMSQTsnp 184	AtMSQTsnp 186	AtMSQTsnp 187	AtMSQTsnp 188	AtMSQTsnp 189	AtMSQTsnp 191	AtMSQTsnp 194	AtMSQTsnp 197	AtMSQTsnp 198	AtMSQTsnp 203	AtMSQTsnp 205	AtMSQTsnp 214	AtMSQTsnp 220	AtMSQTsnp 222	AtMSQTsnp 223	AtMSQTsnp 231	AtMSQTsnp 232	AtMSQTsnp 235	AtMSQTsnp 237	AtMSQTsnp 242	AtMSQTsnp 244	AtMSQTsnp 249	AtMSQTsnp 254	AtMSQTsnp 260	AtMSQTsnp 263	AtMSQTsnp 266	AtMSQTsnp 267	AtMSQTsnp 274	AtMSQTsnp 278	AtMSQTsnp 279	AtMSQTsnp 281	AtMSQTsnp 282	AtMSQTsnp 285	AtMSQTsnp 286	AtMSQTsnp 288	AtMSQTsnp 292	AtMSQTsnp 294	AtMSQTsnp 300	AtMSQTsnp 304	AtMSQTsnp 306	AtMSQTsnp 307	AtMSQTsnp 310	AtMSQTsnp 312	AtMSQTsnp 315	AtMSQTsnp 321	AtMSQTsnp 323	AtMSQTsnp 325	AtMSQTsnp 327	AtMSQTsnp 331	AtMSQTsnp 334	AtMSQTsnp 343	AtMSQTsnp 350	AtMSQTsnp 351	AtMSQTsnp 355	AtMSQTsnp 358	AtMSQTsnp 359	AtMSQTsnp 360	AtMSQTsnp 361	AtMSQTsnp 368	AtMSQTsnp 370	AtMSQTsnp 372	AtMSQTsnp 373	AtMSQTsnp 378	AtMSQTsnp 379	AtMSQTsnp 388	AtMSQTsnp 390	AtMSQTsnp 392	AtMSQTsnp 394	AtMSQTsnp 395	AtMSQTsnp 397	AtMSQTsnp 398	AtMSQTsnp 399	AtMSQTsnp 404	AtMSQTsnp 406	AtMSQTsnp 408	AtMSQTsnp 409	AtMSQTsnp 410	AtMSQTsnp 412	AtMSQTsnp 415
LP3413.1	LP3413.1	3	2	1	3	1	2	1	1	2	2	4	1	1	4	2	3	1	2	4	2	2	4	4	1	4	3	1	3	2	1	3	4	4	1	4	3	4	1	3	2	3	1	4	1	1	3	1	1	3	3	2	4	2	1	4	1	4	3	4	2	1	3	2	3	3	1	4	1	4	2	1	1	4	1	4	4	2	1	1	4	3	3	1	4	2	3	1	1	1	4	3	3	1	4	4	4	2	3	1	2	4	3	4	2	1	2	4	4	1	3	4	3	4	4	1	3	3	3	4	4	3	1	3	1	3	2	1	1	2	3	3	3	3	3	3	4	1	1	2	3	1	1
LP3413.10	LP3413.10	3	2	1	3	1	2	1	1	2	2	4	1	1	4	2	3	1	2	4	2	2	4	4	1	4	3	1	3	2	1	3	4	4	1	4	3	4	1	3	2	3	1	4	1	1	3	1	1	3	3	2	4	2	1	4	1	4	3	4	2	1	3	2	3	3	1	4	1	4	2	1	1	4	1	4	4	2	1	1	4	3	3	1	4	2	3	1	1	1	4	3	3	1	4	4	4	2	3	1	2	4	3	4	2	1	2	4	4	1	3	4	3	4	4	1	3	3	3	4	4	3	1	3	1	3	2	1	1	2	3	3	3	3	3	3	4	1	1	2	3	1	1
LP3413.100	LP3413.100	3	2	1	3	1	2	1	1	2	2	4	1	1	4	2	3	1	2	4	2	2	4	4	1	4	3	1	3	2	1	3	4	4	1	4	3	4	1	3	2	3	1	4	1	1	3	1	1	3	3	2	4	2	1	4	1	4	3	4	2	1	3	2	3	3	1	4	1	4	2	1	1	4	1	4	4	2	1	1	4	3	3	1	4	2	3	1	1	1	4	3	3	1	4	4	4	2	3	1	2	4	3	4	2	1	2	4	4	1	3	4	3	4	4	1	3	3	3	4	4	3	1	3	1	3	2	1	1	2	3	3	3	3	3	3	4	1	1	2	3	1	1
LP3413.101	LP3413.101	3	2	1	3	1	2	1	1	2	2	4	1	1	4	2	3	1	2	4	2	2	4	4	1	4	3	1	3	2	1	3	4	4	1	4	3	4	1	3	2	3	1	4	1	1	3	1	1	3	3	2	4	2	1	4	1	4	3	4	2	1	3	2	3	3	1	4	1	4	2	1	1	4	1	4	4	2	1	1	4	3	3	1	4	2	3	1	1	1	4	3	3	1	4	4	4	2	3	1	2	4	3	4	2	1	2	4	4	1	3	4	3	4	4	1	3	3	3	4	4	3	1	3	1	3	2	1	1	2	3	3	3	3	3	3	4	1	1	2	3	1	1
LP3413.102	LP3413.102	3	2	1	3	1	2	1	1	2	2	4	1	1	4	2	3	1	2	4	2	2	4	4	1	4	3	1	3	2	1	3	4	4	1	4	3	4	1	3	2	3	1	4	1	1	3	1	1	3	3	2	4	2	1	4	1	4	3	4	2	1	3	2	3	3	1	4	1	4	2	1	1	4	1	4	4	2	1	1	4	3	3	1	4	2	3	1	1	1	4	3	3	1	4	4	4	2	3	1	2	4	3	4	2	1	2	4	4	1	3	4	3	4	4	1	3	3	3	4	4	3	1	3	1	3	2	1	1	2	3	3	3	3	3	3	4	1	1	2	3	1	1
LP3413.103	LP3413.103	3	2	1	3	1	2	1	1	2	2	4	1	1	4	2	3	1	2	4	2	2	4	4	1	4	3	1	3	2	1	3	4	4	1	4	3	4	1	3	2	3	1	4	1	1	3	1	1	3	3	2	4	2	1	4	1	4	3	4	2	1	3	2	3	3	1	4	1	4	2	1	1	4	1	4	4	2	1	1	4	3	3	1	4	2	3	1	1	1	4	3	3	1	4	4	4	2	3	1	2	4	3	4	2	1	2	4	4	1	3	4	3	4	4	1	3	3	3	4	4	3	1	3	1	3	2	1	1	2	3	3	3	3	3	3	4	1	1	2	3	1	1
LP3413.104	LP3413.104	3	2	1	3	1	2	1	1	2	2	4	1	1	4	2	3	1	2	4	2	2	4	4	1	4	3	1	3	2	1	3	4	4	1	4	3	4	1	3	2	3	1	4	1	1	3	1	1	3	3	2	4	2	1	4	1	4	3	4	2	1	3	2	3	3	1	4	1	4	2	1	1	4	1	4	4	2	1	1	4	3	3	1	4	2	3	1	1	1	4	3	3	1	4	4	4	2	3	1	2	4	3	4	2	1	2	4	4	1	3	4	3	4	4	1	3	3	3	4	4	3	1	3	1	3	2	1	1	2	3	3	3	3	3	3	4	1	1	2	3	1	1
LP3413.105	LP3413.105	3	2	1	3	1	2	1	1	2	2	4	1	1	4	2	3	1	2	4	2	2	4	4	1	4	3	1	3	2	1	3	4	4	1	4	3	4	1	3	2	3	1	4	1	1	3	1	1	3	3	2	4	2	1	4	1	4	3	4	2	1	3	2	3	3	1	4	1	4	2	1	1	4	1	4	4	2	1	1	4	3	3	1	4	2	3	1	1	1	4	3	3	1	4	4	4	2	3	1	2	4	3	4	2	1	2	4	4	1	3	4	3	4	4	1	3	3	3	4	4	3	1	3	1	3	2	1	1	2	3	3	3	3	3	3	4	1	1	2	3	1	1
LP3413.106	LP3413.106	3	2	1	3	1	2	1	1	2	2	4	1	1	4	2	3	1	2	4	2	2	4	4	1	4	3	1	3	2	1	3	4	4	1	4	3	4	1	3	2	3	1	4	1	1	3	1	1	3	3	2	4	2	1	4	1	4	3	4	2	1	3	2	3	3	1	4	1	4	2	1	1	4	1	4	4	2	1	1	4	3	3	1	4	2	3	1	1	1	4	3	3	1	4	4	4	2	3	1	2	4	3	4	2	1	2	4	4	1	3	4	3	4	4	1	3	3	3	4	4	3	1	3	1	3	2	1	1	2	3	3	3	3	3	3	4	1	1	2	3	1	1
LP3413.107	LP3413.107	3	2	1	3	1	2	1	1	2	2	4	1	1	4	2	3	1	2	4	2	2	4	4	1	4	3	1	3	2	1	3	4	4	1	4	3	4	1	3	2	3	1	4	1	1	3	1	1	3	3	2	4	2	1	4	1	4	3	4	2	1	3	2	3	3	1	4	1	4	2	1	1	4	1	4	4	2	1	1	4	3	3	1	4	2	3	1	1	1	4	3	3	1	4	4	4	2	3	1	2	4	3	4	2	1	2	4	4	1	3	4	3	0	4	1	3	3	3	4	4	3	1	3	1	3	2	1	1	2	3	3	3	3	3	3	4	1	1	2	3	1	1
LP3413.108	LP3413.108	3	2	1	3	1	2	1	1	2	2	4	1	1	4	2	3	1	2	4	2	2	4	4	1	4	3	1	3	2	1	3	4	4	1	4	3	4	1	3	2	3	1	4	1	1	3	1	1	3	3	2	4	2	1	4	1	4	3	4	2	1	3	2	3	3	1	4	1	4	2	1	1	4	1	4	4	2	1	1	4	3	3	1	4	2	3	1	1	1	4	3	3	1	4	4	4	2	3	1	2	4	3	4	2	1	2	4	4	1	3	4	3	4	4	1	3	3	3	4	4	3	1	3	1	3	2	1	1	2	3	3	3	3	3	3	4	1	1	2	3	1	1
LP3413.11	LP3413.11	3	2	1	3	1	2	1	1	2	2	4	1	1	4	2	3	1	2	4	2	2	4	4	1	4	3	1	3	2	1	3	4	4	1	4	3	4	1	3	2	3	1	4	1	1	3	1	1	3	3	2	4	2	1	4	1	4	3	4	2	1	3	2	3	3	1	4	1	4	2	1	1	4	1	4	4	2	1	1	4	3	3	1	4	2	3	1	1	1	4	3	3	1	4	4	4	2	3	1	2	4	3	4	2	1	2	4	4	1	3	4	3	4	4	1	3	3	3	4	4	3	1	3	1	3	2	1	1	2	3	3	3	3	3	3	4	1	1	2	3	1	1
LP3413.110	LP3413.110	3	2	1	3	1	2	1	1	2	2	4	1	1	4	2	3	1	0	4	2	2	0	4	0	4	3	1	3	2	1	3	4	4	1	4	3	4	1	3	2	3	0	4	1	1	3	1	0	3	3	2	4	2	0	4	1	4	3	4	2	1	3	2	3	3	1	4	1	4	2	1	1	4	1	4	4	2	1	1	4	3	3	1	4	0	3	1	1	1	4	3	3	1	4	4	4	2	3	1	2	4	3	4	2	1	2	4	4	1	3	4	3	0	4	1	3	3	3	4	4	3	1	0	0	3	0	1	1	2	3	3	3	3	3	3	4	1	1	2	3	1	1
LP3413.111	LP3413.111	3	2	1	3	1	2	1	1	2	2	4	1	1	4	2	3	1	2	4	2	2	4	4	1	4	3	1	3	2	1	3	4	4	1	4	3	4	1	3	2	3	1	4	1	1	3	1	1	3	3	2	4	0	1	4	1	4	3	4	2	1	3	2	3	3	1	4	1	4	2	1	1	4	1	4	4	2	1	1	4	3	3	1	4	2	3	1	1	1	4	3	3	1	4	4	4	2	3	1	2	4	3	4	2	1	2	4	4	1	3	4	3	4	4	1	3	3	3	4	4	3	1	3	1	3	2	1	1	2	3	3	3	3	3	3	4	1	1	2	3	1	1
LP3413.112	LP3413.112	3	2	1	3	1	2	1	1	2	2	4	1	1	4	2	3	1	2	4	2	2	4	4	1	4	3	1	3	2	1	3	4	4	1	4	3	4	1	3	2	3	1	4	1	1	3	1	1	3	3	2	4	2	1	4	1	4	3	4	2	1	3	2	3	3	1	4	1	4	2	1	1	4	1	4	4	2	1	1	4	3	3	1	4	2	3	1	1	1	4	3	3	1	4	4	4	2	3	1	2	4	3	4	2	1	2	4	4	1	3	4	3	4	4	1	3	3	3	4	4	3	1	3	1	3	2	1	1	2	3	3	3	3	3	3	4	1	1	2	3	1	1
LP3413.113	LP3413.113	3	2	1	3	1	2	1	1	2	2	4	1	1	4	2	3	1	2	4	2	2	4	4	1	4	3	1	3	2	1	3	4	4	1	4	3	4	1	3	2	3	1	4	1	1	3	1	1	3	3	2	4	2	1	4	1	4	3	4	2	1	3	2	3	3	1	4	1	4	2	1	1	4	1	4	4	2	1	1	4	3	3	1	4	2	3	1	1	1	4	3	3	1	4	4	4	2	3	1	2	4	3	4	2	1	2	4	4	1	3	4	3	4	4	1	3	3	3	4	4	3	1	3	1	3	2	1	1	2	3	3	3	3	3	3	4	1	1	2	3	1	1
LP3413.12	LP3413.12	3	2	1	3	1	2	1	1	2	2	4	1	1	4	2	3	1	2	4	2	2	4	4	1	4	3	1	3	2	1	3	4	4	1	4	3	4	1	3	2	3	1	4	1	1	3	1	1	3	3	2	4	2	1	4	1	4	3	4	2	1	3	2	3	3	1	4	1	4	2	1	1	4	1	4	4	2	1	1	4	3	3	1	4	2	3	1	1	1	4	3	3	1	4	4	4	2	3	1	2	4	3	4	2	1	2	4	4	1	3	4	3	4	4	1	3	3	3	4	4	3	1	3	1	3	2	1	1	2	3	3	3	3	3	3	4	1	1	2	3	1	1
LP3413.15	LP3413.15	3	2	1	3	1	2	1	1	2	2	4	1	1	4	2	3	1	2	4	2	2	4	4	1	4	3	1	3	2	1	3	4	4	1	4	3	4	1	3	2	3	1	4	1	1	3	1	1	3	3	2	4	2	1	4	1	4	3	4	2	1	3	2	3	3	1	4	1	4	2	1	1	4	1	4	4	2	1	1	4	3	3	1	4	0	3	1	1	1	4	3	3	1	4	4	4	2	3	1	2	4	3	4	2	1	2	4	4	1	3	4	3	4	4	1	3	3	3	4	4	3	1	3	1	3	2	1	1	2	3	3	3	3	3	3	4	1	1	2	3	1	1
LP3413.16	LP3413.16	3	2	1	3	1	2	1	1	2	2	4	1	1	4	2	3	1	2	4	2	2	4	4	1	4	3	1	3	2	1	3	4	4	1	4	3	4	1	3	2	3	1	4	1	1	3	1	1	3	3	2	4	2	1	4	1	4	3	4	2	1	3	2	3	3	1	4	1	4	2	1	1	4	1	4	4	2	1	1	4	3	3	1	4	2	3	1	1	1	4	3	3	1	4	4	4	2	3	1	2	4	3	4	2	1	2	4	4	1	3	4	3	4	4	1	3	3	3	4	4	3	1	3	1	3	2	1	1	2	3	3	3	3	3	3	4	1	1	2	3	1	1
LP3413.17	LP3413.17	3	2	1	3	1	2	1	1	2	2	4	1	1	4	2	3	1	0	4	2	2	4	4	1	4	3	1	3	2	1	3	4	4	1	4	3	4	1	3	2	3	1	4	1	1	3	1	1	3	3	2	4	2	1	4	1	4	3	4	2	1	3	2	3	3	1	4	1	4	2	1	1	4	1	4	4	2	1	1	4	3	3	1	4	0	3	1	1	1	4	3	3	1	4	4	4	2	3	1	2	4	3	4	2	1	2	4	4	1	3	4	3	4	4	1	3	3	3	4	4	3	1	0	0	3	0	1	1	2	3	3	3	3	3	3	4	1	1	2	3	1	1
LP3413.18	LP3413.18	3	2	1	3	1	2	1	1	2	2	4	1	1	4	2	3	1	2	4	2	2	4	4	1	4	3	1	3	2	1	3	4	4	1	4	3	4	1	3	2	3	1	4	1	1	3	1	1	3	3	2	4	2	1	4	1	4	3	4	2	1	3	2	3	3	1	4	1	4	2	1	1	4	1	4	4	2	1	1	4	3	3	1	4	2	3	1	1	1	4	3	3	1	4	4	4	2	3	1	2	4	3	4	2	1	2	4	4	1	3	4	3	4	4	1	3	3	3	4	4	3	1	3	1	3	2	1	1	2	3	3	3	3	3	3	4	1	1	2	3	1	1
LP3413.19	LP3413.19	3	2	1	3	1	2	1	1	2	2	4	1	1	4	2	3	1	2	4	2	2	4	4	1	4	3	1	3	2	1	3	4	4	1	4	3	4	1	3	2	3	1	4	1	1	3	1	1	3	3	2	4	2	1	4	1	4	3	4	2	1	3	2	3	3	1	4	1	4	2	1	1	4	1	4	4	2	1	1	4	3	3	1	4	2	3	1	1	1	4	3	3	1	4	4	4	2	3	1	2	4	3	4	2	1	2	4	4	1	3	4	3	4	4	1	3	3	3	4	4	3	1	3	1	3	2	1	1	2	3	3	3	3	3	3	4	1	1	2	3	1	1
LP3413.2	LP3413.2	3	2	1	3	1	2	1	1	2	2	4	1	1	4	2	3	1	2	4	2	2	4	4	1	4	3	1	3	2	1	3	4	4	1	4	3	4	1	3	2	3	1	4	1	1	3	1	1	3	3	2	4	2	1	4	1	4	3	4	2	1	3	2	3	3	1	4	1	4	2	1	1	4	1	4	4	2	1	1	4	3	3	1	4	2	3	1	1	1	4	3	3	1	4	4	4	2	3	1	2	4	3	4	2	1	2	4	4	1	3	4	3	4	4	1	3	3	3	4	4	3	1	3	1	3	2	1	1	2	3	3	3	3	3	3	4	1	1	2	3	1	1
LP3413.21	LP3413.21	3	2	1	3	1	2	1	1	2	2	4	1	1	4	2	3	1	2	4	2	2	4	4	1	4	3	1	3	2	1	3	4	4	1	4	3	4	1	3	2	3	1	4	1	1	3	1	1	3	3	2	4	2	1	4	1	4	3	4	2	1	3	2	3	3	1	4	1	4	2	1	1	4	1	4	4	2	1	1	4	3	3	1	4	2	3	1	1	1	4	3	3	1	4	4	4	2	3	1	2	4	3	4	2	1	2	4	4	1	3	4	3	4	4	1	3	3	3	4	4	3	1	3	1	3	2	1	1	2	3	3	3	3	3	3	4	1	1	2	3	1	1
LP3413.22	LP3413.22	3	2	1	3	1	2	1	1	2	2	4	1	1	4	2	3	1	2	4	2	2	4	4	1	4	3	1	3	2	1	3	4	4	1	4	3	4	1	3	2	3	1	4	1	1	3	1	1	3	3	2	4	2	1	4	1	4	3	4	2	1	3	2	3	3	1	4	1	4	2	1	1	4	1	4	4	2	1	1	4	3	3	1	4	2	3	1	1	1	4	3	3	1	4	4	4	2	3	1	2	4	3	4	2	1	2	4	4	1	3	4	3	0	4	1	3	3	3	4	4	3	1	3	1	3	2	1	1	2	3	3	3	3	3	3	4	1	1	2	3	1	1
LP3413.23	LP3413.23	3	2	1	3	1	2	1	1	2	2	4	1	1	4	2	3	1	2	4	2	2	4	4	1	4	3	1	3	2	1	3	4	4	1	4	3	4	1	3	2	3	1	4	1	1	3	1	1	3	3	2	4	9	1	4	1	4	3	4	2	1	3	2	3	3	1	4	1	4	2	1	1	4	1	4	4	2	1	1	4	3	3	1	4	2	3	1	1	1	4	3	3	1	4	4	4	2	3	1	2	4	3	4	2	1	2	4	4	1	3	4	3	4	4	1	3	3	3	4	4	3	1	3	1	3	2	1	1	2	3	3	3	3	3	3	4	1	1	2	3	1	1
LP3413.24	LP3413.24	3	2	1	3	1	2	1	1	2	2	4	1	1	4	2	3	1	2	4	2	2	4	4	1	4	3	1	3	2	1	3	4	4	1	4	3	4	1	3	2	3	1	4	1	1	3	1	1	3	3	2	4	2	1	4	1	4	3	4	2	1	3	2	3	3	1	4	1	4	2	1	1	4	1	4	4	2	1	1	4	3	3	1	4	2	3	1	1	1	4	3	3	1	4	4	4	2	3	1	2	4	3	4	2	1	2	4	4	1	3	4	3	4	4	1	3	3	3	4	4	3	1	3	1	3	2	1	1	2	3	3	3	3	3	3	4	1	1	2	3	1	1
LP3413.25	LP3413.25	3	2	1	3	1	2	1	1	2	2	4	1	1	4	2	3	1	2	4	2	2	4	4	1	4	3	1	3	2	1	3	4	4	1	4	3	4	1	3	2	3	1	4	1	1	3	1	1	3	3	2	4	2	1	4	1	4	3	4	2	1	3	2	3	3	1	4	1	4	2	1	1	4	1	4	4	2	1	1	4	3	3	1	4	2	3	1	1	1	4	3	3	1	4	4	4	2	3	1	2	4	3	4	2	1	2	4	4	1	3	4	3	4	4	1	3	3	3	4	4	3	1	3	1	3	2	1	1	2	3	3	3	3	3	3	4	1	1	2	3	1	1
LP3413.27	LP3413.27	3	2	1	3	1	2	1	1	2	2	4	1	1	4	2	3	1	2	4	2	2	4	4	1	4	3	1	3	2	1	3	4	4	1	4	3	4	1	3	2	3	1	4	1	1	3	1	1	3	3	2	4	2	1	4	1	4	3	4	2	1	3	2	3	3	1	4	1	4	2	1	1	4	1	4	4	2	1	1	4	3	3	1	4	2	3	1	1	1	4	3	3	1	4	4	4	2	3	1	2	4	3	4	2	1	2	4	4	1	3	4	3	4	4	1	3	3	3	4	4	3	1	3	1	3	2	1	1	2	3	3	3	3	3	3	4	1	1	2	3	1	1
LP3413.28	LP3413.28	3	2	1	3	1	2	1	1	2	2	4	1	1	4	2	3	1	2	4	2	2	4	4	1	4	3	1	3	2	1	3	4	4	1	4	3	4	1	3	2	3	1	4	1	1	3	1	1	3	3	2	4	2	1	4	1	4	3	4	2	1	3	2	3	3	1	4	1	4	2	1	1	4	1	4	4	2	1	1	4	3	3	1	4	2	3	1	1	1	4	3	3	1	4	4	4	2	3	1	2	4	3	4	2	1	2	4	4	1	3	4	3	4	4	1	3	3	3	4	4	3	1	3	1	3	2	1	1	2	3	3	3	3	3	3	4	1	1	2	3	1	1
LP3413.29	LP3413.29	3	2	1	3	1	2	1	1	2	2	4	1	1	4	2	3	1	2	4	2	2	4	4	1	4	3	1	3	2	1	3	4	4	1	4	3	4	1	3	2	3	1	4	1	1	3	1	1	3	3	2	4	2	1	4	1	4	3	4	2	1	3	2	3	3	1	4	1	4	2	1	1	4	1	4	4	2	1	1	4	3	3	1	4	2	3	1	1	1	4	3	3	1	4	4	4	2	3	1	2	4	3	4	2	1	2	4	4	1	3	4	3	4	4	1	3	3	3	4	4	3	1	3	1	3	2	1	1	2	3	3	3	3	3	3	4	1	1	2	3	1	1
LP3413.3	LP3413.3	3	2	1	3	1	2	1	1	2	2	4	1	1	4	2	3	1	2	4	2	2	4	4	1	4	3	1	3	2	1	3	4	4	1	4	3	4	1	3	2	3	1	4	1	1	3	1	1	3	3	2	4	2	1	4	1	4	3	4	2	1	3	2	3	3	1	4	1	4	2	1	1	4	1	4	4	2	1	1	4	3	3	1	4	2	3	1	1	1	4	3	3	1	4	4	4	2	3	1	2	4	3	4	2	1	2	4	4	1	3	4	3	4	4	1	3	3	3	4	4	3	1	3	1	3	2	1	1	2	3	3	3	3	3	3	4	1	1	2	3	1	1
LP3413.30	LP3413.30	3	2	1	3	1	2	1	1	2	2	4	1	1	4	2	3	1	2	4	2	2	4	4	1	4	3	1	3	2	1	3	4	4	1	4	3	4	1	3	2	3	1	4	1	1	3	1	1	3	3	2	4	2	1	4	1	4	3	4	2	1	3	2	3	3	1	4	1	4	2	1	1	4	1	4	4	2	1	1	4	3	3	1	4	2	3	1	1	1	4	3	3	1	4	4	4	2	3	1	2	4	3	4	2	1	2	4	4	1	3	4	3	0	4	1	3	3	3	4	4	3	1	3	1	3	2	1	1	2	3	3	3	3	3	3	4	1	1	2	3	1	1
LP3413.31	LP3413.31	3	2	1	3	1	2	1	1	2	2	4	1	1	4	2	3	1	2	4	2	2	4	4	1	4	3	1	3	2	1	3	4	4	1	4	3	4	1	3	2	3	1	4	1	1	3	1	1	3	3	2	4	2	1	4	1	4	3	4	2	1	3	2	3	3	1	4	1	4	2	1	1	4	1	4	4	2	1	1	4	3	3	1	4	2	3	1	1	1	4	3	3	1	4	4	4	2	3	1	2	4	3	4	2	1	2	4	4	1	3	4	3	4	4	1	3	3	3	4	4	3	1	3	1	3	2	1	1	2	3	3	3	3	3	3	4	1	1	2	3	1	1
LP3413.32	LP3413.32	3	2	1	3	1	2	1	1	2	2	4	1	1	4	2	3	1	2	4	2	2	4	4	1	4	3	1	3	2	1	3	4	4	1	4	3	4	1	3	2	3	1	4	1	1	3	1	1	3	3	2	4	2	1	4	1	4	3	4	2	1	3	2	3	3	1	4	1	4	2	1	1	4	1	4	4	2	1	1	4	3	3	1	4	0	3	1	1	1	4	3	3	1	4	4	4	2	3	1	2	4	3	4	2	1	2	4	4	1	3	4	3	4	4	1	3	3	3	4	4	3	1	3	1	3	2	1	1	2	3	3	3	3	3	3	4	1	1	2	3	1	1
LP3413.35	LP3413.35	3	2	1	3	1	2	1	1	2	2	4	1	1	4	2	3	1	2	4	2	2	4	4	1	4	3	1	3	2	1	3	4	4	1	4	3	4	1	3	2	3	1	4	1	1	3	1	1	3	3	2	4	2	1	4	1	4	3	4	2	1	3	2	3	3	1	4	1	4	2	1	1	4	1	4	4	2	1	1	4	3	3	1	4	2	3	1	1	1	4	3	3	1	4	4	4	2	3	1	2	4	3	4	2	1	2	4	4	1	3	4	3	4	4	1	3	3	3	4	4	3	1	3	1	3	2	1	1	2	3	3	3	3	3	3	4	1	1	2	3	1	1
LP3413.37	LP3413.37	3	2	1	3	1	2	1	1	2	2	4	1	1	4	2	3	1	2	4	2	2	4	4	1	4	3	1	3	2	1	3	4	4	1	4	3	4	1	3	2	3	1	4	1	1	3	1	1	3	3	2	4	2	1	4	1	4	3	4	2	1	3	2	3	3	1	4	1	4	2	1	1	4	1	4	4	2	1	1	4	3	3	1	4	2	3	1	1	1	4	3	3	1	4	4	4	2	3	1	2	4	3	4	2	1	2	4	4	1	3	4	3	4	4	1	3	3	3	4	4	3	1	3	1	3	2	1	1	2	3	3	3	3	3	3	4	1	1	2	3	1	1
LP3413.38	LP3413.38	3	2	1	3	1	2	1	1	2	2	4	1	1	4	2	3	1	2	4	2	2	4	4	1	4	3	1	3	2	1	3	4	4	1	4	3	4	1	3	2	3	1	4	1	1	3	1	1	3	3	2	4	2	1	4	1	4	3	4	2	1	3	2	3	3	1	4	1	4	2	1	1	4	1	4	4	2	1	1	4	3	3	1	4	2	3	1	1	1	4	3	3	1	4	4	4	2	3	1	2	4	3	4	2	1	2	4	4	1	3	4	3	4	4	1	3	3	3	4	4	3	1	3	1	3	2	1	1	2	3	3	3	3	3	3	4	1	1	2	3	1	1
LP3413.39	LP3413.39	3	2	1	3	1	2	1	1	2	2	4	1	1	4	2	3	1	2	4	2	2	4	4	1	4	3	1	3	2	1	3	4	4	1	4	3	4	1	3	2	3	1	4	1	1	3	1	1	3	3	2	4	2	1	4	1	4	3	4	2	1	3	2	3	3	1	4	1	4	2	1	1	4	1	4	4	2	1	1	4	3	3	1	4	2	3	1	1	1	4	3	3	1	4	4	4	2	3	1	2	4	3	4	2	1	2	4	4	1	3	4	3	4	4	1	3	3	3	4	4	3	1	3	1	3	2	1	1	2	3	3	3	3	3	3	4	1	1	2	3	1	1
LP3413.4	LP3413.4	3	2	1	3	1	2	1	1	2	2	4	1	1	4	2	3	1	2	4	2	2	4	4	1	4	3	1	3	2	1	3	4	4	1	4	3	4	1	3	2	3	1	4	1	1	3	1	1	3	3	2	4	2	1	4	1	4	3	4	2	1	3	2	3	3	1	4	1	4	2	1	1	4	1	4	4	2	1	1	4	3	3	1	4	2	3	1	1	1	4	3	3	1	4	4	4	2	3	1	2	4	3	4	2	1	2	4	4	1	3	4	3	4	4	1	3	3	3	4	4	3	1	3	1	3	2	1	1	2	3	3	3	3	3	3	4	1	1	2	3	1	1
LP3413.40	LP3413.40	3	2	1	3	1	2	1	1	2	2	4	1	1	4	2	3	1	2	4	2	2	4	4	1	4	3	1	3	2	1	3	4	4	1	4	3	4	1	3	2	3	1	4	1	1	3	1	1	3	3	2	4	2	1	4	1	4	3	4	2	1	3	2	3	3	1	4	1	4	2	1	1	4	1	4	4	2	1	1	4	3	3	1	4	2	3	1	1	1	4	3	3	1	4	4	4	2	3	1	2	4	3	4	2	1	2	4	4	1	3	4	3	4	4	1	3	3	3	4	4	3	1	3	1	3	2	1	1	2	3	3	3	3	3	3	4	1	1	2	3	1	1
LP3413.41	LP3413.41	3	2	1	3	3	2	3	4	2	2	2	1	1	4	4	4	1	2	2	1	2	4	4	1	4	2	1	1	2	1	3	3	4	1	4	1	4	3	3	2	3	3	2	1	1	1	1	3	4	1	2	2	4	2	2	1	2	3	4	2	2	3	1	3	1	3	4	4	4	2	1	2	4	1	4	7	9	1	1	4	1	3	1	2	4	1	1	1	2	2	4	4	1	4	2	4	4	3	0	9	3	1	4	3	1	1	4	1	2	3	2	3	2	0	3	3	3	3	3	3	3	3	1	3	1	2	1	1	2	1	1	1	3	3	3	4	1	1	2	3	1	1
LP3413.42	LP3413.42	3	2	1	3	1	2	1	1	2	2	4	1	1	4	2	3	1	2	4	2	2	4	4	1	4	3	1	3	2	1	3	4	4	1	4	3	4	1	3	2	3	1	4	1	1	3	1	1	3	3	2	4	2	1	4	1	4	3	4	2	1	3	2	3	3	1	4	1	4	2	1	1	4	1	4	4	2	1	1	4	3	3	1	4	2	3	1	1	1	4	3	3	1	4	4	4	2	3	1	2	4	3	4	2	1	2	4	4	1	3	4	3	4	4	1	3	3	3	4	4	3	1	3	1	3	2	1	1	2	3	3	3	3	3	3	4	1	1	2	3	1	1
LP3413.43	LP3413.43	3	2	1	3	1	2	1	1	2	2	4	1	1	4	2	3	1	2	4	2	2	4	4	1	4	3	1	3	2	1	3	4	4	1	4	3	4	1	3	2	3	1	4	1	1	3	1	1	3	3	2	4	2	1	4	1	4	3	4	2	1	3	2	3	3	1	4	1	4	2	1	1	4	1	4	4	2	1	1	4	3	3	1	4	2	3	1	1	1	4	3	3	1	4	4	4	2	3	1	2	4	3	4	2	1	2	4	4	1	3	4	3	4	4	1	3	3	3	4	4	3	1	3	1	3	2	1	1	2	3	3	3	3	3	3	4	1	1	2	3	1	1
LP3413.44	LP3413.44	3	2	1	3	1	2	1	1	2	2	4	1	1	4	2	3	1	2	4	2	2	4	4	1	4	3	1	3	2	1	3	4	4	1	4	3	4	1	3	2	3	1	4	1	1	3	1	1	3	3	2	4	2	1	4	1	4	3	4	2	1	3	2	3	3	1	4	1	4	2	1	1	4	1	4	4	2	1	1	4	3	3	1	4	2	3	1	1	1	4	3	3	1	4	4	4	2	3	1	2	4	3	4	2	1	2	4	4	1	3	4	3	4	4	1	3	3	3	4	4	3	1	3	1	3	2	1	1	2	3	3	3	3	3	3	4	1	1	2	3	1	1
LP3413.45	LP3413.45	3	2	1	3	1	2	1	1	2	2	4	1	1	4	2	3	1	2	4	2	2	4	4	1	4	3	1	3	2	1	3	4	4	1	4	3	4	1	3	2	3	1	4	1	1	3	1	1	3	3	2	4	2	1	4	1	4	3	4	2	1	3	2	3	3	1	4	1	4	2	1	1	4	1	4	4	2	1	1	4	3	3	1	4	2	3	1	1	1	4	3	3	1	4	4	4	2	3	1	2	4	3	4	2	1	2	4	4	1	3	4	3	4	4	1	3	3	3	4	4	3	1	3	1	3	2	1	1	2	3	3	3	3	3	3	4	1	1	2	3	1	1
LP3413.46	LP3413.46	3	2	1	3	1	2	1	1	2	2	4	1	1	4	2	3	1	2	4	2	2	4	4	1	4	3	1	3	2	1	3	4	4	1	4	3	4	1	3	2	3	1	4	1	1	3	1	1	3	3	2	4	2	1	4	1	4	3	4	2	1	3	2	3	3	1	4	1	4	2	1	1	4	1	4	4	2	1	1	4	3	3	1	4	2	3	1	1	1	4	3	3	1	4	4	4	2	3	1	2	4	3	4	2	1	2	4	4	1	3	4	3	4	4	1	3	3	3	4	4	3	1	3	1	3	2	1	1	2	3	3	3	3	3	3	4	1	1	2	3	1	1
LP3413.48	LP3413.48	3	2	1	3	1	2	1	1	2	2	4	1	1	4	2	3	1	2	4	2	2	4	4	1	4	3	1	3	2	1	3	4	4	1	4	3	4	1	3	2	3	1	4	1	1	3	1	1	3	3	2	4	2	1	4	1	4	3	4	2	1	3	2	3	3	1	4	1	4	2	1	1	4	1	4	4	2	1	1	4	3	3	1	4	2	3	1	1	1	4	3	3	1	4	4	4	2	3	1	2	4	3	4	2	1	2	4	4	1	3	4	3	4	4	1	3	3	3	4	4	3	1	3	1	3	2	1	1	2	3	3	3	3	3	3	4	1	1	2	3	1	1
LP3413.5	LP3413.5	3	2	1	3	1	2	1	1	2	2	4	1	1	4	2	3	1	2	4	2	2	4	4	1	4	3	1	3	2	1	3	4	4	1	4	3	4	1	3	2	3	1	4	1	1	3	1	1	3	3	2	4	2	1	4	1	4	3	4	2	1	3	2	3	3	1	4	1	4	2	1	1	4	1	4	4	2	1	1	4	3	3	1	4	2	3	1	1	1	4	3	3	1	4	4	4	2	3	1	2	4	3	4	2	1	2	4	4	1	3	4	3	4	4	1	3	3	3	4	4	3	1	3	1	3	2	1	1	2	3	3	3	3	3	3	4	1	1	2	3	1	1
LP3413.51	LP3413.51	3	2	1	3	1	2	1	1	2	2	4	1	1	4	2	0	1	0	4	2	2	0	4	0	4	3	1	3	2	1	3	0	0	1	4	3	4	1	3	2	3	0	4	1	1	0	1	0	0	3	2	4	0	0	0	1	4	3	4	2	1	3	2	3	3	0	4	1	0	0	1	0	4	0	0	0	2	1	1	4	3	3	1	4	0	3	1	1	1	0	0	3	1	0	4	4	0	3	1	2	4	0	4	2	1	2	4	0	1	3	4	3	0	0	1	3	3	3	0	4	3	1	0	0	0	0	1	1	2	3	0	3	0	3	3	4	1	0	0	3	1	1
LP3413.52	LP3413.52	3	2	1	3	1	2	1	1	2	2	4	1	1	4	2	3	1	2	4	2	2	4	4	1	4	3	1	3	2	1	3	4	4	1	4	3	4	1	3	2	3	1	4	1	1	3	1	1	3	3	2	4	2	1	4	1	4	3	4	2	1	3	2	3	3	1	4	1	4	2	1	1	4	1	4	4	2	1	1	4	3	3	1	4	2	3	1	1	1	4	3	3	1	4	4	4	2	3	1	2	4	3	4	2	1	2	4	4	1	3	4	3	4	4	1	3	3	3	4	4	3	1	3	1	3	2	1	1	2	3	3	3	3	3	3	4	1	1	2	3	1	1
LP3413.53	LP3413.53	3	2	1	3	1	2	1	1	2	2	4	1	1	4	2	3	1	2	4	2	2	4	4	1	4	3	1	3	2	1	3	4	4	1	4	3	4	1	3	2	3	1	4	1	1	3	1	1	3	3	2	4	2	1	4	1	4	3	4	2	1	3	2	3	3	1	4	1	4	2	1	1	4	1	4	4	2	1	1	4	3	3	1	4	2	3	1	1	1	4	3	3	1	4	4	4	2	3	1	2	4	3	4	2	1	2	4	4	1	3	4	3	4	4	1	3	3	3	4	4	3	1	3	1	3	2	1	1	2	3	3	3	3	3	3	4	1	1	2	3	1	1
LP3413.54	LP3413.54	3	2	1	3	1	2	1	1	2	2	4	1	1	4	2	3	1	2	4	2	2	4	4	1	4	3	1	3	2	1	3	4	4	1	4	3	4	1	3	2	3	1	4	1	1	3	1	1	3	3	2	4	2	1	4	1	4	3	4	2	1	3	2	3	3	1	4	1	4	2	1	1	4	1	4	4	2	1	1	4	3	3	1	4	2	3	1	1	1	4	3	3	1	4	4	4	2	3	1	2	4	3	4	2	1	2	4	4	1	3	4	3	0	4	1	3	3	3	4	4	3	1	3	1	3	2	1	1	2	3	3	3	3	3	3	4	1	1	2	3	1	1
LP3413.55	LP3413.55	3	2	1	3	1	2	1	1	2	2	4	1	1	4	2	3	1	2	4	2	2	4	4	1	4	3	1	3	2	1	3	4	4	1	4	3	4	1	3	2	3	1	4	1	1	3	1	1	3	3	2	4	2	1	4	1	4	3	4	2	1	3	2	3	3	1	4	1	4	2	1	1	4	1	4	4	2	1	1	4	3	3	1	4	2	3	1	1	1	4	3	3	1	4	4	4	2	3	1	2	4	3	4	2	1	2	4	4	1	3	4	3	4	4	1	3	3	3	4	4	3	1	3	1	3	2	1	1	2	3	3	3	3	3	3	4	1	1	2	3	1	1
LP3413.56	LP3413.56	3	2	1	3	1	2	1	1	2	2	4	1	1	4	2	3	1	2	4	2	2	4	4	1	4	3	1	3	2	1	3	4	4	1	4	3	4	1	3	2	3	1	4	1	1	3	1	1	3	3	2	4	2	1	4	1	4	3	4	2	1	3	2	3	3	1	4	1	4	2	1	1	4	1	4	4	2	1	1	4	3	3	1	4	2	3	1	1	1	4	3	3	1	4	4	4	2	3	1	2	4	3	4	2	1	2	4	4	1	3	4	3	4	4	1	3	3	3	4	4	3	1	3	1	3	2	1	1	2	3	3	3	3	3	3	4	1	1	2	3	1	1
LP3413.57	LP3413.57	3	2	1	3	1	2	1	1	2	2	4	1	1	4	2	3	1	2	4	2	2	4	4	1	4	3	1	3	2	1	3	4	4	1	4	3	4	1	3	2	3	1	4	1	1	3	1	1	3	3	2	4	2	1	4	1	4	3	4	2	1	3	2	3	3	1	4	1	4	2	1	1	4	1	4	4	2	1	1	4	3	3	1	4	2	3	1	1	1	4	3	3	1	4	4	4	2	3	1	2	4	3	4	2	1	2	4	4	1	3	4	3	4	4	1	3	3	3	4	4	3	1	3	1	3	2	1	1	2	3	3	3	3	3	3	4	1	1	2	3	1	1
LP3413.59	LP3413.59	3	2	1	3	1	2	1	1	2	2	4	1	1	4	2	3	1	2	4	2	2	4	4	1	4	3	1	3	2	1	3	4	4	1	4	3	4	1	3	2	3	1	4	1	1	3	1	1	3	3	2	4	2	1	4	1	4	3	4	2	1	3	2	3	3	1	4	1	4	2	1	1	4	1	4	4	2	1	1	4	3	3	1	4	2	3	1	1	1	4	3	3	1	4	4	4	2	3	1	2	4	3	4	2	1	2	4	4	1	3	4	3	4	4	1	3	3	3	4	4	3	1	3	1	3	2	1	1	2	3	3	3	3	3	3	4	1	1	2	3	1	1
LP3413.6	LP3413.6	3	2	1	3	1	2	1	1	2	2	4	1	1	4	2	3	1	2	4	2	2	4	4	1	4	3	1	3	2	1	3	4	4	1	4	3	4	1	3	2	3	1	4	1	1	3	1	1	3	3	2	4	2	1	4	1	4	3	4	2	1	3	2	3	3	1	4	1	4	2	1	1	4	1	4	4	2	1	1	4	3	3	1	4	2	3	1	1	1	4	3	3	1	4	4	4	2	3	1	2	4	3	4	2	1	2	4	4	1	3	4	3	4	4	1	3	3	3	4	4	3	1	3	1	3	2	1	1	2	3	3	3	3	3	3	4	1	1	2	3	1	1
LP3413.60	LP3413.60	3	2	1	3	1	2	1	1	2	2	4	1	1	4	2	3	1	2	4	2	2	4	4	1	4	3	1	3	2	1	3	4	4	1	4	3	4	1	3	2	3	1	4	1	1	3	1	1	3	3	2	4	2	1	4	1	4	3	4	2	1	3	2	3	3	1	4	1	4	2	1	1	4	1	4	4	2	1	1	4	3	3	1	4	2	3	1	1	1	4	3	3	1	4	4	4	2	3	1	2	4	3	4	2	1	2	4	4	1	3	4	3	4	4	1	3	3	3	4	4	3	1	3	1	3	2	1	1	2	3	3	3	3	3	3	4	1	1	2	3	1	1
LP3413.61	LP3413.61	3	2	1	3	1	2	1	1	2	2	4	1	1	4	2	3	1	2	4	2	2	4	4	1	4	3	1	3	2	1	3	4	4	1	4	3	4	1	3	2	3	1	4	1	1	3	1	1	3	3	2	4	2	1	4	1	4	3	4	2	1	3	2	3	3	1	4	1	4	2	1	1	4	1	4	4	2	1	1	4	3	3	1	4	2	3	1	1	1	4	3	3	1	4	4	4	2	3	1	2	4	3	4	2	1	2	4	4	1	3	4	3	4	4	1	3	3	3	4	4	3	1	3	1	3	2	1	1	2	3	3	3	3	3	3	4	1	1	2	3	1	1
LP3413.62	LP3413.62	3	2	1	3	1	2	1	1	2	2	4	1	1	4	2	3	1	2	4	2	2	4	4	1	4	3	1	3	2	1	3	4	4	1	4	3	4	1	3	2	3	1	4	1	1	3	1	1	3	3	2	4	2	1	4	1	4	3	4	2	1	3	2	3	3	1	4	1	4	2	1	1	4	1	4	4	2	1	1	4	3	3	1	4	2	3	1	1	1	4	3	3	1	4	4	4	2	3	1	2	4	3	4	2	1	2	4	4	1	3	4	3	4	4	1	3	3	3	4	4	3	1	3	1	3	2	1	1	2	3	3	3	3	3	3	4	1	1	2	3	1	1
LP3413.63	LP3413.63	3	2	1	3	1	2	1	1	2	2	4	1	1	4	2	3	1	2	4	2	2	4	4	1	4	3	1	3	2	1	3	4	4	1	4	3	4	1	3	2	3	1	4	1	1	3	1	1	3	3	2	4	2	1	4	1	4	3	4	2	1	3	2	3	3	1	4	1	4	2	1	1	4	1	4	4	2	1	1	4	3	3	1	4	2	3	1	1	1	4	3	3	1	4	4	4	2	3	1	2	4	3	4	2	1	2	4	4	1	3	4	3	4	4	1	3	3	3	4	4	3	1	3	1	3	2	1	1	2	3	3	3	3	3	3	4	1	1	2	3	1	1
LP3413.64	LP3413.64	3	2	1	3	1	2	1	1	2	2	4	1	1	4	2	3	1	2	4	2	2	4	4	1	4	3	1	3	2	1	3	4	4	1	4	3	4	1	3	2	3	1	4	1	1	3	1	1	3	3	2	4	2	1	4	1	4	3	4	2	1	3	2	3	3	1	4	1	4	2	1	1	4	1	4	4	2	1	1	4	3	3	1	4	2	3	1	1	1	4	3	3	1	4	4	4	2	3	1	2	4	3	4	2	1	2	4	4	1	3	4	3	4	4	1	3	3	3	4	4	3	1	3	1	3	2	1	1	2	3	3	3	3	3	3	4	1	1	2	3	1	1
LP3413.66	LP3413.66	3	2	1	3	1	2	1	1	2	2	4	1	1	4	2	3	1	2	4	2	2	4	4	1	4	3	1	3	2	1	3	4	4	1	4	3	4	1	3	2	3	1	4	1	1	3	1	1	3	3	2	4	2	1	4	1	4	3	4	2	1	3	2	3	3	1	4	1	4	2	1	1	4	1	4	4	2	1	1	4	3	3	1	4	2	3	1	1	1	4	3	3	1	4	4	4	2	3	1	2	4	3	4	2	1	2	4	4	1	3	4	3	4	4	1	3	3	3	4	4	3	1	3	1	3	2	1	1	2	3	3	3	3	3	3	4	1	1	2	3	1	1
LP3413.67	LP3413.67	3	2	1	3	1	2	1	1	2	2	4	1	1	4	2	3	1	2	4	2	2	4	4	1	4	3	1	3	2	1	3	4	4	1	4	3	4	1	3	2	3	1	4	1	1	3	1	1	3	3	2	4	9	1	4	1	4	3	4	2	1	3	2	3	3	1	4	1	4	2	1	1	4	1	4	4	2	1	1	4	3	3	1	4	2	3	1	1	1	4	3	3	1	4	4	4	2	3	1	2	4	3	4	2	1	2	4	4	1	3	4	3	0	4	1	3	3	3	4	4	3	1	3	1	3	2	1	1	2	3	3	3	3	3	3	4	1	1	2	3	1	1
LP3413.68	LP3413.68	3	2	1	3	1	2	1	1	2	2	4	1	1	4	2	3	1	2	4	2	2	4	4	1	4	3	1	3	2	1	3	4	4	1	4	3	4	1	3	2	3	1	4	1	1	3	1	1	3	3	2	4	2	1	4	1	4	3	4	2	1	3	2	3	3	1	4	1	4	2	1	1	4	1	4	4	2	1	1	4	3	3	1	4	2	3	1	1	1	4	3	3	1	4	4	4	2	3	1	2	4	3	4	2	1	2	4	4	1	3	4	3	4	4	1	3	3	3	4	4	3	1	3	1	3	2	1	1	2	3	3	3	3	3	3	4	1	1	2	3	1	1
LP3413.69	LP3413.69	3	2	1	3	1	2	1	1	2	2	4	1	1	4	2	3	1	2	4	2	2	4	4	1	4	3	1	3	2	1	3	4	4	1	4	3	4	1	3	2	3	1	4	1	1	3	1	1	3	3	2	4	2	1	4	1	4	3	4	2	1	3	2	3	3	1	4	1	4	2	1	1	4	1	4	4	2	1	1	4	3	3	1	4	2	3	1	1	1	4	3	3	1	4	4	4	2	3	1	2	4	3	4	2	1	2	4	4	1	3	4	3	4	4	1	3	3	3	4	4	3	1	3	1	3	2	1	1	2	3	3	3	3	3	3	4	1	1	2	3	1	1
LP3413.7	LP3413.7	3	2	1	3	1	2	1	1	2	2	4	1	1	4	2	3	1	2	4	2	2	4	4	1	4	3	1	3	2	1	3	4	4	1	4	3	4	1	3	2	3	1	4	1	1	3	1	1	3	3	2	4	2	1	4	1	4	3	4	2	1	3	2	3	3	1	4	1	4	2	1	1	4	1	4	4	2	1	1	4	3	3	1	4	2	3	1	1	1	4	3	3	1	4	4	4	2	3	1	2	4	3	4	2	1	2	4	4	1	3	4	3	0	4	1	3	3	3	4	4	3	1	3	1	3	2	1	1	2	3	3	3	3	3	3	4	1	1	2	3	1	1
LP3413.70	LP3413.70	3	2	1	3	1	2	1	1	2	2	4	1	1	4	2	3	1	2	4	2	2	4	4	1	4	3	1	3	2	1	3	4	4	1	4	3	4	1	3	2	3	1	4	1	1	3	1	1	3	3	2	4	2	1	4	1	4	3	4	2	1	3	2	3	3	1	4	1	4	2	1	1	4	1	4	4	2	1	1	4	3	3	1	4	2	3	1	1	1	4	3	3	1	4	4	4	2	3	1	2	4	3	4	2	1	2	4	4	1	3	4	3	4	4	1	3	3	3	4	4	3	1	3	1	3	2	1	1	2	3	3	3	3	3	3	4	1	1	2	3	1	1
LP3413.71	LP3413.71	3	2	1	3	1	2	1	1	2	2	4	1	1	4	2	3	1	0	4	2	2	0	4	1	4	3	1	3	2	1	3	0	4	1	4	3	4	1	3	2	3	0	4	1	1	3	1	0	3	3	2	4	2	0	4	1	4	3	4	2	1	3	2	3	3	1	4	1	4	2	1	1	4	1	4	4	2	1	1	4	3	3	1	4	0	3	1	1	1	4	3	3	1	4	4	4	2	3	1	2	4	3	4	2	1	2	4	4	1	3	4	3	0	4	1	3	3	3	4	4	3	1	0	0	3	0	1	1	2	3	3	3	3	3	3	4	1	1	2	3	1	1
LP3413.72	LP3413.72	3	2	1	3	1	2	1	1	2	2	4	1	1	4	2	3	1	2	4	2	2	4	4	1	4	3	1	3	2	1	3	4	4	1	4	3	4	1	3	2	3	1	4	1	1	3	1	1	3	3	2	4	2	1	4	1	4	3	4	2	1	3	2	3	3	1	4	1	4	2	1	1	4	1	4	4	2	1	1	4	3	3	1	4	2	3	1	1	1	4	3	3	1	4	4	4	2	3	1	2	4	3	4	2	1	2	4	4	1	3	4	3	4	4	1	3	3	3	4	4	3	1	3	1	3	2	1	1	2	3	3	3	3	3	3	4	1	1	2	3	1	1
LP3413.73	LP3413.73	3	2	1	3	1	2	1	1	2	2	4	1	1	4	2	3	1	2	4	2	2	4	4	1	4	3	1	3	2	1	3	4	4	1	4	3	4	1	3	2	3	1	4	1	1	3	1	1	3	3	2	4	2	1	4	1	4	3	4	2	1	3	2	3	3	1	4	1	4	2	1	1	4	1	4	4	2	1	1	4	3	3	1	4	2	3	1	1	1	4	3	3	1	4	4	4	2	3	1	2	4	3	4	2	1	2	4	4	1	3	4	3	4	4	1	3	3	3	4	4	3	1	3	1	3	2	1	1	2	3	3	3	3	3	3	4	1	1	2	3	1	1
LP3413.74	LP3413.74	3	2	1	3	1	2	1	1	2	2	4	1	1	4	2	3	1	2	4	2	2	4	4	1	4	3	1	3	2	1	3	4	4	1	4	3	4	1	3	2	3	1	4	1	1	3	1	1	3	3	2	4	2	1	4	1	4	3	4	2	1	3	2	3	3	1	4	1	4	2	1	1	4	1	4	4	2	1	1	4	3	3	1	4	2	3	1	1	1	4	3	3	1	4	4	4	2	3	1	2	4	3	4	2	1	2	4	4	1	3	4	3	4	4	1	3	3	3	4	4	3	1	3	1	3	2	1	1	2	3	3	3	3	3	3	4	1	1	2	3	1	1
LP3413.76	LP3413.76	3	2	1	3	1	2	1	1	2	2	4	1	1	4	2	3	1	2	4	2	2	4	4	1	4	3	1	3	2	1	3	4	4	1	4	3	4	1	3	2	3	1	4	1	1	3	1	1	3	3	2	4	2	1	4	1	4	3	4	2	1	3	2	3	3	1	4	1	4	2	1	1	4	1	4	4	2	1	1	4	3	3	1	4	2	3	1	1	1	4	3	3	1	4	4	4	2	3	1	2	4	3	4	2	1	2	4	4	1	3	4	3	4	4	1	3	3	3	4	4	3	1	3	1	3	2	1	1	2	3	3	3	3	3	3	4	1	1	2	3	1	1
LP3413.77	LP3413.77	3	2	1	3	1	2	1	1	2	2	4	1	1	4	2	3	1	2	4	2	2	4	4	1	4	3	1	3	2	1	3	4	4	1	4	3	4	1	3	2	3	1	4	1	1	3	1	1	3	3	2	4	2	1	4	1	4	3	4	2	1	3	2	3	3	1	4	1	4	2	1	1	4	1	4	4	2	1	1	4	3	3	1	4	2	3	1	1	1	4	3	3	1	4	4	4	2	3	1	2	4	3	4	2	1	2	4	4	1	3	4	3	4	4	1	3	3	3	4	4	3	1	3	1	3	2	1	1	2	3	3	3	3	3	3	4	1	1	2	3	1	1
LP3413.78	LP3413.78	3	2	1	3	1	2	1	1	2	2	4	1	1	4	2	3	1	2	4	2	2	4	4	1	4	3	1	3	2	1	3	4	4	1	4	3	4	1	3	2	3	1	4	1	1	3	1	1	3	3	2	4	9	1	4	1	4	3	4	2	1	3	2	3	3	1	4	1	4	2	1	1	4	1	4	4	2	1	1	4	3	3	1	4	2	3	1	1	1	4	3	3	1	4	4	4	2	3	1	2	4	3	4	2	1	2	4	4	1	3	4	3	4	4	1	3	3	3	4	4	3	1	3	1	3	2	1	1	2	3	3	3	3	3	3	4	1	1	2	3	1	1
LP3413.79	LP3413.79	3	2	1	3	1	2	1	1	2	2	4	1	1	4	2	3	1	2	4	2	2	4	4	1	4	3	1	3	2	1	3	4	4	1	4	3	4	1	3	2	3	1	4	1	1	3	1	1	3	3	2	4	0	1	4	1	4	3	4	2	1	3	2	3	3	1	4	1	4	2	1	1	4	1	4	4	2	1	1	4	3	3	1	4	0	3	1	1	1	4	3	3	1	4	4	4	2	3	1	2	4	3	4	2	1	2	4	4	1	3	4	3	0	4	1	3	3	3	4	4	3	1	3	1	3	2	1	1	2	3	3	3	3	3	3	4	1	1	2	3	1	1
LP3413.8	LP3413.8	3	2	1	3	1	2	1	1	2	2	4	1	1	4	2	3	1	2	4	2	2	4	4	1	4	3	1	3	2	1	3	4	4	1	4	3	4	1	3	2	3	1	4	1	1	3	1	1	3	3	2	4	2	1	4	1	4	3	4	2	1	3	2	3	3	1	4	1	4	2	1	1	4	1	4	4	2	1	1	4	3	3	1	4	2	3	1	1	1	4	3	3	1	4	4	4	2	3	1	2	4	3	4	2	1	2	4	4	1	3	4	3	4	4	1	3	3	3	4	4	3	1	3	1	3	2	1	1	2	3	3	3	3	3	3	4	1	1	2	3	1	1
LP3413.80	LP3413.80	3	2	1	3	1	2	1	1	2	2	4	1	1	4	2	3	1	2	4	2	2	4	4	1	4	3	1	3	2	1	3	4	4	1	4	3	4	1	3	2	3	1	4	1	1	3	1	1	3	3	2	4	2	1	4	1	4	3	4	2	1	3	2	3	3	1	4	1	4	2	1	1	4	1	4	4	2	1	1	4	3	3	1	4	2	3	1	1	1	4	3	3	1	4	4	4	2	3	1	2	4	3	4	2	1	2	4	4	1	3	4	3	4	4	1	3	3	3	4	4	3	1	3	1	3	2	1	1	2	3	3	3	3	3	3	4	1	1	2	3	1	1
LP3413.81	LP3413.81	3	2	1	3	1	2	1	1	2	2	4	1	1	4	2	3	1	2	4	2	2	4	4	1	4	3	1	3	2	1	3	4	4	1	4	3	4	1	3	2	3	1	4	1	1	3	1	1	3	3	2	4	2	1	4	1	4	3	4	2	1	3	2	3	3	1	4	1	4	2	1	1	4	1	4	4	2	1	1	4	3	3	1	4	2	3	1	1	1	4	3	3	1	4	4	4	2	3	1	2	4	3	4	2	1	2	4	4	1	3	4	3	4	4	1	3	3	3	4	4	3	1	3	1	3	2	1	1	2	3	3	3	3	3	3	4	1	1	2	3	1	1
LP3413.82	LP3413.82	3	2	1	3	1	2	1	1	2	2	4	1	1	4	2	3	1	2	4	2	2	4	4	1	4	3	1	3	2	1	3	4	4	1	4	3	4	1	3	2	3	1	4	1	1	3	1	1	3	3	2	4	2	1	4	1	4	3	4	2	1	3	2	3	3	1	4	1	4	2	1	1	4	1	4	4	2	1	1	4	3	3	1	4	2	3	1	1	1	4	3	3	1	4	4	4	2	3	1	2	4	3	4	2	1	2	4	4	1	3	4	3	4	4	1	3	3	3	4	4	3	1	3	1	3	2	1	1	2	3	3	3	3	3	3	4	1	1	2	3	1	1
LP3413.83	LP3413.83	3	2	1	3	1	2	1	1	2	2	4	1	1	4	2	3	1	2	4	2	2	4	4	1	4	3	1	3	2	1	3	4	4	1	4	3	4	1	3	2	3	1	4	1	1	3	1	1	3	3	2	4	2	1	4	1	4	3	4	2	1	3	2	3	3	1	4	1	4	2	1	1	4	1	4	4	2	1	1	4	3	3	1	4	0	3	1	1	1	4	3	3	1	4	4	4	2	3	1	2	4	3	4	2	1	2	4	4	1	3	4	3	4	4	1	3	3	3	4	4	3	1	3	1	3	2	1	1	2	3	3	3	3	3	3	4	1	1	2	3	1	1
LP3413.84	LP3413.84	3	2	1	3	1	2	1	1	2	2	4	1	1	4	2	3	1	2	4	2	2	4	4	1	4	3	1	3	2	1	3	4	4	1	4	3	4	1	3	2	3	1	4	1	1	3	1	1	3	3	2	4	2	1	4	1	4	3	4	2	1	3	2	3	3	1	4	1	4	2	1	1	4	1	4	4	2	1	1	4	3	3	1	4	2	3	1	1	1	4	3	3	1	4	4	4	2	3	1	2	4	3	4	2	1	2	4	4	1	3	4	3	4	4	1	3	3	3	4	4	3	1	3	1	3	2	1	1	2	3	3	3	3	3	3	4	1	1	2	3	1	1
LP3413.87	LP3413.87	3	2	1	3	1	2	1	1	2	2	4	1	1	4	2	3	1	2	4	2	2	4	4	1	4	3	1	3	2	1	3	4	4	1	4	3	4	1	3	2	3	1	4	1	1	3	1	1	3	3	2	4	2	1	4	1	4	3	4	2	1	3	2	3	3	1	4	1	4	2	1	1	4	1	4	4	2	1	1	4	3	3	1	4	2	3	1	1	1	4	3	3	1	4	4	4	2	3	1	2	4	3	4	2	1	2	4	4	1	3	4	3	4	4	1	3	3	3	4	4	3	1	3	1	3	2	1	1	2	3	3	3	3	3	3	4	1	1	2	3	1	1
LP3413.88	LP3413.88	3	2	1	3	1	2	1	1	2	2	4	1	1	4	2	3	1	2	4	2	2	4	4	1	4	3	1	3	2	1	3	4	4	1	4	3	4	1	3	2	3	1	4	1	1	3	1	1	3	3	2	4	2	1	4	1	4	3	4	2	1	3	2	3	3	1	4	1	4	2	1	1	4	1	4	4	2	1	1	4	3	3	1	4	2	3	1	1	1	4	3	3	1	4	4	4	2	3	1	2	4	3	4	2	1	2	4	4	1	3	4	3	4	4	1	3	3	3	4	4	3	1	3	1	3	2	1	1	2	3	3	3	3	3	3	4	1	1	2	3	1	1
LP3413.89	LP3413.89	3	2	1	3	1	2	1	1	2	2	4	1	1	4	2	3	1	2	4	2	2	4	4	1	4	3	1	3	2	1	3	4	4	1	4	3	4	1	3	2	3	1	4	1	1	3	1	1	3	3	2	4	2	1	4	1	4	3	4	2	1	3	2	3	3	1	4	1	4	2	1	1	4	1	4	4	2	1	1	4	3	3	1	4	2	3	1	1	1	4	3	3	1	4	4	4	2	3	1	2	4	3	4	2	1	2	4	4	1	3	4	3	4	4	1	3	3	3	4	4	3	1	3	1	3	2	1	1	2	3	3	3	3	3	3	4	1	1	2	3	1	1
LP3413.9	LP3413.9	3	2	1	3	1	2	1	1	2	2	4	1	1	4	2	3	1	2	4	2	2	4	4	1	4	3	1	3	2	1	3	4	4	1	4	3	4	1	3	2	3	1	4	1	1	3	1	1	3	3	2	4	2	1	4	1	4	3	4	2	1	3	2	3	3	1	4	1	4	2	1	1	4	1	4	4	2	1	1	4	3	3	1	4	2	3	1	1	1	4	3	3	1	4	4	4	2	3	1	2	4	3	4	2	1	2	4	4	1	3	4	3	4	4	1	3	3	3	4	4	3	1	3	1	3	2	1	1	2	3	3	3	3	3	3	4	1	1	2	3	1	1
LP3413.90	LP3413.90	3	2	1	3	1	2	1	1	2	2	4	1	1	4	2	3	1	2	4	2	2	4	4	1	4	3	1	3	2	1	3	4	4	1	4	3	4	1	3	2	3	1	4	1	1	3	1	1	3	3	2	4	2	1	4	1	4	3	4	2	1	3	2	3	3	1	4	1	4	2	1	1	4	1	4	4	2	1	1	4	3	3	1	4	2	3	1	1	1	4	3	3	1	4	4	4	2	3	1	2	4	3	4	2	1	2	4	4	1	3	4	3	4	4	1	3	3	3	4	4	3	1	3	1	3	2	1	1	2	3	3	3	3	3	3	4	1	1	2	3	1	1
LP3413.91	LP3413.91	3	2	1	3	1	2	1	1	2	2	4	1	1	4	2	3	1	2	4	2	2	4	4	1	4	3	1	3	2	1	3	4	4	1	4	3	4	1	3	2	3	1	4	1	1	3	1	1	3	3	2	4	2	1	4	1	4	3	4	2	1	3	2	3	3	1	4	1	4	2	1	1	4	1	4	4	2	1	1	4	3	3	1	4	2	3	1	1	1	4	3	3	1	4	4	4	2	3	1	2	4	3	4	2	1	2	4	4	1	3	4	3	0	4	1	3	3	3	4	4	3	1	3	1	3	2	1	1	2	3	3	3	3	3	3	4	1	1	2	3	1	1
LP3413.92	LP3413.92	3	2	1	3	1	2	1	1	2	2	4	1	1	4	2	3	1	2	4	2	2	4	4	1	4	3	1	3	2	1	3	4	4	1	4	3	4	1	3	2	3	1	4	1	1	3	1	1	3	3	2	4	2	1	4	1	4	3	4	2	1	3	2	3	3	1	4	1	4	2	1	1	4	1	4	4	2	1	1	4	3	3	1	4	2	3	1	1	1	4	3	3	1	4	4	4	2	3	1	2	4	3	4	2	1	2	4	4	1	3	4	3	4	4	1	3	3	3	4	4	3	1	3	1	3	2	1	1	2	3	3	3	3	3	3	4	1	1	2	3	1	1
LP3413.93	LP3413.93	3	2	1	3	1	2	1	1	2	2	4	1	1	4	2	3	1	2	4	2	2	4	4	1	4	3	1	3	2	1	3	4	4	1	4	3	4	1	3	2	3	1	4	1	1	3	1	1	3	3	2	4	2	1	4	1	4	3	4	2	1	3	2	3	3	1	4	1	4	2	1	1	4	1	4	4	2	1	1	4	3	3	1	4	2	3	1	1	1	4	3	3	1	4	4	4	2	3	1	2	4	3	4	2	1	2	4	4	1	3	4	3	4	4	1	3	3	3	4	4	3	1	3	1	3	2	1	1	2	3	3	3	3	3	3	4	1	1	2	3	1	1
LP3413.94	LP3413.94	3	2	1	3	1	2	1	1	2	2	4	1	1	4	2	3	1	2	4	2	2	4	4	1	4	3	1	3	2	1	3	4	4	1	4	3	4	1	3	2	3	1	4	1	1	3	1	1	3	3	2	4	2	1	4	1	4	3	4	2	1	3	2	3	3	1	4	1	4	2	1	1	4	1	4	4	2	1	1	4	3	3	1	4	2	3	1	1	1	4	3	3	1	4	4	4	2	3	1	2	4	3	4	2	1	2	4	4	1	3	4	3	0	4	1	3	3	3	4	4	3	1	3	1	3	2	1	1	2	3	3	3	3	3	3	4	1	1	2	3	1	1
LP3413.95	LP3413.95	3	2	1	3	1	2	1	1	2	2	4	1	1	4	2	3	1	2	4	2	2	4	4	1	4	3	1	3	2	1	3	4	4	1	4	3	4	1	3	2	3	1	4	1	1	3	1	1	3	3	2	4	2	1	4	1	4	3	4	2	1	3	2	3	3	1	4	1	4	2	1	1	4	1	4	4	2	1	1	4	3	3	1	4	2	3	1	1	1	4	3	3	1	4	4	4	2	3	1	2	4	3	4	2	1	2	4	4	1	3	4	3	4	4	1	3	3	3	4	4	3	1	3	1	3	2	1	1	2	3	3	3	3	3	3	4	1	1	2	3	1	1
LP3413.98	LP3413.98	3	2	1	3	1	2	1	1	2	2	4	1	1	4	2	3	1	2	4	2	2	4	4	1	4	3	1	3	2	1	3	4	4	1	4	3	4	1	3	2	3	1	4	1	1	3	1	1	3	3	2	4	2	1	4	1	4	3	4	2	1	3	2	3	3	1	4	1	4	2	1	1	4	1	4	4	2	1	1	4	3	3	1	4	2	3	1	1	1	4	3	3	1	4	4	4	2	3	1	2	4	3	4	2	1	2	4	4	1	3	4	3	4	4	1	3	3	3	4	4	3	1	3	1	3	2	1	1	2	3	3	3	3	3	3	4	1	1	2	3	1	1
LP3413.99	LP3413.99	3	2	1	3	1	2	1	1	2	2	4	1	1	4	2	3	1	2	4	2	2	4	4	1	4	3	1	3	2	1	3	4	4	1	4	3	4	1	3	2	3	1	4	1	1	3	1	1	3	3	2	4	2	1	4	1	4	3	4	2	1	3	2	3	3	1	4	1	4	2	1	1	4	1	4	4	2	1	1	4	3	3	1	4	2	3	1	1	1	4	3	3	1	4	4	4	2	3	1	2	4	3	4	2	1	2	4	4	1	3	4	3	4	4	1	3	3	3	4	4	3	1	3	1	3	2	1	1	2	3	3	3	3	3	3	4	1	1	2	3	1	1
