strain	category	AtMSQTsnp 2	AtMSQTsnp 4	AtMSQTsnp 8	AtMSQTsnp 9	AtMSQTsnp 10	AtMSQTsnp 11	AtMSQTsnp 12	AtMSQTsnp 14	AtMSQTsnp 15	AtMSQTsnp 18	AtMSQTsnp 21	AtMSQTsnp 22	AtMSQTsnp 27	AtMSQTsnp 29	AtMSQTsnp 30	AtMSQTsnp 31	AtMSQTsnp 33	AtMSQTsnp 38	AtMSQTsnp 40	AtMSQTsnp 41	AtMSQTsnp 47	AtMSQTsnp 48	AtMSQTsnp 49	AtMSQTsnp 53	AtMSQTsnp 54	AtMSQTsnp 57	AtMSQTsnp 58	AtMSQTsnp 60	AtMSQTsnp 61	AtMSQTsnp 62	AtMSQTsnp 63	AtMSQTsnp 65	AtMSQTsnp 67	AtMSQTsnp 69	AtMSQTsnp 73	AtMSQTsnp 76	AtMSQTsnp 85	AtMSQTsnp 87	AtMSQTsnp 88	AtMSQTsnp 90	AtMSQTsnp 91	AtMSQTsnp 92	AtMSQTsnp 97	AtMSQTsnp 100	AtMSQTsnp 101	AtMSQTsnp 104	AtMSQTsnp 108	AtMSQTsnp 114	AtMSQTsnp 118	AtMSQTsnp 123	AtMSQTsnp 126	AtMSQTsnp 128	AtMSQTsnp 129	AtMSQTsnp 130	AtMSQTsnp 132	AtMSQTsnp 138	AtMSQTsnp 140	AtMSQTsnp 142	AtMSQTsnp 143	AtMSQTsnp 145	AtMSQTsnp 146	AtMSQTsnp 155	AtMSQTsnp 156	AtMSQTsnp 159	AtMSQTsnp 164	AtMSQTsnp 169	AtMSQTsnp 170	AtMSQTsnp 173	AtMSQTsnp 174	AtMSQTsnp 177	AtMSQTsnp 184	AtMSQTsnp 186	AtMSQTsnp 187	AtMSQTsnp 188	AtMSQTsnp 189	AtMSQTsnp 191	AtMSQTsnp 194	AtMSQTsnp 197	AtMSQTsnp 198	AtMSQTsnp 203	AtMSQTsnp 205	AtMSQTsnp 214	AtMSQTsnp 220	AtMSQTsnp 222	AtMSQTsnp 223	AtMSQTsnp 231	AtMSQTsnp 232	AtMSQTsnp 235	AtMSQTsnp 237	AtMSQTsnp 242	AtMSQTsnp 244	AtMSQTsnp 249	AtMSQTsnp 254	AtMSQTsnp 260	AtMSQTsnp 263	AtMSQTsnp 266	AtMSQTsnp 267	AtMSQTsnp 274	AtMSQTsnp 278	AtMSQTsnp 279	AtMSQTsnp 281	AtMSQTsnp 282	AtMSQTsnp 285	AtMSQTsnp 286	AtMSQTsnp 288	AtMSQTsnp 292	AtMSQTsnp 294	AtMSQTsnp 300	AtMSQTsnp 304	AtMSQTsnp 306	AtMSQTsnp 307	AtMSQTsnp 310	AtMSQTsnp 312	AtMSQTsnp 315	AtMSQTsnp 321	AtMSQTsnp 323	AtMSQTsnp 325	AtMSQTsnp 327	AtMSQTsnp 331	AtMSQTsnp 334	AtMSQTsnp 343	AtMSQTsnp 350	AtMSQTsnp 351	AtMSQTsnp 355	AtMSQTsnp 358	AtMSQTsnp 359	AtMSQTsnp 360	AtMSQTsnp 361	AtMSQTsnp 368	AtMSQTsnp 370	AtMSQTsnp 372	AtMSQTsnp 373	AtMSQTsnp 378	AtMSQTsnp 379	AtMSQTsnp 388	AtMSQTsnp 390	AtMSQTsnp 392	AtMSQTsnp 394	AtMSQTsnp 395	AtMSQTsnp 397	AtMSQTsnp 398	AtMSQTsnp 399	AtMSQTsnp 404	AtMSQTsnp 406	AtMSQTsnp 408	AtMSQTsnp 409	AtMSQTsnp 410	AtMSQTsnp 412	AtMSQTsnp 415
UKSE06-261	UKSE06-261	3	2	1	4	1	4	3	4	4	2	2	3	1	4	4	3	0	2	4	2	2	2	4	1	2	2	1	3	2	3	3	4	2	1	4	3	4	1	1	2	3	3	2	1	1	3	3	3	3	3	4	4	1	2	2	2	3	4	2	2	4	2	1	3	3	4	1	1	2	3	1	1	3	2	4	2	3	3	4	3	3	0	2	3	1	1	2	4	3	3	3	2	2	1	4	2	3	2	3	3	4	2	1	2	4	4	2	1	4	2	4	2	1	1	3	1	4	4	1	3	3	2	1	2	2	3	3	1	4	3	1	4	1	1	2	3	0	1
UKSE06-265	UKSE06-265	3	2	1	4	1	4	3	4	4	2	2	3	1	4	4	3	2	2	4	2	2	2	4	0	2	2	1	3	2	3	3	4	2	1	4	3	4	1	1	2	3	3	2	1	1	3	3	3	3	3	4	4	1	2	2	2	3	4	2	2	4	2	1	3	3	4	1	1	2	3	1	1	3	2	4	2	3	3	4	3	3	0	2	3	1	1	2	4	3	3	3	2	2	1	4	2	3	2	3	3	4	2	1	2	4	4	2	1	4	2	4	2	1	1	3	1	4	4	1	3	3	2	1	2	2	3	3	1	4	3	1	4	1	1	2	3	1	1
UKSE06-266	UKSE06-266	3	2	1	4	1	4	3	4	4	2	2	3	1	4	4	3	2	2	4	2	2	2	4	1	2	2	1	3	2	3	3	4	2	1	4	3	4	1	1	2	3	3	2	1	1	3	3	3	3	3	4	4	1	2	2	2	3	4	2	2	4	2	1	3	3	4	1	1	2	3	1	1	3	2	4	2	3	3	4	3	3	0	2	3	1	1	2	4	3	3	3	2	2	1	4	2	3	2	3	3	4	2	1	2	4	4	2	1	4	2	4	2	1	1	3	1	4	4	1	3	3	2	1	2	2	3	3	1	4	3	1	4	1	1	2	3	1	1
UKSE06-267	UKSE06-267	3	2	1	4	1	4	3	4	4	2	2	3	1	4	4	3	2	2	4	2	2	2	4	1	2	2	1	3	2	3	3	4	2	1	4	3	4	1	1	2	3	3	2	1	1	3	3	3	3	3	4	4	1	2	2	2	3	4	2	2	4	2	1	3	3	4	1	1	2	3	1	1	3	2	4	2	3	3	4	3	3	4	2	3	1	1	2	4	3	3	3	2	2	1	4	2	3	2	3	3	4	2	1	2	4	4	2	1	4	2	4	2	1	1	3	1	4	4	1	3	3	2	1	2	2	3	3	1	4	3	1	4	1	1	2	3	1	1
UKSE06-268	UKSE06-268	3	2	1	4	1	4	3	4	4	2	2	3	1	4	4	3	2	2	4	2	2	2	4	1	2	2	1	3	2	3	3	4	2	1	4	3	4	1	1	2	3	3	2	1	1	3	3	3	3	3	4	4	1	2	2	2	3	4	2	2	4	2	1	3	3	4	1	1	2	3	1	1	3	2	4	2	3	3	4	3	3	4	2	3	1	1	2	4	3	3	3	2	2	1	4	2	3	2	3	3	4	2	1	2	4	4	2	1	4	2	4	2	1	1	3	1	4	4	1	3	3	2	1	2	2	3	3	1	4	3	1	4	1	1	2	3	1	1
UKSE06-269	UKSE06-269	3	2	1	4	1	4	3	4	4	2	2	3	1	4	4	3	2	2	4	2	2	2	4	1	2	2	1	3	2	3	3	4	2	1	4	3	4	1	1	2	3	3	2	1	1	3	3	3	3	3	4	4	1	2	2	2	3	4	2	2	4	2	1	3	3	4	1	1	2	3	1	1	3	2	4	2	3	3	4	3	3	0	2	3	1	1	2	4	3	3	3	2	2	1	4	2	3	2	3	3	4	2	1	2	4	4	2	1	4	2	4	2	1	1	3	1	4	4	1	3	3	2	1	2	2	3	3	1	4	3	1	4	1	1	2	3	1	1
UKSE06-271	UKSE06-271	3	2	1	0	1	2	3	1	2	2	4	3	1	4	2	3	0	3	2	2	2	2	4	0	4	3	4	1	2	1	3	4	2	4	2	3	4	3	1	2	3	1	4	1	1	3	1	3	3	3	4	4	0	4	2	2	3	4	4	2	4	1	3	1	3	1	4	1	4	1	1	4	1	4	1	4	1	1	3	3	1	2	4	3	1	2	2	4	3	0	1	4	4	4	4	3	3	2	0	1	4	2	4	1	4	1	1	3	2	3	2	4	1	1	4	3	4	0	1	1	1	3	1	1	4	1	1	1	3	3	1	4	1	3	2	1	0	3
UKSE06-272	UKSE06-272	1	1	1	4	3	2	1	4	2	2	2	3	3	4	2	4	2	3	2	2	2	4	4	1	4	2	1	3	2	1	3	4	2	4	4	3	2	1	1	3	3	3	2	1	1	1	3	3	3	1	2	2	2	2	1	4	1	2	4	2	4	1	1	1	3	4	4	1	2	3	1	4	1	4	1	2	1	1	3	1	3	4	2	3	1	2	1	4	3	4	1	4	2	4	4	2	3	2	4	1	4	2	1	1	2	1	2	1	2	2	4	2	1	1	4	3	4	0	1	1	0	2	3	2	4	3	1	3	3	2	3	2	1	3	2	1	1	3
UKSE06-274	UKSE06-274	3	2	1	3	1	2	3	1	2	2	4	3	1	4	2	3	2	3	2	2	2	2	4	1	4	3	4	1	2	1	3	4	2	4	2	3	4	3	1	2	3	1	4	1	1	3	1	3	3	3	4	4	2	4	2	2	3	4	4	2	4	1	3	1	3	1	4	1	4	1	1	4	1	4	1	4	1	1	3	3	1	2	4	3	1	2	2	4	3	4	1	4	4	4	4	3	3	2	3	1	4	2	4	1	4	1	1	3	2	3	2	4	1	1	4	3	4	0	1	1	1	3	1	1	4	1	1	1	3	3	1	4	1	3	2	1	1	3
UKSE06-275	UKSE06-275	3	2	1	3	3	2	3	4	2	2	2	1	1	4	4	4	1	2	2	1	2	4	4	1	4	2	1	1	2	3	3	3	9	1	4	3	4	1	1	2	3	3	2	1	1	3	3	6	10	6	2	2	2	2	1	2	3	4	2	2	3	1	3	1	3	4	4	1	2	1	2	1	1	4	1	2	3	0	4	1	1	2	4	1	6	5	1	4	3	4	3	4	4	1	4	2	1	9	3	6	4	3	7	1	4	1	2	3	2	3	2	4	1	3	10	6	10	0	3	3	6	8	1	5	2	6	1	1	3	3	6	4	6	6	2	3	1	6
UKSE06-276	UKSE06-276	3	1	3	4	3	2	3	4	4	2	2	3	1	1	4	4	2	2	4	1	2	4	4	1	4	2	1	1	2	1	1	4	2	1	2	3	2	1	3	3	3	1	4	3	1	1	1	3	4	1	4	4	1	2	1	2	1	2	2	2	3	1	1	3	3	1	4	1	4	1	1	4	3	2	1	4	3	1	3	3	3	4	2	3	1	2	2	4	4	4	3	4	4	4	4	2	3	2	4	1	2	2	1	2	2	4	2	3	4	2	4	2	3	1	3	3	4	0	1	1	1	3	1	1	2	3	1	1	3	3	3	2	3	1	2	1	1	3
UKSE06-277	UKSE06-277	3	1	3	0	3	2	3	4	4	2	2	3	1	1	4	4	0	2	4	1	2	4	4	0	4	2	1	1	2	1	1	4	2	1	2	3	2	1	3	3	3	1	4	3	1	1	1	3	4	1	4	4	1	2	1	2	1	2	2	2	3	1	1	3	3	1	4	1	4	1	1	4	3	2	1	4	3	1	3	3	3	0	2	3	1	2	2	4	4	4	3	4	4	4	4	2	3	2	4	1	2	2	1	2	2	4	2	3	4	2	4	2	3	1	3	3	4	10	1	1	1	3	1	1	2	3	1	1	3	3	3	2	3	1	2	1	0	3
UKSE06-278	UKSE06-278	3	2	1	4	1	2	3	4	2	3	2	3	3	4	2	3	1	2	2	2	2	4	4	1	4	2	4	1	2	1	3	3	4	1	2	3	4	1	3	3	3	1	4	1	1	1	3	3	4	1	2	2	1	4	1	4	3	4	2	2	3	2	3	3	3	4	4	1	2	1	1	4	1	4	1	2	3	3	4	1	1	2	2	1	1	2	1	4	4	4	1	2	2	4	4	3	3	2	4	3	4	3	1	1	4	1	1	1	2	2	2	2	1	1	4	3	4	0	1	1	3	2	3	2	2	3	3	1	3	2	1	4	1	3	2	1	1	3
UKSE06-279	UKSE06-279	3	2	1	4	1	2	3	4	2	3	2	3	3	4	2	3	1	2	2	2	2	4	4	1	4	2	4	1	2	1	3	3	4	1	2	3	4	1	3	3	3	1	4	1	1	1	3	3	4	1	2	2	1	4	1	4	3	4	2	2	3	2	3	3	3	4	4	1	2	1	1	4	1	4	1	2	3	3	4	1	1	2	2	1	1	2	1	4	4	0	1	2	2	4	4	3	3	2	4	3	4	3	1	1	4	1	1	1	2	2	2	2	1	1	4	3	4	0	1	1	3	2	3	0	2	3	3	1	3	2	1	4	1	3	2	1	1	3
UKSE06-281	UKSE06-281	3	2	1	0	3	2	1	1	2	2	2	3	1	1	2	3	1	3	4	1	2	4	2	1	4	2	1	3	2	1	3	4	2	4	4	3	2	1	1	2	3	1	4	3	1	1	1	1	3	3	2	4	1	4	1	2	3	4	2	1	3	1	1	3	3	1	1	1	2	3	1	4	1	4	4	2	3	3	3	3	3	0	2	3	1	2	1	4	4	0	1	4	4	4	4	3	1	2	3	1	4	2	1	1	4	4	1	3	2	2	2	2	3	3	3	3	3	0	1	1	0	3	1	2	2	3	1	1	3	2	1	2	1	1	2	1	0	1
UKSE06-282	UKSE06-282	3	0	1	0	3	2	1	1	2	2	2	3	1	1	2	3	1	3	4	1	2	4	2	1	4	2	1	3	2	1	3	4	2	4	4	3	2	1	1	2	3	1	4	3	1	1	1	1	3	3	2	4	1	4	1	2	3	4	2	1	3	1	1	3	3	1	1	1	2	3	1	4	1	4	4	2	3	3	3	0	3	4	2	3	1	2	1	4	4	4	1	4	4	4	4	3	1	2	3	1	4	2	1	1	4	4	1	3	2	2	2	2	3	3	0	3	3	0	1	1	0	3	1	2	2	3	1	1	3	2	1	2	1	1	2	1	1	1
UKSE06-291	UKSE06-291	3	2	1	4	3	2	1	1	2	2	2	3	1	1	2	3	1	3	4	1	2	4	2	1	4	2	1	3	2	1	3	4	2	4	4	3	2	1	1	2	3	1	4	3	1	1	1	1	3	3	2	4	1	4	1	2	3	4	2	1	3	1	1	3	3	1	1	1	2	3	1	4	1	4	4	2	3	3	3	3	3	4	2	3	1	2	1	4	4	4	1	4	4	4	4	3	1	2	3	1	4	2	1	1	4	4	1	3	2	2	2	2	3	3	3	3	3	0	1	1	0	3	1	2	2	3	1	1	3	2	1	2	1	1	2	1	1	1
UKSE06-292	UKSE06-292	3	2	1	4	1	2	1	4	4	2	2	3	0	4	4	3	2	3	2	1	2	4	4	1	4	0	1	1	2	1	1	4	2	4	0	3	4	1	3	2	1	3	4	1	1	3	3	3	3	1	4	2	2	2	2	2	3	4	4	0	4	0	1	3	3	4	1	1	4	3	1	4	3	2	1	4	1	3	4	1	1	2	2	3	1	2	2	4	3	3	1	2	2	4	2	2	1	4	4	1	4	2	1	2	0	4	2	3	2	3	4	2	1	1	4	1	4	4	1	1	0	3	1	2	2	3	3	1	3	3	1	2	1	1	2	3	0	1
UKSE06-293	UKSE06-293	3	1	3	4	3	2	3	4	4	2	2	3	1	1	4	4	2	2	4	1	2	4	4	1	4	2	1	1	2	1	1	4	2	1	2	3	2	1	3	3	3	1	4	3	1	1	1	3	4	1	4	4	1	2	1	2	1	2	2	2	3	1	1	3	3	1	4	1	4	1	1	4	3	2	1	4	3	1	3	3	3	4	2	3	1	2	2	4	4	4	3	4	4	4	4	2	3	2	4	1	2	2	1	2	2	4	2	3	4	2	4	2	3	1	3	3	4	0	1	1	1	3	1	1	2	3	1	1	3	3	3	2	3	1	2	1	1	3
UKSE06-348	UKSE06-348	1	1	1	3	1	4	1	1	4	2	4	3	1	1	2	3	2	2	2	2	2	2	2	3	4	3	1	1	1	3	3	4	4	1	2	3	4	1	1	2	3	3	2	3	1	3	3	1	3	3	4	4	2	4	1	4	3	4	4	2	3	2	3	3	3	4	4	1	2	1	2	4	1	2	1	2	1	3	4	1	1	2	2	3	1	1	2	4	4	0	3	4	2	1	4	2	3	2	3	1	4	2	1	2	4	4	1	3	2	3	4	2	3	1	4	3	4	0	1	1	1	2	3	2	4	3	1	1	3	2	3	2	1	3	2	1	1	3
UKSE06-349	UKSE06-349	1	1	1	3	1	4	1	1	4	2	4	3	1	1	2	3	2	2	2	2	2	2	2	3	4	3	1	1	1	3	3	4	4	1	2	3	4	1	1	2	3	3	2	3	1	3	3	1	3	3	4	4	2	4	1	4	3	4	4	2	3	2	3	3	3	4	4	1	2	1	2	4	1	2	1	2	1	3	4	1	1	2	2	3	1	1	2	4	4	0	3	4	2	1	4	2	3	2	0	1	4	2	1	2	4	4	1	3	2	3	4	2	3	1	4	3	4	0	1	1	1	2	3	2	4	3	1	1	3	2	3	2	1	3	2	1	1	3
UKSE06-351	UKSE06-351	1	1	3	4	3	4	3	1	4	2	2	3	1	1	2	4	2	2	4	1	4	4	4	1	4	2	1	3	5	3	3	4	4	1	4	3	4	1	3	2	3	3	2	3	1	3	1	3	3	1	2	4	2	2	1	4	3	4	4	1	3	2	3	3	3	4	4	1	2	1	2	4	1	4	4	2	1	3	3	3	1	2	2	3	1	2	2	4	4	0	1	4	4	1	4	3	3	2	3	1	4	2	4	1	2	4	1	3	2	2	2	2	1	1	4	3	3	4	3	1	3	3	3	2	4	1	1	1	3	3	3	2	1	1	2	1	1	3
UKSE06-353	UKSE06-353	3	1	3	4	3	2	3	4	4	2	2	3	1	1	4	4	2	2	4	1	2	4	4	1	4	2	1	1	2	1	1	4	2	1	2	3	2	1	3	3	3	1	4	3	1	1	1	3	4	1	4	4	1	2	1	2	1	2	2	2	3	1	0	3	3	1	4	1	0	1	1	4	3	2	1	4	3	1	3	3	3	4	2	3	1	2	2	4	4	4	3	4	4	4	4	2	3	2	4	1	2	2	1	2	2	4	2	3	4	2	4	2	3	1	3	3	4	0	1	1	1	3	1	1	2	3	1	1	3	3	3	2	3	1	2	1	1	3
UKSE06-354	UKSE06-354	3	1	3	0	3	2	3	4	4	2	0	3	1	1	4	4	2	2	4	1	2	4	4	1	4	2	1	1	2	1	1	4	2	1	2	3	2	1	3	3	3	1	4	3	1	1	1	3	4	1	4	4	1	2	1	2	1	2	2	2	3	1	1	3	3	1	4	1	4	1	1	4	3	2	1	4	3	1	3	3	3	4	2	3	1	2	2	4	4	4	3	4	4	4	4	2	3	2	4	1	2	2	1	2	2	4	2	3	4	2	4	2	3	1	3	3	4	0	1	1	1	3	1	1	2	3	1	1	3	3	3	2	3	1	2	1	1	3
UKSE06-355	UKSE06-355	3	1	3	0	3	2	3	4	4	2	2	3	1	1	4	4	0	2	4	1	2	4	4	1	4	2	1	1	2	1	1	4	2	1	2	3	2	1	3	3	3	1	4	3	1	1	1	3	4	1	4	4	1	2	1	2	1	2	2	2	3	1	1	3	3	1	4	1	4	1	1	4	3	2	1	4	3	1	3	3	3	4	2	3	1	2	2	4	4	0	3	4	4	4	4	2	3	2	4	1	2	2	1	2	2	4	2	3	4	2	4	2	3	1	3	3	4	0	1	1	1	3	1	1	2	3	1	1	3	3	3	2	3	1	2	1	1	3
UKSE06-362	UKSE06-362	3	1	1	4	3	2	1	1	4	2	2	3	1	4	2	4	1	2	2	2	2	4	4	1	4	2	4	1	2	1	3	4	2	4	4	3	2	1	3	2	3	3	2	3	1	3	1	1	3	3	4	2	2	4	1	4	3	4	2	2	3	2	1	1	3	1	4	1	2	1	2	1	6	4	4	2	3	3	4	1	1	2	2	3	1	2	2	4	4	0	3	4	2	4	4	2	3	4	3	1	4	2	4	2	4	1	1	1	2	3	4	4	1	1	4	3	3	4	1	1	1	3	3	2	4	3	1	1	3	2	3	4	3	1	2	1	1	3
UKSE06-363	UKSE06-363	3	2	1	0	3	2	1	1	4	2	2	3	1	4	2	4	1	2	2	2	2	4	4	0	4	2	4	1	2	1	3	4	2	4	4	3	4	1	3	3	3	1	2	3	1	1	1	3	3	3	2	4	2	4	1	4	3	4	2	2	3	2	1	1	3	1	1	1	2	1	2	4	1	4	4	2	3	3	4	3	1	2	2	3	1	2	2	4	4	0	3	4	2	4	4	2	3	2	3	1	4	2	4	1	2	4	1	1	2	3	4	4	1	1	4	3	3	4	1	1	1	3	3	2	4	1	1	1	3	2	3	4	1	3	2	1	0	3
UKSE06-364	UKSE06-364	3	1	1	0	3	2	1	1	4	2	2	3	1	1	2	3	1	2	4	2	2	4	4	1	4	2	1	3	0	3	3	4	2	4	4	3	4	1	3	3	3	3	2	3	1	1	1	3	3	3	2	4	2	4	1	4	3	4	2	2	3	2	1	1	3	1	4	1	2	1	2	1	3	4	4	2	3	3	4	1	1	2	2	3	1	2	2	4	4	0	3	4	2	4	4	2	3	4	3	1	4	2	4	2	4	4	1	3	2	2	2	2	3	1	4	3	3	4	1	1	1	3	1	2	4	3	1	1	3	2	3	4	3	1	2	1	0	3
UKSE06-365	UKSE06-365	3	2	1	0	1	2	1	1	2	2	2	3	1	1	2	3	1	2	4	2	2	4	4	1	4	2	1	3	5	3	3	4	4	0	4	3	2	1	3	2	3	3	2	3	1	3	1	1	3	3	4	2	2	2	1	4	3	4	4	2	3	2	1	1	3	4	4	1	2	1	2	1	3	4	4	2	3	3	3	3	1	2	2	3	1	2	2	4	4	0	1	4	4	4	4	3	3	2	3	1	4	2	4	1	2	4	1	1	2	3	4	4	1	1	4	3	3	4	1	1	1	3	3	2	4	1	1	1	3	2	3	4	1	3	2	1	1	3
UKSE06-366	UKSE06-366	3	2	1	0	1	4	3	4	4	2	2	3	1	4	4	3	2	2	4	2	2	2	4	1	2	2	1	3	2	3	3	4	2	1	4	3	4	1	1	2	3	3	2	1	1	3	3	3	3	3	4	4	1	2	2	2	3	4	2	2	4	2	1	3	3	4	1	1	2	3	1	1	3	2	4	2	3	3	4	3	3	4	2	3	1	1	2	4	3	0	3	2	2	1	4	2	3	2	3	3	4	2	1	2	4	4	2	1	4	2	4	2	1	1	3	1	4	4	1	3	3	2	1	2	2	3	3	1	4	3	1	4	1	1	2	3	0	1
UKSE06-367	UKSE06-367	3	2	1	4	1	4	3	4	4	2	2	3	1	4	4	3	2	2	4	2	2	2	4	1	2	2	1	3	2	3	3	4	2	1	4	3	4	1	1	2	3	3	2	1	1	3	3	3	3	3	4	4	1	2	2	2	3	4	2	2	4	2	1	3	3	4	1	1	2	3	1	1	3	2	4	2	3	3	4	3	3	4	2	3	1	1	2	4	3	0	3	2	2	0	4	2	3	2	3	3	4	2	1	2	4	4	2	1	4	2	4	2	1	1	3	1	4	4	1	3	3	2	1	0	2	3	3	1	4	3	1	4	1	1	2	3	1	1
UKSE06-368	UKSE06-368	3	0	1	0	1	4	3	4	4	2	2	3	1	4	4	3	2	2	4	2	2	2	4	1	2	2	1	3	2	3	3	4	2	1	4	3	4	1	1	2	3	3	2	0	1	3	3	3	3	3	4	4	1	2	2	2	3	4	2	2	4	2	1	3	3	4	1	1	2	3	1	1	3	2	4	2	3	3	4	3	3	4	2	3	1	1	0	4	3	3	3	2	2	1	4	2	3	2	3	3	4	2	1	2	4	4	2	1	4	2	4	2	1	0	0	1	4	4	1	3	3	2	1	2	2	3	3	1	4	3	1	4	1	1	2	3	1	1
UKSE06-369	UKSE06-369	3	0	1	0	1	4	3	4	4	2	2	3	1	4	4	3	2	2	4	2	2	2	4	1	2	2	1	3	2	3	3	4	2	1	4	3	4	1	1	2	3	3	2	1	1	3	3	3	3	3	4	4	1	2	2	2	3	4	2	2	4	2	1	3	3	4	1	1	2	3	1	1	3	2	4	2	3	3	4	3	3	0	2	3	1	1	2	4	3	3	3	2	2	1	4	2	3	2	3	3	4	2	1	2	4	4	2	1	4	2	4	2	1	1	3	1	4	4	1	3	3	2	1	2	2	3	3	1	4	3	1	4	1	1	2	3	1	1
UKSE06-370	UKSE06-370	3	2	1	0	1	4	3	4	4	2	2	3	1	4	4	3	2	2	4	2	2	2	4	1	2	2	1	3	2	3	3	4	2	1	4	3	4	1	1	2	3	3	2	1	1	3	3	3	3	3	4	4	1	2	2	2	3	4	2	2	4	2	1	3	3	4	1	1	2	3	1	1	3	2	4	2	3	3	4	3	3	0	2	3	1	1	2	4	3	0	3	2	2	1	4	2	3	2	3	3	4	2	1	2	4	4	2	1	4	2	4	2	1	1	3	1	4	4	1	3	3	2	1	2	2	3	3	1	4	3	1	4	1	1	2	3	0	1
UKSE06-372	UKSE06-372	3	1	1	4	3	4	1	4	4	2	2	3	1	4	4	3	1	2	4	1	2	4	4	3	4	2	1	1	2	1	1	4	2	4	2	3	4	3	1	2	3	3	4	1	1	1	3	1	3	1	4	4	1	2	1	2	3	4	2	2	4	2	3	1	3	4	1	1	2	3	1	1	1	2	4	2	1	3	4	3	3	2	2	3	1	2	2	4	4	3	3	4	2	4	4	2	3	2	3	1	2	2	1	2	4	4	2	1	4	2	4	2	3	1	3	3	4	0	1	1	3	3	1	1	2	3	1	1	4	3	1	4	1	1	2	1	0	1
UKSE06-373	UKSE06-373	3	1	1	0	3	0	0	4	4	2	2	0	1	4	4	3	1	2	4	1	2	4	4	3	4	2	1	1	2	1	1	4	2	4	2	3	4	3	1	2	3	3	4	0	1	1	3	1	3	1	4	4	1	2	0	2	3	4	2	2	4	2	3	1	3	4	1	1	2	3	1	1	1	2	4	2	1	3	0	3	3	2	2	3	0	2	2	4	4	0	0	4	2	4	4	2	3	0	3	1	2	2	1	2	0	4	2	1	0	2	4	2	3	0	0	3	4	0	1	1	3	3	1	1	0	3	1	1	4	0	1	4	1	1	2	1	1	1
UKSE06-374	UKSE06-374	3	1	1	4	3	4	1	4	4	2	2	3	1	4	4	3	1	2	4	1	2	4	4	3	4	2	1	1	2	1	1	4	2	4	2	3	4	3	1	2	3	3	4	1	1	1	3	1	3	1	4	4	1	2	1	2	3	4	2	2	4	2	3	1	3	4	1	1	2	3	1	1	1	2	4	2	1	3	4	3	3	2	2	3	1	2	2	4	4	3	3	4	2	4	4	2	3	2	3	1	2	2	1	2	4	4	2	1	4	2	4	2	3	1	3	3	4	0	1	1	3	3	1	1	2	3	1	1	4	3	1	4	1	1	2	1	0	1
UKSE06-375	UKSE06-375	3	2	1	3	3	2	3	4	2	2	2	1	1	4	4	4	1	2	2	1	2	4	4	1	4	2	1	1	2	3	3	3	4	1	4	1	4	3	3	2	3	3	2	1	1	1	1	3	4	1	2	2	2	2	1	2	3	4	2	2	3	1	3	1	3	4	4	4	2	1	2	4	1	4	4	2	1	1	4	1	1	2	4	1	1	1	2	2	4	4	1	4	2	4	4	3	1	4	3	1	4	3	1	1	0	1	2	3	2	3	2	4	3	3	3	3	3	3	3	3	1	2	1	1	2	1	1	1	3	3	3	4	1	1	2	3	1	1
UKSE06-376	UKSE06-376	0	2	0	4	3	2	1	0	0	2	4	1	1	4	2	3	2	2	2	1	2	4	4	1	0	3	1	0	0	1	3	4	2	0	4	0	0	1	3	3	0	3	2	1	0	3	0	3	3	1	0	0	2	4	1	4	3	4	0	1	0	2	3	0	3	4	1	1	2	1	2	1	1	4	4	2	1	0	4	3	1	2	2	0	1	0	2	4	3	4	1	2	4	4	4	3	0	2	3	1	0	0	0	0	4	4	0	1	2	2	2	2	0	1	4	3	4	3	0	1	3	2	3	0	4	1	1	1	3	2	1	0	1	1	2	0	0	0
UKSE06-406	UKSE06-406	1	1	1	3	1	4	1	1	4	3	4	3	3	1	2	3	1	2	4	1	2	2	4	1	4	2	1	3	2	3	1	4	2	4	2	3	4	3	1	2	1	3	4	1	3	3	3	3	4	1	4	2	2	4	1	4	3	4	4	1	3	2	3	3	3	4	1	1	2	3	1	1	1	4	1	2	3	1	3	1	3	4	2	1	1	1	2	4	3	0	3	2	2	4	4	3	1	2	3	1	2	2	1	1	4	4	2	3	2	3	4	2	1	3	4	1	3	4	1	1	3	3	3	2	2	3	1	1	3	3	1	2	1	1	2	1	1	1
UKSE06-407	UKSE06-407	1	1	1	3	1	4	1	1	4	3	4	3	3	1	2	3	1	2	4	1	2	2	4	1	4	2	1	3	2	3	1	4	2	4	2	3	4	3	1	2	1	3	4	1	3	3	3	3	4	0	4	2	2	4	1	4	3	4	4	1	3	2	3	3	3	4	1	1	2	3	1	1	1	4	1	2	3	1	3	1	3	4	2	1	1	1	2	4	3	0	3	2	2	4	4	3	1	2	3	1	2	2	1	1	4	4	2	3	2	3	4	2	1	3	4	1	3	4	1	1	3	3	3	2	2	3	1	1	3	3	1	2	1	1	2	1	1	1
UKSE06-408	UKSE06-408	1	2	1	3	3	2	1	1	2	3	2	3	1	4	2	3	2	2	4	2	2	4	2	3	4	3	1	1	2	1	3	4	4	4	2	3	4	3	3	2	3	1	2	1	1	3	1	3	3	3	4	2	2	4	1	4	3	4	4	2	3	2	3	3	3	4	4	1	2	1	2	1	3	4	4	2	3	3	3	3	1	2	2	3	1	2	2	4	4	4	3	2	4	4	4	3	1	2	3	1	4	2	4	2	0	4	1	3	2	2	0	2	1	1	4	3	4	3	1	3	3	2	3	2	4	1	1	1	3	2	1	4	3	1	2	1	0	3
UKSE06-409	UKSE06-409	1	1	1	3	1	4	1	1	4	3	4	3	3	1	2	3	1	2	4	1	2	2	4	1	4	2	1	3	2	3	1	4	2	4	2	3	4	3	1	2	1	3	4	1	3	3	3	3	4	3	4	2	2	4	1	4	3	4	4	1	3	2	3	3	3	4	1	1	2	3	1	1	1	4	1	2	3	1	3	1	3	4	2	1	1	1	2	4	3	4	3	2	2	4	4	3	1	2	3	1	2	2	1	1	4	4	2	3	2	3	4	2	1	3	4	1	3	4	1	1	0	3	3	2	2	3	1	1	3	3	1	2	1	1	2	1	1	1
UKSE06-410	UKSE06-410	1	2	1	3	3	2	1	1	2	3	2	3	1	4	2	3	2	2	4	2	2	4	2	3	4	3	1	1	2	1	3	4	4	4	2	3	4	3	3	2	3	1	2	1	1	3	1	3	3	3	4	2	2	4	1	4	3	4	4	2	3	2	3	3	3	4	4	1	2	1	2	1	3	4	4	2	3	3	3	3	1	2	2	3	1	2	2	4	4	4	3	2	4	4	4	3	1	2	3	1	4	2	4	2	0	4	1	3	2	2	2	2	1	1	4	3	4	3	1	3	3	2	3	2	4	1	1	1	3	2	1	4	3	1	2	1	1	3
UKSE06-411	UKSE06-411	1	1	1	3	3	2	1	4	2	3	2	3	1	1	2	3	1	2	2	1	4	2	4	1	4	2	1	3	2	3	1	4	4	4	4	3	2	3	3	3	3	1	4	3	1	1	3	3	4	3	2	4	1	4	1	4	3	4	4	2	3	2	1	1	3	1	1	1	2	1	2	1	1	4	1	2	1	1	4	1	1	2	2	3	1	2	2	4	4	4	1	2	4	4	2	3	3	4	4	3	4	3	4	2	4	4	1	3	2	2	4	2	1	1	4	3	4	4	3	1	3	3	3	2	4	3	1	1	3	2	1	2	1	3	2	1	1	3
UKSE06-412	UKSE06-412	1	1	1	3	3	2	1	4	2	3	2	3	1	1	2	3	1	2	2	1	4	2	4	1	4	2	1	3	2	3	1	4	4	4	4	3	2	3	3	3	3	1	4	3	1	1	3	3	4	3	2	4	1	4	1	4	3	4	4	2	3	2	1	1	3	1	1	1	2	1	2	1	1	4	1	2	1	1	4	1	1	2	2	3	1	2	2	4	4	0	1	2	4	4	2	3	3	4	4	3	4	3	4	2	4	4	1	3	2	2	4	2	1	1	4	3	4	4	3	1	3	3	3	2	4	3	1	1	3	2	1	2	1	3	2	1	1	3
UKSE06-413	UKSE06-413	1	1	1	4	1	2	1	1	2	2	0	3	1	1	2	4	1	2	2	1	4	2	2	1	4	3	1	1	2	1	1	4	2	4	4	3	4	3	3	2	3	3	2	1	3	3	1	1	3	3	2	4	2	2	1	2	3	4	2	1	3	2	3	1	3	4	1	1	2	3	1	1	3	4	1	2	1	1	3	3	1	2	2	1	1	2	2	4	3	4	1	4	2	4	4	3	1	4	3	3	0	2	1	1	2	1	2	3	4	3	4	2	1	1	4	1	4	4	1	1	3	2	1	0	2	3	3	1	3	3	3	2	1	1	2	1	1	1
UKSE06-414	UKSE06-414	1	1	1	3	3	2	1	4	2	3	2	3	1	1	2	3	1	2	2	1	4	2	4	1	4	2	1	3	2	3	1	4	4	4	4	3	2	3	3	3	3	1	4	3	1	1	3	3	4	3	2	4	1	4	1	4	3	4	4	2	3	2	1	1	3	1	1	1	2	1	2	1	1	4	1	2	1	1	4	1	1	2	2	3	1	2	2	4	4	4	1	2	4	4	2	3	3	4	4	3	4	3	4	2	4	4	1	3	2	2	4	2	1	1	4	3	4	4	3	1	3	3	3	2	4	3	1	1	3	2	1	2	1	3	2	1	1	3
UKSE06-426	UKSE06-426	3	1	1	4	1	2	1	4	4	2	2	3	1	4	4	0	1	0	2	1	2	0	4	0	4	2	4	1	2	3	3	0	0	1	4	3	4	1	1	2	3	0	4	3	3	0	3	0	0	3	4	4	0	0	2	2	3	4	2	1	4	2	1	3	0	4	4	0	0	3	0	4	0	0	0	2	1	1	4	3	3	2	0	3	1	2	1	0	0	3	3	0	4	1	0	2	3	2	3	0	4	2	1	1	2	0	2	3	2	3	0	0	1	1	3	1	0	4	1	1	0	0	3	2	4	3	0	1	0	3	1	4	1	0	0	1	1	1
UKSE06-427	UKSE06-427	1	2	1	3	3	4	3	4	4	2	4	3	3	4	4	4	1	2	2	2	2	2	2	1	4	3	1	1	1	1	3	3	2	1	4	3	4	1	1	2	3	3	2	1	3	3	3	1	3	3	4	4	1	2	1	4	1	2	2	1	3	1	1	1	3	1	4	1	2	1	2	1	1	4	1	2	3	3	4	1	1	2	4	1	3	2	1	4	3	4	3	4	4	1	4	2	1	2	3	3	4	3	4	1	4	4	1	3	2	3	2	4	1	3	4	1	4	4	3	3	3	3	1	2	2	3	1	1	3	3	1	4	3	3	2	3	1	3
UKSE06-428	UKSE06-428	3	2	1	3	3	4	3	4	4	2	4	3	3	4	4	0	1	0	2	1	2	0	4	0	4	2	1	1	2	3	3	0	0	1	4	6	4	6	6	2	3	0	2	1	1	0	3	0	0	3	4	4	0	0	1	2	3	4	2	2	3	1	3	1	0	4	4	0	0	1	0	1	0	0	0	2	3	3	4	1	1	2	0	1	1	1	2	0	0	4	1	0	2	4	0	3	1	4	3	0	4	3	4	1	4	0	1	3	2	3	0	0	1	3	4	1	0	4	3	3	0	0	1	1	2	1	0	1	0	3	3	4	1	0	0	3	1	1
UKSE06-429	UKSE06-429	3	2	1	3	3	2	3	1	2	3	2	3	1	4	2	3	2	2	2	1	4	2	4	3	4	3	1	1	2	1	3	3	4	4	2	3	4	1	1	2	3	1	4	1	1	3	3	3	4	1	4	4	2	2	1	2	3	4	2	2	4	2	1	3	3	4	1	1	2	3	1	4	3	4	4	4	1	1	4	3	1	2	2	3	3	2	2	4	4	0	1	4	4	4	2	2	3	2	10	1	4	2	1	1	4	4	2	3	4	2	2	2	3	1	4	3	4	3	1	1	3	2	1	2	2	3	1	3	3	3	3	2	1	1	2	1	1	1
UKSE06-430	UKSE06-430	3	2	1	4	1	4	3	4	4	2	2	3	1	4	4	3	2	2	4	2	2	2	4	1	2	2	1	3	2	3	3	4	2	1	4	3	4	1	1	2	3	3	2	1	1	3	3	3	3	3	4	4	1	2	2	2	3	4	2	2	4	2	1	3	3	4	1	1	2	3	1	1	3	2	4	2	3	3	4	3	3	4	2	3	1	1	2	4	3	3	3	2	2	1	4	2	3	2	3	3	4	2	1	2	4	4	2	1	4	2	4	2	1	1	3	1	4	4	1	3	3	2	1	2	2	3	3	1	4	3	1	4	1	1	2	3	1	1
UKID85	UKID85	1	2	3	4	3	4	3	4	4	2	9	3	1	1	2	4	1	3	4	2	2	4	4	1	4	2	1	1	2	3	1	3	2	1	2	3	4	1	3	2	3	3	2	1	3	3	1	1	4	1	2	2	2	2	1	4	3	4	4	2	0	1	1	3	3	4	4	1	2	3	1	1	1	4	1	2	0	3	4	1	1	2	2	1	1	0	2	2	4	3	3	4	4	4	4	3	3	4	0	3	0	2	1	1	2	1	2	1	2	2	2	2	3	3	4	3	4	0	3	3	1	3	3	2	2	3	3	1	3	0	1	2	3	3	0	1	4	3
