strain	category	AtMSQTsnp 2	AtMSQTsnp 4	AtMSQTsnp 8	AtMSQTsnp 9	AtMSQTsnp 10	AtMSQTsnp 11	AtMSQTsnp 12	AtMSQTsnp 14	AtMSQTsnp 15	AtMSQTsnp 18	AtMSQTsnp 21	AtMSQTsnp 22	AtMSQTsnp 27	AtMSQTsnp 29	AtMSQTsnp 30	AtMSQTsnp 31	AtMSQTsnp 33	AtMSQTsnp 38	AtMSQTsnp 40	AtMSQTsnp 41	AtMSQTsnp 47	AtMSQTsnp 48	AtMSQTsnp 49	AtMSQTsnp 53	AtMSQTsnp 54	AtMSQTsnp 57	AtMSQTsnp 58	AtMSQTsnp 60	AtMSQTsnp 61	AtMSQTsnp 62	AtMSQTsnp 63	AtMSQTsnp 65	AtMSQTsnp 67	AtMSQTsnp 69	AtMSQTsnp 73	AtMSQTsnp 76	AtMSQTsnp 85	AtMSQTsnp 87	AtMSQTsnp 88	AtMSQTsnp 90	AtMSQTsnp 91	AtMSQTsnp 92	AtMSQTsnp 97	AtMSQTsnp 100	AtMSQTsnp 101	AtMSQTsnp 104	AtMSQTsnp 108	AtMSQTsnp 114	AtMSQTsnp 118	AtMSQTsnp 123	AtMSQTsnp 126	AtMSQTsnp 128	AtMSQTsnp 129	AtMSQTsnp 130	AtMSQTsnp 132	AtMSQTsnp 138	AtMSQTsnp 140	AtMSQTsnp 142	AtMSQTsnp 143	AtMSQTsnp 145	AtMSQTsnp 146	AtMSQTsnp 155	AtMSQTsnp 156	AtMSQTsnp 159	AtMSQTsnp 164	AtMSQTsnp 169	AtMSQTsnp 170	AtMSQTsnp 173	AtMSQTsnp 174	AtMSQTsnp 177	AtMSQTsnp 184	AtMSQTsnp 186	AtMSQTsnp 187	AtMSQTsnp 188	AtMSQTsnp 189	AtMSQTsnp 191	AtMSQTsnp 194	AtMSQTsnp 197	AtMSQTsnp 198	AtMSQTsnp 203	AtMSQTsnp 205	AtMSQTsnp 214	AtMSQTsnp 220	AtMSQTsnp 222	AtMSQTsnp 223	AtMSQTsnp 231	AtMSQTsnp 232	AtMSQTsnp 235	AtMSQTsnp 237	AtMSQTsnp 242	AtMSQTsnp 244	AtMSQTsnp 249	AtMSQTsnp 254	AtMSQTsnp 260	AtMSQTsnp 263	AtMSQTsnp 266	AtMSQTsnp 267	AtMSQTsnp 274	AtMSQTsnp 278	AtMSQTsnp 279	AtMSQTsnp 281	AtMSQTsnp 282	AtMSQTsnp 285	AtMSQTsnp 286	AtMSQTsnp 288	AtMSQTsnp 292	AtMSQTsnp 294	AtMSQTsnp 300	AtMSQTsnp 304	AtMSQTsnp 306	AtMSQTsnp 307	AtMSQTsnp 310	AtMSQTsnp 312	AtMSQTsnp 315	AtMSQTsnp 321	AtMSQTsnp 323	AtMSQTsnp 325	AtMSQTsnp 327	AtMSQTsnp 331	AtMSQTsnp 334	AtMSQTsnp 343	AtMSQTsnp 350	AtMSQTsnp 351	AtMSQTsnp 355	AtMSQTsnp 358	AtMSQTsnp 359	AtMSQTsnp 360	AtMSQTsnp 361	AtMSQTsnp 368	AtMSQTsnp 370	AtMSQTsnp 372	AtMSQTsnp 373	AtMSQTsnp 378	AtMSQTsnp 379	AtMSQTsnp 388	AtMSQTsnp 390	AtMSQTsnp 392	AtMSQTsnp 394	AtMSQTsnp 395	AtMSQTsnp 397	AtMSQTsnp 398	AtMSQTsnp 399	AtMSQTsnp 404	AtMSQTsnp 406	AtMSQTsnp 408	AtMSQTsnp 409	AtMSQTsnp 410	AtMSQTsnp 412	AtMSQTsnp 415
ESÖ-2	ESÖ-2	1	2	3	4	3	4	1	4	2	3	4	1	1	4	4	4	1	2	2	1	2	4	2	3	2	3	4	1	2	3	1	3	4	1	2	1	2	1	3	2	1	1	4	3	3	1	1	1	3	3	2	2	1	2	2	0	1	2	2	1	3	1	3	3	3	4	4	1	2	3	1	1	1	4	4	2	3	0	3	3	3	4	4	0	1	2	1	4	3	3	1	2	2	4	4	2	1	4	3	3	4	3	4	1	4	1	2	1	2	3	4	2	1	3	4	1	4	4	1	1	3	1	0	3	1	2	3	1	1	3	2	1	2	1	3	2	1	4	3
ESÖ-3	ESÖ-3	1	2	3	4	3	4	1	4	2	3	4	1	1	4	4	4	1	2	2	1	2	4	2	3	2	3	4	1	2	3	1	3	4	1	2	1	2	1	3	2	1	1	4	3	3	1	1	1	3	3	2	2	1	2	2	0	1	2	2	1	3	1	3	3	3	4	4	1	2	3	1	1	1	4	4	2	3	0	3	3	3	4	4	1	1	2	1	4	3	0	1	2	2	4	4	2	1	4	3	3	4	3	4	1	4	1	2	1	2	3	4	2	1	3	4	1	4	4	1	1	3	1	0	3	1	2	3	1	1	3	2	1	2	1	3	2	1	4	3
ESÖ-25	ESÖ-25	1	2	1	4	3	4	1	4	4	2	4	3	3	4	2	3	1	3	4	2	4	2	2	3	4	2	1	3	2	1	3	3	2	1	4	3	2	1	1	3	3	3	2	3	1	3	3	3	3	1	2	4	1	2	2	4	1	2	2	2	3	2	3	3	3	1	4	4	2	3	1	4	1	4	4	2	3	3	3	3	3	2	2	1	1	2	2	2	4	4	1	2	2	1	2	2	3	2	3	1	4	2	1	1	2	1	2	1	4	2	2	4	3	3	4	3	4	3	3	3	1	1	2	1	2	2	3	3	1	3	2	1	2	1	3	4	1	1	3
Gårdby-28	Gårdby-28	1	2	1	4	3	4	1	4	4	2	2	1	3	1	2	3	2	3	4	1	2	4	2	3	4	3	1	3	1	3	3	3	2	1	4	3	4	1	3	3	3	3	4	3	3	3	3	3	4	3	2	2	1	2	2	4	3	4	2	2	3	1	1	3	3	4	4	1	2	1	2	4	1	4	4	2	1	3	4	1	1	2	2	1	1	2	1	2	4	4	1	2	4	4	2	2	1	4	3	1	4	2	1	1	4	4	2	3	4	2	2	2	3	3	4	3	3	3	3	1	3	1	2	3	2	2	3	1	1	3	3	1	2	1	1	2	3	1	3
Gårdby-6-165	Gårdby-6-165	1	2	1	4	3	4	1	4	4	2	2	1	3	1	2	3	2	3	4	1	2	4	2	3	4	3	1	3	1	3	3	3	2	1	4	3	4	1	3	3	3	3	4	3	3	3	3	3	4	3	2	2	1	2	2	4	3	4	2	2	3	1	1	3	3	4	4	1	2	1	2	4	1	4	4	2	1	3	4	1	1	2	2	1	1	2	1	2	4	4	1	2	4	4	2	2	1	4	3	1	4	2	1	1	4	4	2	3	4	2	2	2	3	3	4	3	3	3	3	1	3	1	2	3	2	2	3	1	1	3	3	1	2	1	1	2	3	1	3
Gårdby-7-169	Gårdby-7-169	1	2	1	4	3	4	1	4	4	2	2	1	3	1	2	3	2	3	4	1	2	4	2	3	4	3	1	3	1	3	3	3	2	1	4	3	4	1	3	3	3	3	4	3	3	3	3	3	4	3	2	2	1	2	2	4	3	4	2	2	3	1	1	3	3	4	4	1	2	1	2	4	1	4	4	2	1	3	4	1	1	2	2	1	1	2	1	2	4	4	1	2	4	4	2	2	1	4	3	1	4	2	1	1	4	4	2	3	4	2	2	2	3	3	4	3	3	3	3	1	3	1	2	3	2	2	3	1	1	3	3	1	2	1	1	2	3	1	3
Gårdby-8-171	Gårdby-8-171	1	5	1	4	3	4	1	4	9	8	9	6	6	1	2	3	2	3	4	1	2	9	2	3	9	8	7	3	1	6	6	3	9	1	0	6	0	6	3	8	3	3	9	3	3	6	6	3	4	6	2	2	1	2	5	9	6	9	9	2	3	5	0	3	6	4	4	1	9	6	5	4	1	9	7	2	1	3	4	1	1	2	9	1	6	2	1	9	4	10	6	9	4	4	9	8	1	4	4	6	4	8	1	1	4	4	5	6	9	8	0	9	6	3	4	6	10	3	6	1	0	1	8	6	2	2	3	6	1	3	3	1	2	6	1	9	6	7	3
Gårdby-9-174	Gårdby-9-174	1	2	1	4	3	4	1	4	4	2	2	1	3	1	2	3	2	3	4	1	2	4	2	3	4	3	1	3	1	3	3	3	2	1	4	3	4	1	3	3	3	3	4	3	3	3	3	3	4	3	2	2	1	2	2	4	3	4	2	2	3	1	1	3	3	4	4	1	2	1	2	4	1	4	4	2	1	3	4	1	1	2	2	1	1	2	1	2	4	4	1	2	4	4	2	2	1	4	3	1	4	2	1	1	4	4	2	3	4	2	2	2	3	3	4	3	3	3	3	1	3	1	2	3	2	2	3	1	1	3	3	1	2	1	1	2	3	1	3
Gårdby-10-178	Gårdby-10-178	1	2	1	4	3	4	1	4	4	2	2	1	3	1	2	3	2	3	4	1	2	4	2	3	4	3	1	3	1	3	3	3	2	1	4	3	4	1	3	3	3	3	4	3	3	3	3	3	4	3	2	2	1	2	2	4	3	4	2	2	3	1	1	3	3	4	4	1	2	1	2	4	1	4	4	2	1	3	4	1	1	2	2	1	1	2	1	2	4	4	1	2	4	4	2	2	1	4	3	1	4	2	1	1	4	4	2	3	4	2	2	2	3	3	4	3	3	3	3	1	3	1	2	3	2	2	3	1	1	3	3	1	2	1	1	2	3	1	3
Gårdby-11-180	Gårdby-11-180	1	2	1	0	3	4	1	4	4	2	2	1	3	1	2	3	2	3	4	1	2	4	2	3	4	3	1	3	1	3	3	3	2	1	4	3	4	1	3	3	3	3	4	3	3	3	3	3	4	3	2	2	1	2	2	4	3	4	2	2	3	1	1	3	3	4	4	1	2	1	2	4	1	4	4	2	1	3	4	1	1	2	2	1	1	2	1	2	4	4	1	2	4	4	2	2	1	4	3	1	4	2	1	1	4	4	2	3	4	2	0	2	3	3	4	3	3	3	3	1	3	1	2	3	2	2	3	1	1	3	3	1	2	1	1	2	3	1	3
Gårdby-12-184	Gårdby-12-184	1	2	1	4	3	4	1	4	4	2	2	1	3	1	2	3	2	3	4	1	2	4	2	3	4	3	1	3	1	3	3	3	2	1	4	3	4	1	3	3	3	3	4	3	3	3	3	3	4	3	2	2	1	2	2	4	3	4	2	2	3	1	1	3	3	4	4	1	2	1	2	4	1	4	4	2	1	3	4	1	1	2	2	1	1	2	1	2	4	4	1	2	4	4	2	2	1	4	3	1	4	2	1	1	4	4	2	3	4	2	2	2	3	3	4	3	3	3	3	1	3	1	2	3	2	2	3	1	1	3	3	1	2	1	1	2	3	1	3
Gårdby-13-187	Gårdby-13-187	1	2	1	4	3	4	1	4	4	2	2	1	3	1	2	3	2	3	4	1	2	4	2	3	4	3	1	3	1	3	3	3	2	1	4	3	4	1	3	3	3	3	4	3	3	3	3	3	4	3	2	2	1	2	2	4	3	4	2	2	3	1	1	3	3	4	4	1	2	1	2	4	1	4	4	2	1	3	4	1	1	2	2	1	1	2	1	2	4	4	1	2	4	4	2	2	1	4	3	1	4	2	1	1	4	4	2	3	4	2	2	2	3	3	4	3	3	3	3	1	3	1	2	3	2	2	3	1	1	3	3	1	2	1	1	2	3	1	3
Gårdby-14-190	Gårdby-14-190	1	2	1	4	3	4	1	4	4	2	2	1	3	1	2	3	2	3	4	1	2	4	2	3	4	3	1	3	1	3	3	3	2	1	4	3	4	1	3	3	3	3	4	3	3	3	3	3	4	3	2	2	1	2	2	4	3	4	2	2	3	1	1	3	3	4	4	1	2	1	2	4	1	4	4	2	1	3	4	1	1	2	2	1	1	2	1	2	4	4	1	2	4	4	2	2	1	4	3	1	4	2	1	1	4	4	2	3	4	2	2	2	3	3	4	3	3	3	3	1	3	1	2	3	2	2	3	1	1	3	3	1	2	1	1	2	3	1	3
Gårdby-15-193	Gårdby-15-193	1	2	1	4	3	4	1	4	4	2	2	1	3	1	2	3	2	3	4	1	2	4	2	3	4	3	1	3	1	3	3	3	2	1	4	3	4	1	3	3	3	3	4	3	3	3	3	3	4	3	2	2	1	2	2	4	3	4	2	2	3	1	1	3	3	4	4	1	2	1	2	4	1	4	4	2	1	3	4	1	1	2	2	1	1	2	1	2	4	4	1	2	4	4	2	2	1	4	3	1	4	2	1	1	4	4	2	3	4	2	2	2	3	3	4	3	3	3	3	1	3	1	2	3	2	2	3	1	1	3	3	1	2	1	1	2	3	1	3
Gårdby-16-195	Gårdby-16-195	1	2	1	4	3	4	1	4	4	2	2	1	3	1	2	3	2	3	4	1	2	4	2	3	4	3	1	3	1	3	3	3	2	1	4	3	4	1	3	3	3	3	4	3	3	3	3	3	4	3	2	2	1	2	2	4	3	4	2	2	3	1	1	3	3	4	4	1	2	1	2	4	1	4	4	2	1	3	4	1	1	2	2	1	1	2	1	2	4	0	1	2	4	4	2	2	1	4	3	1	4	2	1	1	4	4	2	3	4	2	2	2	3	3	4	3	3	3	3	1	3	1	2	3	2	2	3	1	1	3	3	1	2	1	1	2	3	1	3
Gårdby-17-198	Gårdby-17-198	1	5	1	4	3	4	1	4	9	8	2	6	6	1	2	10	2	3	0	1	2	4	2	3	9	8	1	0	1	3	6	3	9	1	4	3	0	1	3	3	3	3	4	3	3	6	3	3	10	3	9	2	1	2	5	9	6	9	9	2	3	1	0	3	6	4	4	1	2	6	5	4	1	9	7	2	1	3	10	1	1	2	2	1	6	2	5	2	10	4	6	9	9	4	2	8	1	4	3	6	4	8	1	1	4	4	2	6	9	8	2	2	6	3	4	6	10	3	6	6	3	1	0	3	2	2	6	1	6	3	3	1	2	6	1	9	6	7	3
Gårdby-18-201	Gårdby-18-201	1	2	1	4	3	4	1	4	4	2	2	1	3	1	2	3	2	3	4	1	2	4	2	3	4	3	1	3	1	3	3	3	2	1	4	3	4	1	3	3	3	3	4	3	3	3	3	3	4	3	2	2	1	2	2	4	3	4	2	2	3	1	1	3	3	4	4	1	2	1	2	4	1	4	4	2	1	3	4	1	1	2	2	1	1	2	1	2	4	4	1	2	4	4	2	2	1	4	3	1	4	2	1	1	4	4	2	3	4	2	2	2	3	3	4	3	3	3	3	1	3	1	2	3	2	2	3	1	1	3	3	1	2	1	1	2	3	1	3
Gårdby-19-205	Gårdby-19-205	1	2	1	10	3	9	6	4	9	2	2	6	6	1	2	3	2	3	9	5	2	4	2	3	4	8	1	6	5	3	6	3	2	1	0	3	4	6	6	8	3	6	4	3	3	6	3	3	10	6	2	2	5	2	2	9	6	9	9	2	3	5	1	6	3	4	4	0	2	6	2	7	1	9	7	2	0	3	10	6	1	2	2	1	1	0	1	9	10	4	6	2	9	7	9	8	6	4	3	6	4	8	1	5	9	7	5	6	4	2	9	2	3	3	4	6	3	10	6	1	6	1	8	3	2	2	3	6	1	3	3	6	2	6	1	9	6	1	6
Gårdby-20-208	Gårdby-20-208	1	2	1	4	3	4	1	4	4	2	2	1	3	1	2	3	2	0	4	1	2	0	2	3	4	3	1	3	1	3	3	3	2	1	4	3	4	1	3	3	3	3	4	3	3	3	3	3	4	3	2	2	1	2	2	4	3	4	2	2	3	1	1	3	3	4	4	1	2	1	2	4	1	4	4	2	1	3	4	1	1	2	0	1	1	2	1	2	4	0	1	2	4	4	2	2	1	4	3	1	4	2	1	1	4	4	2	3	4	2	2	2	3	3	4	3	3	3	3	1	0	1	0	3	2	2	3	1	1	3	3	1	2	1	1	2	3	1	3
Gårdby-21-211	Gårdby-21-211	1	5	1	4	3	4	1	4	9	8	9	6	6	1	2	3	2	3	4	1	2	9	2	3	9	8	7	3	1	6	6	3	9	1	9	6	0	6	3	8	3	3	9	3	3	6	6	3	4	6	2	2	1	2	5	9	6	9	9	2	3	5	0	3	6	4	4	1	9	6	5	4	1	9	7	2	1	3	4	1	1	2	9	1	6	2	1	9	4	10	6	9	4	4	9	8	1	4	4	6	4	8	1	1	4	4	5	6	9	8	9	9	6	3	4	6	10	3	6	1	6	1	8	6	2	2	3	6	1	3	3	1	2	6	1	9	6	7	3
Gårdby-22-213	Gårdby-22-213	6	2	1	4	6	4	1	4	4	2	9	1	3	7	2	10	1	8	0	1	9	4	9	6	4	8	1	3	1	6	3	10	0	1	9	3	0	6	3	3	6	3	4	6	3	6	3	3	4	3	9	2	5	2	5	4	3	4	2	2	3	5	1	6	3	4	4	1	2	1	2	7	1	4	7	2	6	3	10	6	1	2	2	1	6	2	5	2	10	4	6	2	4	7	9	8	6	4	3	6	4	8	1	1	9	4	2	6	4	8	2	9	6	3	4	3	3	3	6	1	6	1	0	6	2	9	3	1	1	3	0	1	2	1	6	2	6	7	3
Gårdby-23-217	Gårdby-23-217	1	2	1	4	3	4	1	4	4	2	2	1	3	1	2	3	2	3	4	1	2	4	2	3	4	3	1	3	1	3	3	3	2	1	4	3	4	1	3	3	3	3	4	3	3	3	3	3	4	3	2	2	1	2	2	4	3	4	2	2	3	1	1	3	3	4	4	1	2	1	2	4	1	4	4	2	1	3	4	1	1	2	2	1	1	2	1	2	4	0	1	2	4	4	2	2	1	4	3	1	4	2	1	1	4	4	2	3	4	2	2	2	3	3	4	3	3	3	3	1	3	1	2	3	2	2	3	1	1	3	3	1	2	1	1	2	3	1	3
Gårdby-24-220	Gårdby-24-220	1	2	1	0	3	4	1	4	4	2	2	1	3	1	2	3	2	3	4	1	2	4	2	3	4	3	1	3	1	3	3	3	2	1	4	3	4	1	3	3	3	3	4	3	3	3	3	3	4	3	2	2	1	2	2	4	3	4	2	2	3	1	1	3	3	4	4	1	2	1	2	4	1	4	4	2	1	3	4	1	1	2	2	1	1	2	1	2	4	0	1	2	4	4	2	2	1	4	3	1	4	2	1	1	4	4	2	3	4	2	2	2	3	3	4	3	3	3	3	1	3	1	2	3	2	2	3	1	1	3	3	1	2	1	1	2	3	1	3
Gårdby-25-222	Gårdby-25-222	6	5	6	4	3	4	1	4	9	8	2	1	6	1	2	10	1	8	4	1	2	9	9	3	4	8	1	3	1	6	3	10	2	1	0	3	4	6	6	3	3	6	9	3	6	6	6	3	10	6	9	2	1	2	5	4	3	4	9	2	3	5	1	3	3	4	7	1	2	1	2	4	1	4	7	2	1	3	4	1	1	2	9	6	1	2	1	9	4	0	1	9	9	7	9	8	6	9	0	6	9	8	7	0	4	7	2	6	9	8	2	9	3	3	4	6	3	10	6	6	6	1	0	3	2	2	3	6	6	10	3	6	2	6	1	9	6	1	3
Aledal-24	Aledal-24	1	1	1	4	3	2	1	4	2	2	2	1	3	4	2	3	1	3	4	1	2	2	2	1	4	2	1	1	1	1	1	4	4	4	4	3	4	1	3	3	1	3	4	3	3	1	1	3	4	3	2	4	1	4	1	4	1	2	2	2	3	2	3	3	3	4	4	4	2	3	1	4	1	4	4	2	3	1	3	1	1	4	2	3	1	2	2	2	4	3	1	2	2	1	4	2	1	4	3	3	2	2	1	1	2	1	2	1	2	2	2	2	1	3	4	3	3	3	1	3	3	1	3	1	2	2	3	1	1	3	3	1	2	1	1	2	3	1	3
Aledal-25	Aledal-25	1	1	1	4	3	2	1	4	2	2	2	1	3	4	2	3	1	3	4	1	2	2	2	1	4	2	1	1	1	1	1	4	4	4	4	3	4	1	3	3	1	3	4	3	3	1	1	3	4	3	2	4	1	4	1	4	1	2	2	2	3	2	3	3	3	4	4	4	2	3	1	4	1	4	4	2	3	1	3	1	1	4	2	3	1	2	2	2	4	3	1	2	2	1	4	2	1	4	3	3	2	2	1	1	2	1	2	1	2	2	2	2	1	3	4	3	3	3	1	3	3	1	3	1	2	2	3	1	1	3	3	1	2	1	1	2	3	1	3
Aledal-26	Aledal-26	1	1	1	0	3	2	1	4	2	2	2	1	3	4	2	3	1	3	4	1	4	2	2	1	4	2	4	3	1	3	3	3	2	1	2	3	4	3	3	3	1	1	2	3	3	1	1	3	4	3	2	4	2	2	2	4	1	2	2	2	3	1	1	1	3	4	4	1	2	1	2	4	3	2	4	2	1	3	4	1	1	2	2	1	1	2	2	2	4	4	1	2	2	1	2	2	3	4	3	1	4	3	4	1	2	4	2	1	2	3	2	2	3	3	4	3	3	3	3	3	3	3	3	3	2	2	3	3	3	3	3	1	2	3	1	2	3	1	3
Aledal-31	Aledal-31	1	1	1	4	3	2	1	4	2	2	2	1	3	4	2	3	1	3	4	1	2	2	2	1	4	2	1	1	1	1	1	4	4	4	4	3	4	1	3	3	1	3	4	3	3	1	1	3	4	3	2	4	1	4	1	4	1	2	2	2	3	2	3	3	3	4	4	4	2	3	1	4	1	4	4	2	3	1	3	1	1	4	2	3	1	2	2	2	4	3	1	2	2	1	4	2	1	4	3	3	2	2	1	1	2	1	2	1	2	2	2	2	1	3	4	3	3	3	1	3	3	1	3	1	2	2	3	1	1	3	3	1	2	1	1	2	3	1	3
Aledal-33	Aledal-33	1	1	1	4	3	2	1	4	2	2	2	1	3	4	2	3	1	3	4	1	2	2	2	1	4	2	1	1	1	1	1	4	4	4	4	3	4	1	3	3	1	3	4	3	3	1	1	3	4	3	2	4	1	4	1	4	1	2	2	2	3	2	3	3	3	4	4	4	2	3	1	4	1	4	4	2	3	1	3	1	1	4	2	3	1	2	2	2	4	3	1	2	2	1	4	2	1	4	3	3	2	2	1	1	2	1	2	1	2	2	2	2	1	3	4	3	3	3	1	3	3	1	3	1	2	2	3	1	1	3	3	1	2	1	1	2	3	1	3
Aledal-1-34	Aledal-1-34	1	1	1	0	3	2	6	4	2	2	9	6	3	4	2	10	0	3	9	5	2	9	9	1	4	8	1	0	1	1	1	10	4	7	9	3	4	6	6	3	6	6	4	6	3	6	6	3	10	6	9	9	5	9	5	9	1	2	9	2	3	5	0	6	3	4	4	0	2	3	1	4	1	4	4	2	3	3	3	6	1	9	2	6	1	2	5	9	10	10	6	2	9	1	4	8	6	4	3	3	9	8	1	1	2	7	2	1	9	8	2	9	6	3	4	6	3	10	1	6	6	1	3	6	2	2	3	6	6	3	0	6	2	6	1	2	6	7	3
Aledal-2-36	Aledal-2-36	1	1	1	0	3	2	1	4	2	2	2	1	3	4	2	3	1	3	4	1	2	2	2	1	4	2	1	1	1	1	1	4	4	4	4	3	4	1	3	3	1	3	4	3	3	1	1	3	4	3	2	4	1	4	1	4	1	2	2	2	3	2	3	3	3	4	4	4	2	3	1	4	1	4	4	2	3	1	3	1	1	4	2	3	1	2	2	2	4	0	1	2	2	1	4	2	1	4	3	3	2	2	1	1	2	1	2	1	2	2	2	2	1	3	4	3	3	3	1	3	3	1	3	1	2	2	3	1	1	3	3	1	2	1	1	2	3	0	3
Aledal-3-40	Aledal-3-40	1	1	1	4	3	2	1	4	2	2	2	1	3	4	2	3	1	3	4	1	2	2	2	1	4	2	1	1	1	1	1	4	4	4	4	3	4	1	3	3	1	3	4	3	3	1	1	3	4	3	2	4	1	4	1	4	1	2	2	2	3	2	3	3	3	4	4	4	2	3	1	4	1	4	4	2	3	1	3	1	1	4	2	3	1	2	2	2	4	3	1	2	2	1	4	2	1	4	3	3	2	2	1	1	2	1	2	1	2	2	2	2	1	3	4	3	3	3	1	3	3	1	3	1	2	2	3	1	1	3	3	1	2	1	1	2	3	1	3
Aledal-4-43	Aledal-4-43	1	1	1	4	3	2	1	4	2	2	2	1	3	4	2	3	1	3	4	1	2	2	2	1	4	2	1	1	2	1	1	4	4	4	4	3	4	1	3	3	1	3	4	3	1	3	3	3	3	3	2	4	1	4	1	4	1	2	2	2	3	2	3	3	3	4	4	4	2	3	1	4	1	4	4	2	1	1	3	1	1	4	2	3	1	2	2	2	4	3	1	2	2	1	4	2	1	4	3	3	2	2	1	1	2	1	2	1	2	2	2	2	1	3	4	3	3	3	1	3	3	1	3	1	2	2	3	1	1	3	3	1	2	1	1	2	1	4	3
Aledal-5-46	Aledal-5-46	1	1	1	4	3	2	1	4	2	2	2	1	3	4	2	3	1	3	4	1	2	2	2	1	4	2	1	1	2	1	1	4	4	4	4	3	4	1	3	3	1	3	4	3	1	3	3	3	3	3	2	4	1	4	1	4	1	2	2	2	3	2	3	3	3	4	4	4	2	3	1	4	1	4	4	2	1	1	3	1	1	4	2	3	1	2	2	2	4	3	1	2	2	1	4	2	1	4	3	3	2	2	1	1	2	1	2	1	2	2	2	2	1	3	4	3	3	3	1	3	3	1	3	1	2	2	3	1	1	3	3	1	2	1	1	2	1	4	3
Aledal-6-49	Aledal-6-49	1	1	1	4	3	2	1	4	2	2	2	1	3	4	2	3	1	3	4	1	2	2	2	1	4	2	1	1	2	1	1	4	4	4	4	3	4	1	3	3	1	3	4	3	1	3	3	3	3	3	2	4	1	4	1	4	1	2	2	2	3	2	3	3	3	4	4	4	2	3	1	4	1	4	4	2	1	1	3	1	1	4	2	3	1	2	2	2	4	3	1	2	2	1	4	2	1	4	3	3	2	2	1	1	2	1	2	1	2	2	2	2	1	3	4	3	3	3	1	3	3	1	3	1	2	2	3	1	1	3	3	1	2	1	1	2	1	4	3
Aledal-7-51	Aledal-7-51	1	1	1	4	3	2	1	4	2	2	2	1	3	4	2	3	1	3	4	1	2	2	2	1	4	2	1	1	2	1	1	4	4	4	4	3	4	1	3	3	1	3	4	3	1	3	3	3	3	3	2	4	1	4	1	4	1	2	2	2	3	2	3	3	3	4	4	4	2	3	1	4	1	4	4	2	1	1	3	1	1	4	2	3	1	2	2	2	4	0	1	2	2	1	4	2	1	4	3	3	2	2	1	1	2	1	2	1	2	2	2	2	1	3	4	3	3	3	1	3	3	1	3	1	2	2	3	1	1	3	3	1	2	1	1	2	1	4	3
Aledal-8-55	Aledal-8-55	6	5	1	4	6	9	1	4	9	2	9	1	3	4	2	10	1	8	9	1	9	9	9	1	4	2	1	1	1	1	6	4	4	7	0	3	0	6	3	3	1	3	4	6	3	1	6	3	4	3	9	9	5	9	1	4	0	9	2	2	3	2	0	6	3	4	4	0	2	6	5	7	1	4	7	2	3	1	3	6	1	9	2	6	6	2	2	2	10	10	6	2	9	1	4	8	6	4	3	3	9	8	1	1	2	7	2	1	9	8	2	9	1	3	4	3	3	3	1	6	6	1	3	1	2	9	3	1	1	3	0	1	2	1	6	2	6	7	3
Aledal-9-58	Aledal-9-58	6	5	1	4	6	9	1	4	9	2	9	1	3	4	2	10	1	8	0	1	4	9	9	1	4	2	7	0	1	6	3	10	9	1	2	3	2	3	3	3	1	6	9	6	3	1	6	3	4	3	9	9	2	2	5	4	0	9	2	2	3	5	1	1	3	4	4	1	2	1	2	7	6	9	7	2	6	3	10	6	1	2	2	1	6	2	2	2	10	4	6	2	9	1	9	8	3	4	3	6	4	3	7	1	2	4	2	1	9	3	2	9	6	3	4	3	3	3	6	6	6	3	3	6	2	9	3	6	6	3	0	1	2	6	6	2	6	7	3
Aledal-10-60	Aledal-10-60	1	1	1	4	3	2	1	4	2	2	2	1	3	4	2	3	1	3	4	1	2	2	2	1	4	2	1	1	1	1	1	4	4	4	4	3	4	1	3	3	1	3	4	3	3	1	1	3	4	3	2	4	1	4	1	4	1	2	2	2	3	2	3	3	3	4	4	4	2	3	1	4	1	4	4	2	3	1	3	1	1	4	2	3	1	2	2	2	4	0	1	2	2	1	4	2	1	4	3	3	2	2	1	1	2	1	2	1	2	2	2	2	1	3	4	3	3	3	1	3	3	1	3	1	2	2	3	1	1	3	3	1	2	1	1	2	3	0	3
Aledal-11-63	Aledal-11-63	1	1	1	4	3	2	1	4	2	2	2	1	3	4	2	3	1	3	4	1	2	2	2	1	4	2	1	1	1	1	1	4	4	4	4	3	4	1	3	3	1	3	4	3	3	1	1	3	4	3	2	4	1	4	1	4	1	2	2	2	3	2	3	3	3	4	4	4	2	3	1	4	1	4	4	2	1	3	4	1	1	4	2	3	1	2	2	2	4	3	1	2	2	1	4	2	1	4	3	1	4	3	4	1	2	4	2	1	2	2	2	2	1	3	4	3	3	3	1	3	3	1	3	1	2	2	3	1	1	3	3	1	2	1	1	2	3	1	3
Aledal-12-66	Aledal-12-66	1	1	1	4	3	2	1	4	2	2	2	1	3	4	2	3	1	3	4	1	2	2	2	1	4	2	1	1	1	1	1	4	4	4	4	3	4	1	3	3	1	3	4	3	3	1	1	3	4	3	2	4	1	4	1	4	1	2	2	2	3	2	3	3	3	4	4	4	2	3	1	4	1	4	4	2	3	1	3	1	1	4	2	3	1	2	2	2	4	3	1	2	2	1	4	2	1	4	3	3	2	2	1	1	2	1	2	1	2	2	2	2	1	3	4	3	3	3	1	3	3	1	3	1	2	2	3	1	1	3	3	1	2	1	1	2	3	1	3
Aledal-13-70	Aledal-13-70	1	1	1	0	6	9	1	4	2	2	9	6	6	7	2	10	0	8	9	1	2	9	2	6	4	2	7	1	1	6	6	10	4	7	4	3	2	1	3	8	6	6	4	3	3	6	6	3	10	3	2	9	1	9	1	4	1	2	9	5	3	2	3	3	3	4	4	7	9	3	1	4	1	9	7	2	6	1	3	1	1	4	9	6	6	2	2	9	4	10	6	9	2	1	9	8	6	4	3	6	9	8	1	1	9	7	2	1	2	8	2	9	1	3	4	3	10	10	1	6	3	1	3	1	5	2	6	1	6	10	3	1	9	6	1	9	6	0	3
Aledal-14-73	Aledal-14-73	1	1	1	4	3	2	1	4	2	2	2	1	3	4	2	3	1	3	4	1	2	2	2	1	4	2	1	1	1	1	1	4	4	4	4	3	4	1	3	3	1	3	4	3	3	1	1	3	4	3	2	4	1	4	1	4	1	2	2	2	3	2	3	3	3	4	4	4	2	3	1	4	1	4	4	2	3	1	3	1	1	4	2	3	1	2	2	2	4	3	1	2	2	1	4	2	1	4	3	3	2	2	1	1	2	1	2	1	2	2	2	2	1	3	4	3	3	3	1	3	3	1	3	1	2	2	3	1	1	3	3	1	2	1	1	2	3	1	3
Aledal-15-75	Aledal-15-75	1	1	1	4	3	2	1	4	2	2	2	1	3	4	2	3	1	3	4	1	2	2	2	1	4	2	1	1	1	1	1	4	4	4	4	3	4	1	3	3	1	3	4	3	3	1	1	3	4	3	2	4	1	4	1	4	1	2	2	2	3	2	3	3	3	4	4	4	2	3	1	4	1	4	4	2	3	1	3	1	1	4	2	3	1	2	2	2	4	3	1	2	2	1	4	2	1	4	3	3	2	2	1	1	2	1	2	1	2	2	2	2	1	3	4	3	3	3	1	3	3	1	3	1	2	2	3	1	1	3	3	1	2	1	1	2	3	1	3
Aledal-16-78	Aledal-16-78	1	1	1	4	3	2	1	4	2	2	2	1	3	4	2	3	1	3	4	1	2	2	2	1	4	2	1	1	1	1	1	4	4	4	4	3	4	1	3	3	1	3	4	3	3	1	1	3	4	3	2	4	1	4	1	4	1	2	2	2	3	2	3	3	3	4	4	4	2	3	1	4	1	4	4	2	3	1	3	1	1	4	2	3	1	2	2	2	4	3	1	2	2	1	4	2	1	4	3	3	2	2	1	1	2	1	2	1	2	2	2	2	1	3	4	3	3	3	1	3	3	1	3	1	2	2	3	1	1	3	3	1	2	1	1	2	3	1	3
Aledal-17-82	Aledal-17-82	1	1	1	4	3	2	1	4	2	2	2	1	3	4	2	3	1	3	4	1	2	2	2	1	4	2	1	1	1	1	1	4	4	4	4	3	4	1	3	3	1	3	4	3	3	1	1	3	4	3	2	4	1	4	1	4	1	2	2	2	3	2	3	3	3	4	4	4	2	3	1	4	1	4	4	2	3	1	3	1	1	4	2	3	1	2	2	2	4	3	1	2	2	1	4	2	1	4	3	3	2	2	4	1	2	4	2	1	4	2	2	2	1	3	4	3	3	3	1	3	3	1	3	1	2	2	3	1	1	3	3	1	2	1	1	2	3	1	3
Aledal-19-84	Aledal-19-84	1	1	1	4	3	2	1	4	2	2	2	1	3	4	2	3	1	3	4	1	2	2	2	1	4	2	1	1	1	1	1	4	4	4	4	3	4	1	3	3	1	3	4	3	3	1	1	3	4	3	2	4	1	4	1	4	1	2	2	2	3	2	3	3	3	4	4	4	2	3	1	4	1	4	4	2	3	1	3	1	1	4	2	3	1	2	2	2	4	0	1	2	2	1	4	2	1	4	3	3	2	2	1	1	2	1	2	1	2	2	2	2	1	3	4	3	3	3	1	3	3	1	3	1	2	2	3	1	1	3	3	1	2	1	1	2	3	0	3
