strain	category	AtMSQTsnp 2	AtMSQTsnp 4	AtMSQTsnp 8	AtMSQTsnp 9	AtMSQTsnp 10	AtMSQTsnp 11	AtMSQTsnp 12	AtMSQTsnp 14	AtMSQTsnp 15	AtMSQTsnp 18	AtMSQTsnp 21	AtMSQTsnp 22	AtMSQTsnp 27	AtMSQTsnp 29	AtMSQTsnp 30	AtMSQTsnp 31	AtMSQTsnp 33	AtMSQTsnp 38	AtMSQTsnp 40	AtMSQTsnp 41	AtMSQTsnp 47	AtMSQTsnp 48	AtMSQTsnp 49	AtMSQTsnp 53	AtMSQTsnp 54	AtMSQTsnp 57	AtMSQTsnp 58	AtMSQTsnp 60	AtMSQTsnp 61	AtMSQTsnp 62	AtMSQTsnp 63	AtMSQTsnp 65	AtMSQTsnp 67	AtMSQTsnp 69	AtMSQTsnp 73	AtMSQTsnp 76	AtMSQTsnp 85	AtMSQTsnp 87	AtMSQTsnp 88	AtMSQTsnp 90	AtMSQTsnp 91	AtMSQTsnp 92	AtMSQTsnp 97	AtMSQTsnp 100	AtMSQTsnp 101	AtMSQTsnp 104	AtMSQTsnp 108	AtMSQTsnp 114	AtMSQTsnp 118	AtMSQTsnp 123	AtMSQTsnp 126	AtMSQTsnp 128	AtMSQTsnp 129	AtMSQTsnp 130	AtMSQTsnp 132	AtMSQTsnp 138	AtMSQTsnp 140	AtMSQTsnp 142	AtMSQTsnp 143	AtMSQTsnp 145	AtMSQTsnp 146	AtMSQTsnp 155	AtMSQTsnp 156	AtMSQTsnp 159	AtMSQTsnp 164	AtMSQTsnp 169	AtMSQTsnp 170	AtMSQTsnp 173	AtMSQTsnp 174	AtMSQTsnp 177	AtMSQTsnp 184	AtMSQTsnp 186	AtMSQTsnp 187	AtMSQTsnp 188	AtMSQTsnp 189	AtMSQTsnp 191	AtMSQTsnp 194	AtMSQTsnp 197	AtMSQTsnp 198	AtMSQTsnp 203	AtMSQTsnp 205	AtMSQTsnp 214	AtMSQTsnp 220	AtMSQTsnp 222	AtMSQTsnp 223	AtMSQTsnp 231	AtMSQTsnp 232	AtMSQTsnp 235	AtMSQTsnp 237	AtMSQTsnp 242	AtMSQTsnp 244	AtMSQTsnp 249	AtMSQTsnp 254	AtMSQTsnp 260	AtMSQTsnp 263	AtMSQTsnp 266	AtMSQTsnp 267	AtMSQTsnp 274	AtMSQTsnp 278	AtMSQTsnp 279	AtMSQTsnp 281	AtMSQTsnp 282	AtMSQTsnp 285	AtMSQTsnp 286	AtMSQTsnp 288	AtMSQTsnp 292	AtMSQTsnp 294	AtMSQTsnp 300	AtMSQTsnp 304	AtMSQTsnp 306	AtMSQTsnp 307	AtMSQTsnp 310	AtMSQTsnp 312	AtMSQTsnp 315	AtMSQTsnp 321	AtMSQTsnp 323	AtMSQTsnp 325	AtMSQTsnp 327	AtMSQTsnp 331	AtMSQTsnp 334	AtMSQTsnp 343	AtMSQTsnp 350	AtMSQTsnp 351	AtMSQTsnp 355	AtMSQTsnp 358	AtMSQTsnp 359	AtMSQTsnp 360	AtMSQTsnp 361	AtMSQTsnp 368	AtMSQTsnp 370	AtMSQTsnp 372	AtMSQTsnp 373	AtMSQTsnp 378	AtMSQTsnp 379	AtMSQTsnp 388	AtMSQTsnp 390	AtMSQTsnp 392	AtMSQTsnp 394	AtMSQTsnp 395	AtMSQTsnp 397	AtMSQTsnp 398	AtMSQTsnp 399	AtMSQTsnp 404	AtMSQTsnp 406	AtMSQTsnp 408	AtMSQTsnp 409	AtMSQTsnp 410	AtMSQTsnp 412	AtMSQTsnp 415
LI-WP-010	WP10	3	2	1	3	1	2	1	1	2	2	4	1	1	4	2	3	1	2	4	2	2	4	4	1	4	3	1	3	2	1	3	4	4	1	4	3	4	1	3	2	3	1	4	1	1	3	1	1	3	3	2	4	2	1	4	1	4	3	4	2	1	3	2	3	3	1	4	1	4	2	1	1	4	1	4	4	2	1	1	4	3	3	1	4	2	3	1	1	1	4	3	0	1	4	4	4	2	3	1	2	4	3	0	2	1	2	4	1	3	4	3	4	4	1	3	3	3	4	4	3	1	3	0	3	2	1	1	2	3	3	3	3	3	3	4	1	1	2	3	1	1
LI-WP-012	WP12	3	2	1	3	1	2	1	1	2	2	4	1	1	4	2	3	1	2	4	2	2	4	4	1	4	3	1	3	2	1	3	4	4	1	4	3	4	1	3	2	3	1	4	1	1	3	1	1	3	3	2	4	2	1	4	1	4	3	4	2	1	3	2	3	3	1	4	1	4	2	1	1	4	1	4	4	2	1	1	4	3	3	1	4	2	3	1	1	1	4	3	3	1	4	4	4	2	3	1	2	4	3	4	2	1	2	4	1	3	4	3	4	4	1	3	3	3	4	4	3	1	3	1	3	2	1	1	2	3	3	3	3	3	3	4	1	1	2	3	1	1
LI-WP-016	WP16	3	2	1	3	1	2	1	1	2	2	4	1	1	4	2	3	1	2	4	2	2	4	4	1	4	3	1	3	2	1	3	4	4	1	4	3	4	1	3	2	3	1	4	1	1	3	1	1	3	3	2	4	2	1	4	1	4	3	4	2	1	3	2	3	3	1	4	1	4	2	1	1	4	1	4	4	2	1	1	4	3	3	1	4	2	3	1	1	1	4	3	3	1	4	4	4	2	3	1	2	4	3	0	2	1	2	4	1	3	4	3	4	4	1	3	3	3	4	4	3	1	3	1	3	2	1	1	2	3	3	3	3	3	3	4	1	1	2	3	1	1
LI-WP-018	WP18	3	2	1	3	1	2	1	1	2	2	4	1	1	4	2	3	1	2	4	2	2	4	4	1	4	3	1	3	2	1	3	4	4	1	4	3	4	1	3	2	3	1	4	1	1	3	1	1	3	3	2	4	2	1	4	1	4	3	4	2	1	3	2	3	3	1	4	1	4	2	1	1	4	1	4	4	2	1	1	4	3	3	1	4	2	3	1	1	1	4	3	3	1	4	4	4	2	3	1	2	4	3	4	2	1	2	4	1	3	4	3	4	4	1	3	3	3	4	4	3	1	3	1	3	2	1	1	2	3	3	3	3	3	3	4	1	1	2	3	1	1
LI-WP-020	WP20	3	2	1	3	1	2	1	1	2	2	4	1	1	4	2	3	1	2	4	2	2	4	4	1	4	3	1	3	2	1	3	4	4	1	4	3	4	1	3	2	3	1	4	1	1	3	1	1	3	3	2	4	2	1	4	1	4	3	4	2	1	3	2	3	3	1	4	1	4	2	1	1	4	1	4	4	2	1	1	4	3	3	1	4	2	3	1	1	1	4	3	3	1	4	4	4	2	3	1	2	4	3	4	2	1	2	4	1	3	4	3	4	4	1	3	3	3	4	4	3	1	3	1	3	2	1	1	2	3	3	3	3	3	3	4	1	1	2	3	1	1
LI-WP-022	WP22	3	2	1	3	1	2	1	1	2	2	4	1	1	4	2	3	1	2	4	2	2	4	4	1	4	3	1	3	2	1	3	4	4	1	4	3	4	1	3	2	3	1	4	1	1	3	1	1	3	3	2	4	2	1	4	1	4	3	4	2	1	3	2	3	3	1	4	1	4	2	1	1	4	1	4	4	2	1	1	4	3	3	1	4	2	3	1	1	1	4	3	3	1	4	4	4	2	3	1	2	4	3	4	2	1	2	4	1	3	4	3	4	4	1	3	3	3	4	4	3	1	3	1	3	2	1	1	2	3	3	3	3	3	3	4	1	1	2	3	1	1
LI-WP-024	WP24	3	2	1	3	1	2	1	1	2	2	4	1	1	4	2	3	1	2	4	2	2	4	4	1	4	3	1	3	2	1	3	4	4	1	4	3	4	1	3	2	3	1	4	1	1	3	1	1	3	3	2	4	2	1	4	1	4	3	4	2	1	3	2	3	3	1	4	1	4	2	1	1	4	1	4	4	2	1	1	4	3	3	1	4	2	3	1	1	1	4	3	3	1	4	4	4	2	3	1	2	4	3	4	2	1	2	4	1	3	4	3	4	4	1	3	3	3	4	4	3	1	3	1	3	2	1	1	2	3	3	3	3	3	3	4	1	1	2	3	1	1
LI-WP-027	WP27	3	2	1	3	1	2	1	1	2	2	4	1	1	4	2	3	1	2	4	2	2	4	4	1	4	3	1	3	2	1	3	4	4	1	4	3	4	1	3	2	3	1	4	1	1	3	1	1	3	3	2	4	9	1	4	1	4	3	4	2	1	3	2	3	3	1	4	1	4	2	1	1	4	1	4	4	2	1	1	4	3	3	1	4	2	3	1	1	1	4	3	3	1	4	4	4	2	3	1	2	4	3	4	2	1	2	4	1	3	4	3	4	4	1	3	3	3	4	4	3	1	3	1	3	2	1	1	2	3	3	3	3	3	3	4	1	1	2	3	1	1
LI-WP-028	WP28	3	2	1	3	1	2	1	1	2	2	4	1	1	4	2	3	1	2	4	2	2	4	4	1	4	3	1	3	2	1	3	4	4	1	4	3	4	1	3	2	3	1	4	1	1	3	1	1	3	3	2	4	2	1	4	1	4	3	4	2	1	3	2	3	3	1	4	1	4	2	1	1	4	1	4	4	2	1	1	4	3	3	1	4	2	3	1	1	1	4	3	3	1	4	4	4	2	3	1	2	4	3	0	2	1	2	4	1	3	4	3	4	4	1	3	3	3	4	4	3	1	3	1	3	2	1	1	2	3	3	3	3	3	3	4	1	1	2	3	1	1
LI-WP-030	WP30	3	2	1	3	1	2	1	1	2	2	4	1	1	4	2	3	1	2	4	2	2	4	4	1	4	3	1	3	2	1	3	4	4	1	4	3	4	1	3	2	3	1	4	1	1	3	1	1	3	3	2	4	2	1	4	1	4	3	4	2	1	3	2	3	3	1	4	1	4	2	1	1	4	1	4	4	2	1	1	4	3	3	1	4	2	3	1	1	1	4	3	0	1	4	4	4	2	3	1	2	4	3	4	2	1	2	4	1	3	4	3	4	4	1	3	3	3	4	4	3	1	3	1	3	2	1	1	2	3	3	3	3	3	3	4	1	1	2	3	1	1
LI-WP-036	WP36	3	2	1	3	1	2	1	1	2	2	4	1	1	4	2	3	1	2	4	2	2	4	4	1	4	3	1	3	2	1	3	4	4	1	4	3	4	1	3	2	3	1	4	1	1	3	1	1	3	3	2	4	2	1	4	1	4	3	4	2	1	3	2	3	3	1	4	1	4	2	1	1	4	1	4	4	2	1	1	4	3	3	1	4	2	3	1	1	1	4	3	3	1	4	4	4	2	3	1	2	4	3	0	2	1	2	4	1	3	4	3	4	4	1	3	3	3	4	4	3	1	3	1	3	2	1	1	2	3	3	3	3	3	3	4	1	1	2	3	1	1
LI-WP-039	WP39	3	2	1	3	1	2	1	1	2	2	4	1	1	4	2	3	1	2	4	2	2	4	4	1	4	3	1	3	2	1	3	4	4	1	4	3	4	1	3	2	3	1	4	1	1	3	1	1	3	3	2	4	2	1	4	1	4	3	4	2	1	3	2	3	3	1	4	1	4	2	1	1	4	1	4	4	2	1	1	4	3	3	1	4	2	3	1	1	1	4	3	3	1	4	4	4	2	3	1	2	4	3	4	2	1	2	4	1	3	4	3	4	4	1	3	3	3	4	4	3	1	3	0	3	2	1	1	2	3	3	3	3	3	3	4	1	1	2	3	1	1
LI-WP-040	WP40	3	2	1	3	1	2	1	1	2	2	4	1	1	4	2	3	1	2	4	2	2	4	4	1	4	3	1	3	2	1	3	4	4	1	4	3	4	1	3	2	3	1	4	1	1	3	1	1	3	3	2	4	2	1	4	1	4	3	4	2	1	3	2	3	3	1	4	1	4	2	1	1	4	1	4	4	2	1	1	4	3	3	1	4	2	3	1	1	1	4	3	3	1	4	4	4	2	3	1	2	4	3	4	2	1	2	4	1	3	4	3	4	4	1	3	3	3	4	4	3	1	3	1	3	2	1	1	2	3	3	3	3	3	3	4	1	1	2	3	1	1
LI-WP-041	WP41	3	2	1	3	1	2	1	1	2	2	4	1	1	4	2	3	1	2	4	2	2	4	4	1	4	3	1	3	2	1	3	4	4	1	4	3	4	1	3	2	3	1	4	1	1	3	1	1	3	3	2	4	2	1	4	1	4	3	4	2	1	3	2	3	3	1	4	1	4	2	1	1	4	1	4	4	2	1	1	4	3	3	1	4	2	3	1	1	1	4	3	3	1	4	4	4	2	3	1	2	4	3	4	2	1	2	4	1	3	4	3	4	4	1	3	3	3	4	4	3	1	3	1	3	2	1	1	2	3	3	3	3	3	3	4	1	1	2	3	1	1
LI-WP-044	WP44	3	2	1	3	1	2	1	1	2	2	4	1	1	4	2	3	1	2	4	2	2	4	4	1	4	3	1	3	2	1	3	4	4	1	4	3	4	1	3	2	3	1	4	1	1	3	1	1	3	3	2	4	2	1	4	1	4	3	4	2	1	3	2	3	3	1	4	1	4	2	1	1	4	1	4	4	2	1	1	4	3	3	1	4	2	3	1	1	1	4	3	3	1	4	4	4	2	3	1	2	4	3	4	2	1	2	4	1	3	4	3	4	4	1	3	3	3	4	4	3	1	3	1	3	2	1	1	2	3	3	3	3	3	3	4	1	1	2	3	1	1
LI-WP-045	WP45	3	2	1	3	1	2	1	1	2	2	4	1	1	4	2	3	1	2	4	2	2	4	4	1	4	3	1	3	2	1	3	4	4	1	4	3	4	1	3	2	3	1	4	1	1	3	1	1	3	3	2	4	2	1	4	1	4	3	4	2	1	3	2	3	3	1	4	1	4	2	1	1	4	1	4	4	2	1	1	4	3	3	1	4	2	3	1	1	1	4	3	0	1	4	4	4	2	3	1	2	4	3	4	2	1	2	4	1	3	4	3	4	4	1	3	3	3	4	4	3	1	3	0	3	2	1	1	2	3	3	3	3	3	3	4	1	1	2	3	0	1
LI-WP-046	WP46	3	2	1	3	1	2	1	1	2	2	4	1	1	4	2	3	1	2	4	2	2	4	4	1	4	3	1	3	2	1	3	4	4	1	4	3	4	1	3	2	3	1	4	1	1	3	1	1	3	3	2	4	2	1	4	1	4	3	4	2	1	3	2	3	3	1	4	1	4	2	1	1	4	1	4	4	2	1	1	4	3	3	1	4	2	3	1	1	1	4	3	3	1	4	4	4	2	3	1	2	4	3	4	2	1	2	4	1	3	4	3	4	4	1	3	3	3	4	4	3	1	3	0	3	2	1	1	2	3	3	3	3	3	3	4	1	1	2	3	1	1
LI-WP-047	WP47	3	2	1	3	1	2	1	1	2	2	4	1	1	4	2	3	1	2	4	2	2	4	4	1	4	3	1	3	2	1	3	4	4	1	4	3	4	1	3	2	3	1	4	1	1	3	1	1	3	3	2	4	2	1	4	1	4	3	4	2	1	3	2	3	3	1	4	1	4	2	1	1	4	1	4	4	2	1	1	4	3	3	1	4	2	3	1	1	1	4	3	3	1	4	4	4	2	3	1	2	4	3	4	2	1	2	4	1	3	4	3	4	4	1	3	3	3	4	4	3	1	3	1	3	2	1	1	2	3	3	3	3	3	3	4	1	1	2	3	1	1
LI-WP-049	WP49	3	2	1	3	1	2	1	1	2	2	4	1	1	4	2	3	1	2	4	2	2	4	4	1	0	3	1	3	2	1	3	4	4	1	4	3	4	1	3	2	3	1	4	1	1	3	0	1	3	3	2	0	2	1	4	1	4	3	4	2	1	3	2	3	3	1	4	1	4	2	1	1	4	1	4	4	2	1	0	4	3	3	1	4	2	3	1	1	1	4	3	3	1	4	4	4	2	3	1	2	4	3	9	2	1	2	4	1	3	4	3	4	4	0	3	3	3	4	4	3	1	3	1	3	2	1	1	2	3	3	3	3	3	3	9	1	1	2	3	0	0
LI-WP-051	WP51	3	2	1	3	1	2	1	1	2	2	4	1	1	4	2	3	1	2	4	2	2	4	4	1	4	3	1	3	2	1	3	4	4	1	4	3	4	1	3	2	3	1	4	1	1	3	1	1	3	3	2	4	2	1	4	1	4	3	4	2	1	3	2	3	3	1	4	1	4	2	1	1	4	1	4	4	2	1	1	4	3	3	1	4	2	3	1	1	1	4	3	3	1	4	4	4	2	3	1	2	4	3	4	2	1	2	4	1	3	4	3	4	4	1	3	3	3	4	4	3	1	3	1	3	2	1	1	2	3	3	3	3	3	3	4	1	1	2	3	1	1
LI-WP-054	WP54	3	2	1	3	1	2	1	1	2	2	4	1	1	4	2	3	1	2	4	2	2	4	4	1	4	3	1	3	2	1	3	4	4	1	4	3	4	1	3	2	3	1	4	1	1	3	1	1	3	3	2	4	2	1	4	1	4	3	4	2	1	3	2	3	3	1	4	1	4	2	1	1	4	1	4	4	2	1	1	4	3	3	1	4	2	3	1	1	1	4	3	3	1	4	4	4	2	3	1	2	4	3	4	2	1	2	4	1	3	4	3	4	4	1	3	3	3	4	4	3	1	3	1	3	2	1	1	2	3	3	3	3	3	3	4	1	1	2	3	1	1
LI-WP-062	WP62	3	2	1	3	1	2	1	1	2	2	4	1	1	4	2	3	1	2	4	2	2	4	4	1	4	3	1	3	2	1	3	4	4	1	4	3	4	1	3	2	3	1	4	1	1	3	1	1	3	3	2	4	2	1	4	1	4	3	4	2	1	3	2	3	3	1	4	1	4	2	1	1	4	1	4	4	2	1	1	4	3	3	1	4	2	3	1	1	1	4	3	3	1	4	4	4	2	3	1	2	4	3	4	2	1	2	4	1	3	4	3	4	4	1	3	3	3	4	4	3	1	3	1	3	2	1	1	2	3	3	3	3	3	3	4	1	1	2	3	1	1
LI-WP-063	WP63	3	2	1	3	1	2	1	1	2	2	4	1	1	4	2	3	1	2	4	2	2	4	4	1	4	3	1	3	2	1	3	4	4	1	4	3	4	1	3	2	3	1	4	1	1	3	1	1	3	3	2	4	2	1	4	1	4	3	4	2	1	3	2	3	3	1	4	1	4	2	1	1	4	1	4	4	2	1	1	4	3	3	1	4	2	3	1	1	1	4	3	3	1	4	4	4	2	3	1	2	4	3	4	2	1	2	4	1	3	4	3	4	4	1	3	3	3	4	4	3	1	3	1	3	2	1	1	2	3	3	3	3	3	3	4	1	1	2	3	1	1
LI-WP-064	WP64	3	2	1	3	1	2	1	1	2	2	4	1	1	4	2	3	1	2	4	2	2	4	4	1	4	3	1	3	2	1	3	4	4	1	4	3	4	1	3	2	3	1	4	1	1	3	1	1	3	3	2	4	2	1	4	1	4	3	4	2	1	3	2	3	3	1	4	1	4	2	1	1	4	1	4	4	2	1	1	4	3	3	1	4	2	3	1	1	1	4	3	3	1	4	4	4	2	3	1	2	4	3	4	2	1	2	4	1	3	4	3	4	4	1	3	3	3	4	4	3	1	3	1	3	2	1	1	2	3	3	3	3	3	3	4	1	1	2	3	1	1
LI-WP-065	WP65	3	2	1	3	1	2	1	1	2	2	4	1	1	4	2	3	1	2	4	2	2	4	4	1	4	3	1	3	2	1	3	4	4	1	4	3	4	1	3	2	3	1	4	1	1	3	1	1	3	3	2	4	2	1	4	1	4	3	4	2	1	3	2	3	3	1	4	1	4	2	1	1	4	1	4	4	2	1	1	4	3	3	1	4	2	3	1	1	1	4	3	3	1	4	4	4	2	3	1	2	4	3	4	2	1	2	4	1	3	4	3	4	4	1	3	3	3	4	4	3	1	3	1	3	2	1	1	2	3	3	3	3	3	3	4	1	1	2	3	1	1
LI-WP-068	WP68	3	2	1	3	1	2	1	1	2	2	4	1	1	4	2	3	1	2	4	2	2	4	4	1	4	3	1	3	2	1	3	4	4	1	4	3	4	1	3	2	3	1	4	1	1	3	1	1	3	3	2	4	2	1	4	1	4	3	4	2	1	3	2	3	3	1	4	1	4	2	1	1	4	1	4	4	2	1	1	4	3	3	1	4	2	3	1	1	1	4	3	3	1	4	4	4	2	3	1	2	4	3	4	2	1	2	4	1	3	4	3	4	4	1	3	3	3	4	4	3	1	3	1	3	2	1	1	2	3	3	3	3	3	3	4	1	1	2	3	1	1
LI-WP-069	WP69	3	2	1	3	1	2	1	1	2	2	4	1	1	4	2	3	1	2	4	2	2	4	4	1	4	3	1	3	2	1	3	4	4	1	4	3	4	1	3	2	3	1	4	1	1	3	1	1	3	3	2	4	2	1	4	1	4	3	4	2	1	3	2	3	3	1	4	1	4	2	1	1	4	1	4	4	2	1	1	4	3	3	1	4	2	3	1	1	1	4	3	3	1	4	4	4	2	3	1	2	4	3	0	2	1	2	4	1	3	4	3	4	4	1	3	3	3	4	4	3	1	3	1	3	2	1	1	2	3	3	3	3	3	3	4	1	1	2	3	1	1
LI-WP-071	WP71	3	2	1	3	1	2	1	1	2	2	4	1	1	4	2	3	1	2	4	2	2	4	4	1	4	3	1	3	2	1	3	4	4	1	4	3	4	1	3	2	3	1	4	1	1	3	1	1	3	3	2	4	2	1	4	1	4	3	4	2	1	3	2	3	3	1	4	1	4	2	1	1	4	1	4	4	2	1	1	4	3	3	1	4	2	3	1	1	1	4	3	3	1	4	4	4	2	3	1	2	4	3	4	2	1	2	4	1	3	4	3	4	4	1	3	3	3	4	4	3	1	3	1	3	2	1	1	2	3	3	3	3	3	3	4	1	1	2	3	1	1
LI-WP-077	WP77	3	2	1	3	1	2	1	1	2	2	4	1	1	4	2	3	1	2	4	2	2	4	4	1	4	3	1	3	2	1	3	4	4	1	4	3	4	1	3	2	3	1	4	1	1	3	1	1	3	3	2	4	2	1	4	1	4	3	4	2	1	3	2	3	3	1	4	1	4	2	1	1	4	1	4	4	2	1	1	4	3	3	1	4	2	3	1	1	1	4	3	3	1	4	4	4	2	3	1	2	4	3	4	2	1	2	4	1	3	4	3	4	4	1	3	3	3	4	4	3	1	3	1	3	2	1	1	2	3	3	3	3	3	3	4	1	1	2	3	1	1
LI-WP-082	WP82	3	2	1	3	1	2	1	1	2	2	4	1	1	4	2	3	1	2	4	2	2	4	4	1	4	3	1	3	2	1	3	4	4	1	4	3	4	1	3	2	3	1	4	1	1	3	1	1	3	3	2	4	2	1	4	1	4	3	4	2	1	3	2	3	3	1	4	1	4	2	1	1	4	1	4	4	2	1	1	4	3	3	1	4	2	3	1	1	1	4	3	3	1	4	4	4	2	3	1	2	4	3	4	2	1	2	4	1	3	4	3	4	4	1	3	3	3	4	4	3	1	3	1	3	2	1	1	2	3	3	3	3	3	3	4	1	1	2	3	1	1
LI-WP-083	WP83	3	2	1	3	1	2	1	1	2	2	4	1	1	4	2	3	1	2	4	2	2	4	4	1	4	3	1	3	2	1	3	4	4	1	4	3	4	1	3	2	3	1	4	1	1	3	1	1	3	3	2	4	2	1	4	1	4	3	4	2	1	3	2	3	3	1	4	1	4	2	1	1	4	1	4	4	2	1	1	4	3	3	1	4	2	3	1	1	1	4	3	3	1	4	4	4	2	3	1	2	4	3	4	2	1	2	4	1	3	4	3	4	4	1	3	3	3	4	4	3	1	3	0	3	2	1	1	2	3	3	3	3	3	3	4	1	1	2	3	1	1
LI-WP-084	WP84	3	2	1	3	1	2	1	1	2	2	4	1	1	4	2	3	1	2	4	2	2	4	4	1	4	3	1	3	2	1	3	4	4	1	4	3	4	1	3	2	3	1	4	1	1	3	1	1	3	3	2	4	2	1	4	1	4	3	4	2	1	3	2	3	3	1	4	1	4	2	1	1	4	1	4	4	2	1	1	4	3	3	1	4	2	3	1	1	1	4	3	3	1	4	4	4	2	3	1	2	4	3	4	2	1	2	4	1	3	4	3	4	4	1	3	3	3	4	4	3	1	3	1	3	2	1	1	2	3	3	3	3	3	3	4	1	1	2	3	1	1
LI-WP-088	WP88	3	2	1	3	1	2	1	1	2	2	4	1	1	4	2	3	1	2	4	2	2	4	4	1	4	3	1	3	2	1	3	4	4	1	4	3	4	1	3	2	3	1	4	1	1	3	1	1	3	3	2	4	2	1	4	1	4	3	4	2	1	3	2	3	3	1	4	1	4	2	1	1	4	1	4	4	2	1	1	4	3	3	1	4	2	3	1	1	1	4	3	3	1	4	4	4	2	3	1	2	4	3	4	2	1	2	4	1	3	4	3	4	4	1	3	3	3	4	4	3	1	3	1	3	2	1	1	2	3	3	3	3	3	3	4	1	1	2	3	1	1
LI-WP-090	WP90	3	2	1	3	1	2	1	1	2	2	4	1	1	4	2	3	1	2	4	2	2	4	4	1	4	3	1	3	2	1	3	4	4	1	4	3	4	1	3	2	3	1	4	1	1	3	1	1	3	3	2	4	2	1	4	1	4	3	4	2	1	3	2	3	3	1	4	1	4	2	1	1	4	1	4	4	2	1	1	4	3	3	1	4	2	3	1	1	1	4	3	3	1	4	4	4	2	3	1	2	4	3	4	2	1	2	4	1	3	4	3	4	4	1	3	3	3	4	4	3	1	3	1	3	2	1	1	2	3	3	3	3	3	3	4	1	1	2	3	1	1
LI-WP-094	WP94	0	2	0	3	1	2	1	1	0	2	4	1	1	4	2	3	1	2	4	2	2	4	4	1	2	3	1	0	2	1	3	4	4	1	4	0	0	1	3	2	0	1	4	1	0	3	0	1	3	3	0	2	0	1	4	1	4	3	4	0	1	3	2	3	3	1	4	1	4	2	1	1	4	1	4	4	2	1	0	4	3	0	1	4	2	0	1	0	1	4	3	3	1	4	4	4	2	3	0	2	4	3	2	0	1	0	4	0	3	4	3	4	4	6	3	3	3	4	4	0	1	3	1	3	2	1	0	2	3	3	3	3	3	3	0	1	1	2	3	0	3
LI-WP-096	WP96	3	2	1	3	1	2	1	1	2	2	4	1	1	4	2	3	1	2	4	2	2	4	4	1	4	3	1	3	2	1	3	4	4	1	4	3	4	1	3	2	3	1	4	1	1	3	1	1	3	3	2	4	2	1	4	1	4	3	4	2	1	3	2	3	3	1	4	1	4	2	1	1	4	1	4	4	2	1	1	4	3	3	1	4	2	3	1	1	1	4	3	3	1	4	4	4	2	3	1	2	4	3	4	2	1	2	4	1	3	4	3	4	4	1	3	3	3	4	4	3	1	3	1	3	2	1	1	2	3	3	3	3	3	3	4	1	1	2	3	1	1
LI-YA-001	YA1	1	1	1	4	1	2	3	4	4	2	2	3	1	4	2	4	1	2	2	1	2	4	2	1	4	2	1	1	2	3	1	3	4	4	2	3	2	3	3	3	3	1	4	3	3	1	3	3	3	1	2	4	2	1	4	1	2	3	4	4	2	4	2	1	3	3	4	1	1	2	3	1	1	1	4	1	2	3	3	3	1	3	1	4	2	3	1	2	1	4	3	3	1	4	4	4	4	2	1	2	4	1	4	2	1	2	1	2	1	4	2	4	2	1	1	3	3	4	3	1	3	1	1	3	2	1	1	2	3	3	3	4	3	1	4	1	1	2	1	1	1
LI-YA-022	YA22	1	1	1	0	1	2	3	4	4	2	2	3	1	4	2	4	1	0	2	1	2	0	2	1	4	2	1	1	2	3	1	3	0	4	2	3	2	3	3	3	3	0	4	3	3	0	3	0	3	1	2	4	0	0	0	1	2	3	4	4	2	4	2	1	3	3	4	1	1	2	3	1	1	1	4	1	2	3	3	3	1	3	1	4	0	3	1	2	1	4	3	0	1	4	4	4	4	2	1	2	4	1	4	2	1	2	1	2	1	4	2	4	2	1	1	3	3	4	3	1	3	0	0	0	0	1	1	2	3	3	3	4	3	1	4	1	1	0	1	1	1
LI-YA-031	YA31	1	1	1	4	1	2	3	4	4	2	2	3	1	4	2	4	1	2	2	1	2	4	2	1	4	2	1	1	2	3	1	3	4	4	2	3	2	3	3	3	3	1	4	3	3	1	3	3	3	1	2	4	2	1	4	1	2	3	4	4	2	4	2	1	3	3	4	1	1	2	3	1	1	1	4	1	2	3	3	3	1	3	1	4	2	3	1	2	1	4	3	3	1	4	4	4	4	2	1	2	4	1	4	2	1	2	1	2	1	4	2	4	2	1	1	3	3	4	3	1	3	1	1	0	2	1	1	2	3	3	3	4	3	1	4	1	1	2	1	1	1
LI-YA-046	YA46	1	1	1	0	1	2	3	4	4	2	2	3	1	4	2	4	1	2	2	1	2	4	2	1	4	2	1	1	2	3	1	3	4	4	2	3	2	3	3	3	3	1	4	3	3	1	3	3	3	1	2	4	2	1	4	1	2	3	4	4	2	4	2	1	3	3	4	1	1	2	3	1	1	1	4	1	2	3	3	3	1	3	1	4	2	3	1	2	1	4	3	3	1	4	4	4	4	2	1	2	4	1	4	2	1	2	1	2	1	4	2	4	2	1	1	3	3	4	3	1	3	1	1	3	2	1	1	2	3	3	3	4	3	1	4	1	1	2	1	1	1
LI-YA-047	YA47	1	1	1	4	1	2	3	4	4	2	2	3	1	4	2	4	1	2	2	1	2	4	2	1	4	2	1	1	2	3	1	3	4	4	2	3	2	3	3	3	3	1	4	3	3	1	3	3	3	1	2	4	2	1	4	1	2	3	4	4	2	4	2	1	3	3	4	1	1	2	3	1	1	1	4	1	2	3	3	3	1	3	1	4	2	3	1	2	1	4	3	3	1	4	4	4	4	2	1	2	4	1	4	2	1	2	1	2	1	4	2	4	2	1	1	3	3	4	3	1	3	1	1	0	2	1	1	2	3	3	3	4	3	1	4	1	1	2	1	1	1
LI-YA-048	YA48	1	1	1	0	1	2	3	4	4	2	2	3	1	4	2	4	1	2	2	1	2	4	2	1	4	2	1	1	2	3	1	3	4	4	2	3	2	3	3	3	3	1	4	3	3	1	3	3	3	1	2	4	2	1	4	1	2	3	4	4	2	4	2	1	3	3	4	1	1	2	3	1	1	1	4	1	2	3	3	3	1	3	1	4	2	3	1	2	1	4	3	0	1	4	4	4	4	2	1	2	4	1	4	2	1	2	1	2	1	4	2	4	2	1	1	3	3	4	3	1	3	1	1	3	2	1	1	2	3	3	3	4	3	1	4	1	1	2	1	1	1
LI-YA-051	YA51	1	1	1	4	1	2	3	4	4	2	2	3	1	4	2	4	1	2	2	1	2	4	2	1	4	2	1	1	2	3	1	3	4	4	2	3	2	3	3	3	3	1	4	3	3	1	3	3	3	1	2	4	2	1	4	1	2	3	4	4	2	4	2	1	3	3	4	1	1	2	3	1	1	1	4	1	2	3	3	3	1	3	1	4	2	3	1	2	1	4	3	3	1	4	4	4	4	2	1	2	4	1	0	2	1	2	1	2	1	4	2	4	2	1	1	3	3	4	3	1	3	1	1	3	2	1	1	2	3	3	3	4	3	1	4	1	1	2	1	1	1
LI-YA-066	YA66	1	1	1	4	1	2	3	4	4	2	2	3	1	4	2	4	1	2	2	1	2	4	2	1	4	2	1	1	2	3	1	3	4	4	2	3	2	3	3	3	3	1	4	3	3	1	3	3	3	1	2	4	2	1	4	1	2	3	4	4	2	4	2	1	3	3	4	1	1	2	3	1	1	1	4	1	2	3	3	3	1	3	1	4	2	3	1	2	1	4	3	3	1	4	4	4	4	2	1	2	4	1	4	2	1	2	1	2	1	4	2	4	2	1	1	3	3	4	3	1	3	1	1	0	2	1	1	2	3	3	3	4	3	1	4	1	1	2	1	1	1
LI-YA-072	YA72	1	1	1	4	1	2	3	4	4	2	2	3	1	4	2	4	1	2	2	1	2	4	2	1	4	2	1	1	2	3	1	3	4	4	2	3	2	3	3	3	3	1	4	3	3	1	3	3	3	1	2	4	2	1	4	1	2	3	4	4	2	4	2	1	3	3	4	1	1	2	3	1	1	1	4	1	2	3	3	3	1	3	1	4	2	3	1	2	1	4	3	3	1	4	4	4	4	2	1	2	4	1	4	2	1	2	1	2	1	4	2	4	2	1	1	3	3	4	3	1	3	1	1	0	2	1	1	2	3	3	3	4	3	1	4	1	1	2	1	1	1
LI-YA-086	YA86	1	1	1	4	1	2	3	4	4	2	2	3	1	4	2	4	1	2	2	1	2	4	2	1	4	2	1	1	2	3	1	3	4	4	2	3	2	3	3	3	3	1	4	3	3	1	3	3	3	1	2	4	2	1	4	1	2	3	4	4	2	4	2	1	3	3	4	1	1	2	3	1	1	1	4	1	2	3	3	3	1	3	1	4	2	3	1	2	1	4	3	3	1	4	4	4	4	2	1	2	4	1	4	2	1	2	1	2	1	4	2	4	2	1	1	3	3	4	3	1	3	1	1	0	2	1	1	2	3	3	3	4	3	1	4	1	1	2	1	1	1
LI-OF-002	OF2	1	2	1	3	1	4	1	4	4	2	2	1	1	4	2	4	2	2	4	1	4	4	4	1	4	3	1	1	2	1	1	4	4	1	4	3	4	1	3	2	3	1	4	1	1	3	1	1	3	3	2	4	2	1	4	1	4	3	4	2	1	3	2	3	3	1	4	1	1	2	3	1	4	1	4	1	2	1	3	4	1	3	1	2	2	3	1	2	1	2	4	0	1	4	4	4	4	3	1	2	4	3	4	2	1	1	4	1	3	4	3	4	2	1	3	4	3	4	3	3	3	1	3	3	3	1	2	2	3	1	1	3	3	1	4	3	1	2	1	1	3
LI-OF-004	OF4	6	5	1	0	1	9	6	4	4	2	2	6	1	4	2	4	1	2	0	1	9	4	9	1	4	2	1	1	2	3	1	3	4	4	2	3	2	3	3	8	6	6	9	6	1	3	1	3	3	3	2	2	4	2	2	1	4	3	4	4	1	4	1	1	1	3	1	1	1	2	6	1	4	1	4	1	2	1	3	4	1	3	1	9	2	3	1	2	1	2	4	0	1	4	4	4	4	3	1	2	4	3	4	2	1	1	4	5	6	4	2	4	2	1	6	10	3	4	3	6	3	1	1	3	2	1	5	2	3	6	3	3	3	1	4	3	1	2	1	1	3
LI-OF-005	OF5	3	2	1	3	1	4	1	4	4	2	2	1	1	4	2	4	2	2	4	1	4	4	4	1	4	2	1	1	2	3	1	3	4	4	2	3	4	3	3	2	1	3	2	1	1	3	1	3	3	3	2	2	4	2	2	1	4	3	4	4	1	4	1	1	1	3	1	1	1	2	3	1	4	1	4	1	2	1	3	4	1	3	1	2	2	3	1	2	1	2	4	0	1	4	4	4	4	3	1	2	4	3	4	2	1	1	4	2	1	4	2	4	2	1	3	4	3	4	3	3	3	1	0	0	2	1	2	2	3	1	1	3	3	1	4	3	1	2	1	1	3
LI-OF-010	OF10	1	2	1	3	1	4	6	4	4	2	2	6	1	4	2	4	2	2	4	1	4	4	4	1	4	3	1	1	2	1	1	4	4	4	2	3	4	3	3	8	6	6	9	6	1	6	6	3	3	3	2	2	4	2	2	1	4	3	4	4	1	4	1	1	1	3	1	1	1	2	3	1	7	1	4	1	2	1	3	4	1	3	1	9	2	3	1	2	1	9	10	3	1	4	4	4	4	8	1	2	4	1	4	2	1	2	1	1	3	4	8	4	2	1	6	10	3	4	3	6	3	1	1	0	2	1	5	2	3	6	6	10	3	1	4	3	1	2	1	1	3
LI-OF-014	OF14	1	2	1	3	1	4	1	4	4	2	2	1	1	4	2	4	2	2	4	1	2	4	2	1	4	2	1	1	2	3	1	3	4	4	2	3	2	3	3	3	3	1	4	3	3	3	1	3	3	1	2	4	0	1	4	1	2	3	4	4	2	4	2	1	3	3	4	1	1	2	3	1	1	1	4	1	2	3	3	3	1	3	1	4	2	3	1	2	1	2	4	3	1	4	4	4	4	2	1	2	4	6	0	2	1	2	1	2	1	4	2	4	2	1	1	3	3	4	3	1	3	1	1	0	2	1	1	2	3	3	3	3	3	1	4	3	1	2	1	1	3
LI-OF-017	OF17	1	1	1	4	1	2	3	4	4	2	2	3	1	4	2	4	1	2	2	1	2	4	2	1	4	2	1	1	2	3	1	3	4	4	2	3	2	3	3	3	3	1	4	3	3	1	3	3	3	1	2	4	2	1	4	1	2	3	4	4	2	4	2	1	3	3	4	1	1	2	3	1	1	1	4	1	2	1	3	4	1	3	1	2	2	3	1	2	1	2	4	3	1	4	4	4	4	3	1	2	4	3	4	2	1	1	4	2	1	4	2	4	2	1	1	3	3	4	3	1	3	1	1	0	2	1	1	2	3	3	3	4	3	1	4	1	1	2	1	1	1
LI-OF-022	OF22	1	1	1	4	1	2	3	4	4	2	2	3	1	4	2	4	1	2	2	1	2	4	2	1	4	2	1	1	2	3	1	3	4	4	2	3	2	3	3	3	3	1	4	3	3	1	3	3	3	1	2	4	2	1	4	1	2	3	4	4	2	4	2	1	3	3	4	1	1	2	3	1	1	1	4	1	2	3	3	3	1	3	1	4	2	3	1	2	1	4	3	3	1	4	4	4	4	2	1	2	4	1	4	2	1	2	1	2	1	4	2	4	2	1	1	3	3	4	3	1	3	1	1	0	2	1	1	2	3	3	3	4	3	1	4	1	1	2	1	1	1
LI-OF-023	OF23	1	1	1	4	1	2	3	4	4	2	2	3	1	4	2	4	1	2	2	1	4	4	4	1	4	3	1	3	2	1	3	4	4	1	4	3	4	1	3	2	3	1	4	3	3	3	1	3	3	1	2	4	2	1	4	1	2	3	4	4	2	4	2	1	3	3	4	1	1	2	3	1	1	1	4	1	2	3	3	3	1	3	1	2	2	3	1	2	1	4	3	3	1	4	4	4	2	3	1	2	4	3	4	2	1	1	4	1	3	4	3	4	4	1	3	3	3	4	4	3	3	1	3	3	2	1	2	2	3	1	1	3	3	1	4	3	1	2	1	1	1
LI-OF-025	OF25	1	1	1	4	1	2	3	4	4	2	2	3	1	4	2	4	1	2	2	1	2	4	2	1	4	2	1	1	2	3	1	3	4	4	2	3	2	3	3	3	3	1	4	3	3	1	3	3	3	1	2	4	0	1	4	1	2	3	4	4	2	4	2	1	3	3	1	1	1	2	3	1	1	1	4	1	2	3	3	3	1	3	1	2	2	3	1	2	1	4	4	3	1	4	4	4	4	3	1	2	4	3	4	2	1	2	1	2	1	4	2	4	2	1	1	3	3	4	3	1	3	1	3	3	3	1	2	2	3	1	1	3	3	1	4	3	1	2	1	1	3
LI-OF-027	OF27	1	1	1	4	1	2	3	4	4	2	2	3	1	4	2	4	1	2	2	1	2	4	2	1	4	2	1	1	2	3	1	3	4	4	2	3	2	3	3	3	3	1	4	3	3	1	3	3	3	1	2	4	2	1	4	1	2	3	4	4	2	4	2	1	3	3	4	1	1	2	3	1	1	1	4	1	2	3	3	3	1	3	1	4	2	3	1	2	1	4	3	3	1	4	4	4	4	2	1	2	4	1	4	2	1	2	1	2	1	4	2	4	2	1	1	3	3	4	3	1	3	1	1	3	2	1	1	2	3	3	3	4	3	1	4	1	1	2	1	1	1
LI-OF-029	OF29	1	2	1	3	1	4	1	4	4	2	2	1	1	4	2	4	2	2	4	1	4	4	4	1	4	2	1	1	2	3	1	3	4	4	2	3	2	3	3	3	3	1	4	3	3	1	3	3	3	1	2	4	9	1	4	1	2	3	4	4	2	4	2	1	3	3	4	1	1	2	3	1	4	1	4	1	2	1	3	4	1	3	1	2	2	3	1	2	1	2	4	3	1	4	4	4	4	3	1	2	4	1	4	2	1	2	1	2	1	4	2	4	2	1	1	4	3	4	3	3	3	1	3	3	3	1	2	2	3	1	1	3	3	1	4	3	1	2	1	1	3
LI-OF-030	OF30	6	2	1	3	1	9	1	4	4	2	2	6	1	4	2	4	1	2	9	1	2	4	2	1	4	2	1	1	2	3	1	3	4	4	2	3	2	3	3	8	6	6	9	6	6	6	6	0	3	6	2	4	2	1	4	1	2	3	4	4	2	4	2	1	3	3	4	1	1	2	3	1	1	1	4	1	2	3	3	3	1	3	1	9	2	3	1	2	1	4	3	3	1	4	4	4	4	8	1	2	4	6	4	2	1	5	7	5	1	4	2	4	2	1	1	3	3	4	3	1	3	1	1	3	2	1	5	2	3	6	6	10	3	1	4	6	1	2	1	1	6
LI-OF-031	OF31	6	5	1	4	1	2	3	4	4	2	2	3	1	4	2	4	1	2	2	1	2	4	2	1	4	2	1	1	2	3	1	3	4	4	2	3	2	3	3	3	3	1	4	3	3	6	6	6	3	6	2	4	2	5	9	1	9	3	4	4	5	4	2	1	3	3	4	1	1	2	3	1	1	1	4	1	2	3	3	3	1	3	1	4	2	3	1	2	1	9	10	3	1	4	4	4	4	8	1	2	4	6	0	2	1	5	7	2	1	4	2	4	2	1	1	3	3	4	3	1	3	1	0	3	8	1	5	2	3	6	6	10	3	1	4	6	1	2	1	1	6
LI-OF-049	OF49	3	2	1	3	1	2	1	4	4	2	2	3	1	4	2	4	1	2	2	1	2	4	2	1	4	2	1	1	2	3	1	3	4	4	2	3	2	3	3	3	3	1	4	3	3	3	1	1	3	3	2	4	2	1	4	1	2	3	4	4	2	4	2	1	3	3	4	1	1	2	3	1	1	1	4	1	2	3	3	3	1	3	1	4	2	3	1	2	1	4	3	3	1	4	4	4	4	2	1	2	4	1	4	2	1	2	1	2	1	4	2	4	2	1	1	3	3	4	3	1	3	1	1	0	2	1	1	2	3	3	3	4	3	1	4	1	1	2	1	1	1
LI-OF-050	OF50	3	2	1	3	1	2	1	4	4	2	2	3	1	4	2	4	1	2	2	1	2	4	2	1	4	2	1	1	2	3	1	3	4	4	2	3	2	3	3	3	3	1	4	3	3	3	1	1	3	3	2	4	2	1	4	1	2	3	4	4	2	4	2	1	3	3	4	1	1	2	3	1	1	1	4	1	2	3	3	3	1	3	1	4	2	3	1	2	1	4	3	3	1	4	4	4	4	2	1	2	4	1	4	2	1	2	1	2	1	4	2	4	2	1	1	3	3	4	3	1	3	1	1	0	2	1	1	2	3	3	3	4	3	1	4	1	1	2	1	1	1
LI-OF-060	OF60	1	1	1	4	1	4	1	4	4	2	2	1	1	4	2	4	2	2	4	1	4	4	4	1	4	2	1	1	2	3	1	3	4	4	2	3	2	3	3	3	3	1	4	3	3	1	3	3	3	1	2	4	2	1	4	1	2	3	4	4	2	4	2	1	3	3	4	1	1	2	3	1	1	1	4	1	2	1	3	4	1	3	1	2	2	3	1	2	1	2	4	0	1	4	4	4	4	2	1	2	4	1	4	2	1	2	1	2	1	4	2	4	2	1	1	4	3	4	3	3	3	1	1	0	2	1	1	2	3	3	3	3	3	1	4	3	1	2	1	1	3
LI-OF-061	OF61	3	2	1	3	1	2	1	1	2	2	4	1	1	4	2	3	1	2	4	2	2	4	4	1	4	3	1	3	2	1	3	4	4	1	4	3	4	1	3	2	3	1	4	1	1	3	1	1	3	3	2	4	9	1	4	1	4	3	4	2	1	3	2	3	3	1	4	1	4	2	1	1	4	1	4	4	2	1	1	4	3	3	1	4	2	3	1	1	1	4	3	3	1	4	4	4	2	3	1	2	4	3	4	2	1	2	4	1	3	4	3	4	4	1	3	3	3	4	4	3	1	3	1	3	2	1	1	2	3	3	3	3	3	3	4	1	1	2	3	1	1
LI-OF-064	OF64	1	2	1	3	1	4	1	4	4	2	2	1	1	4	2	4	2	2	4	1	4	4	4	1	4	3	1	1	2	1	1	4	4	4	2	3	4	3	3	2	1	3	2	1	1	3	1	3	3	3	2	2	4	2	2	1	4	3	4	4	1	4	1	1	1	3	1	1	1	2	3	1	4	1	4	1	2	1	3	4	1	3	1	2	2	3	1	2	1	2	4	3	1	4	4	4	4	3	1	2	4	3	4	2	1	1	4	1	3	4	3	4	2	1	3	4	3	4	3	3	3	1	3	3	3	1	2	2	3	1	1	3	3	1	4	3	1	2	1	1	3
LI-OF-065	OF65	1	2	1	3	1	4	1	4	4	2	2	1	1	4	2	4	2	2	9	1	4	4	4	1	4	3	1	1	2	3	1	3	4	4	2	3	2	3	3	3	3	1	4	3	3	3	1	3	3	1	2	4	4	2	2	1	4	3	4	4	1	4	1	1	1	3	1	1	1	2	3	1	7	1	4	1	2	3	3	3	1	3	1	2	2	3	1	2	1	9	10	3	1	4	4	4	4	3	1	2	4	3	4	2	1	1	4	2	1	4	2	4	2	1	1	3	3	4	3	1	3	1	0	3	3	1	2	2	3	6	6	10	3	1	4	6	1	2	1	1	6
LI-OF-066	OF66	1	2	1	0	1	4	3	4	4	2	2	3	1	4	2	4	1	2	2	1	2	4	2	1	4	2	1	1	2	3	1	3	4	4	2	3	2	3	3	3	3	1	4	3	3	1	1	3	3	3	2	2	4	2	2	1	2	3	4	4	2	4	2	1	3	3	4	1	1	2	3	1	4	1	4	1	2	1	3	4	1	3	1	2	2	3	1	2	1	2	4	3	1	4	4	4	4	3	1	2	4	1	4	2	1	2	1	2	1	4	2	4	2	1	1	3	3	4	3	1	3	1	3	3	3	1	2	2	3	1	1	3	3	1	4	3	1	2	1	1	3
LI-OF-068	OF68	1	2	1	3	1	4	1	4	4	2	2	1	1	4	2	4	2	2	2	1	2	4	2	1	4	2	1	1	2	3	1	3	4	4	2	3	2	3	3	3	3	1	4	3	3	3	1	3	3	1	2	2	4	2	2	1	4	3	4	4	1	4	2	1	3	3	4	1	1	2	3	1	1	1	4	1	2	3	3	3	1	3	1	4	2	3	1	2	1	2	4	3	1	4	4	4	4	2	1	2	4	3	0	2	1	2	1	2	1	4	2	4	2	1	1	3	3	4	3	1	3	1	1	0	2	1	1	2	3	3	3	3	3	1	4	3	1	2	1	1	3
LI-OF-077	OF77	1	5	1	10	1	9	6	4	4	2	2	6	1	4	2	4	5	2	9	1	9	4	4	1	4	8	1	1	2	6	1	10	4	4	2	3	0	3	3	8	6	6	9	6	6	6	6	3	3	6	2	9	4	5	9	1	9	3	4	4	5	4	5	1	6	3	7	1	1	2	3	1	7	1	4	1	2	1	3	4	1	3	1	9	2	3	1	2	1	2	4	3	1	4	4	4	4	8	1	2	4	6	4	2	1	5	7	5	6	4	8	4	2	1	6	4	3	4	3	3	3	1	6	3	8	1	5	2	3	6	6	10	3	1	4	6	1	2	1	1	6
LI-OF-079	OF79	1	1	1	4	1	2	3	4	4	2	2	3	1	4	2	4	2	2	4	1	4	4	4	1	4	2	1	1	2	3	1	3	4	4	2	3	2	3	3	3	3	1	4	3	3	1	3	3	3	1	2	4	2	1	4	1	2	3	4	4	2	4	2	1	3	3	4	1	1	2	3	1	1	1	4	1	2	1	3	4	1	3	1	2	2	3	1	2	1	4	3	3	1	4	4	4	4	2	1	2	4	1	4	2	1	2	1	2	1	4	2	4	2	1	1	4	3	4	0	3	3	1	0	0	2	1	1	2	3	3	3	3	3	1	4	3	1	2	1	1	3
LI-OF-080	OF80	1	2	1	3	1	4	1	4	4	2	2	1	1	4	2	4	2	2	4	1	4	4	4	1	4	3	1	1	2	1	1	10	4	4	2	3	4	3	3	8	6	6	9	6	6	6	6	3	3	6	2	9	4	5	9	1	9	3	4	4	5	4	5	1	6	3	7	1	1	2	3	1	1	1	4	1	2	1	3	4	1	3	1	2	2	3	1	2	1	2	4	3	1	4	4	4	4	2	1	2	4	1	4	2	1	2	1	1	3	4	3	4	2	1	3	4	3	4	0	3	3	1	6	3	8	1	5	2	3	6	6	3	3	1	4	3	1	2	1	1	3
LI-OF-089	OF89	3	2	1	3	1	2	1	4	4	2	2	3	1	4	2	4	1	2	2	1	2	4	2	1	4	2	1	1	2	3	1	3	4	4	2	3	2	3	3	3	3	1	4	3	3	3	1	1	3	3	2	4	2	1	4	1	2	3	4	4	2	4	2	1	3	3	4	1	1	2	3	1	1	1	4	1	2	3	3	3	1	3	1	2	2	3	1	2	1	4	3	3	1	4	4	4	4	2	1	2	4	1	4	2	1	2	4	1	3	4	2	4	2	1	1	3	3	4	0	1	3	1	1	0	3	1	2	2	3	1	1	4	3	1	4	1	1	2	1	1	1
LI-OF-093	OF93	3	2	1	3	1	2	1	4	4	2	2	3	1	4	2	4	1	2	2	1	2	4	2	1	4	2	1	1	2	3	1	3	4	4	2	3	2	3	3	3	3	1	4	3	3	3	1	1	3	3	2	4	2	1	4	1	2	3	4	4	2	4	2	1	3	3	4	1	1	2	3	1	1	1	4	1	2	3	3	3	1	3	1	4	2	3	1	2	1	4	3	3	1	4	4	4	4	2	1	2	4	1	4	2	1	2	1	2	1	4	2	4	2	1	1	3	3	4	0	1	3	1	1	0	2	1	1	2	3	3	3	4	3	1	4	1	1	2	1	1	1
LI-OF-094	OF94	3	2	1	3	1	2	1	4	4	2	2	3	1	4	2	4	1	2	2	1	2	4	2	1	4	2	1	1	2	3	1	3	4	4	2	3	2	3	3	3	3	1	4	3	3	3	1	1	3	3	2	4	2	1	4	1	2	3	4	4	2	4	2	1	3	3	1	1	1	2	3	1	1	1	4	1	2	1	3	3	1	3	1	4	2	3	1	2	1	2	4	3	1	4	4	4	4	3	1	2	4	3	4	2	1	1	4	1	3	4	3	4	2	1	1	3	3	4	0	1	3	1	1	0	2	1	2	2	3	1	1	3	3	1	4	3	1	2	1	1	3
LI-OF-095	OF95	6	5	1	10	1	2	6	4	4	2	2	3	1	4	2	4	1	2	2	1	2	4	2	1	4	2	1	1	2	3	1	3	4	4	2	3	2	3	3	3	3	1	4	3	3	6	6	6	3	0	2	4	2	1	4	1	2	3	4	4	2	4	2	1	3	3	4	1	1	2	3	1	1	1	4	1	2	3	3	3	1	3	1	4	2	3	1	2	1	4	3	3	1	4	4	4	4	2	1	2	4	1	4	2	1	2	1	2	1	4	2	4	2	1	1	3	3	4	0	1	3	1	1	0	2	1	1	2	3	3	3	4	3	1	4	1	1	2	1	1	1
LI-OF-100	OF100	1	1	1	4	1	2	3	4	4	2	2	3	1	4	2	4	1	2	2	1	2	4	2	1	4	2	1	1	2	3	1	3	4	4	2	3	2	3	3	3	3	1	4	3	3	1	3	3	3	1	2	4	2	1	4	1	2	3	4	4	2	4	2	1	3	3	4	1	1	2	3	1	1	1	4	1	2	3	3	3	1	3	1	4	2	3	1	2	1	4	3	3	1	4	4	4	4	2	1	2	4	1	4	0	1	2	1	2	1	4	2	4	2	1	1	3	3	4	0	1	3	1	1	0	2	1	1	2	3	3	3	4	3	1	0	1	1	2	1	1	1
LI-RR-003	RR3	0	1	1	4	3	2	1	1	2	2	2	3	1	1	4	3	1	2	4	2	2	4	4	1	4	3	1	1	1	3	3	3	2	1	4	3	4	1	3	2	3	1	4	1	1	1	3	3	3	3	2	2	4	2	2	2	2	3	4	4	2	3	1	3	3	1	4	1	1	2	3	1	4	3	4	4	2	3	1	3	3	0	3	4	2	3	1	1	2	4	3	3	1	2	2	4	4	3	3	4	3	1	4	0	1	1	4	2	3	2	2	2	2	1	1	4	3	4	3	1	3	1	3	3	2	3	2	4	3	1	1	3	2	1	2	1	1	2	1	1	3
LI-RR-004	RR4	3	2	1	3	1	2	1	1	2	2	4	1	1	4	2	3	1	2	4	2	2	4	4	1	4	3	1	3	2	1	3	4	4	1	4	3	4	1	3	2	3	1	4	1	1	3	1	1	3	3	2	4	2	1	4	1	4	3	4	2	1	3	2	3	3	1	4	1	4	2	1	1	4	1	4	4	2	1	1	4	3	3	1	4	2	3	1	1	1	4	3	3	1	4	4	4	2	3	1	2	4	3	4	2	1	2	4	1	3	4	3	4	4	1	3	3	3	4	4	3	1	3	1	3	2	1	1	2	3	3	3	3	3	3	4	1	1	2	3	1	1
LI-RR-005	RR5	3	2	1	3	1	2	1	1	2	2	4	1	1	4	2	3	1	2	4	2	2	4	4	1	4	3	1	3	2	1	3	4	4	1	4	3	4	1	3	2	3	1	4	1	1	3	1	1	3	3	2	4	2	1	4	1	4	3	4	2	1	3	2	3	3	1	4	1	4	2	1	1	4	1	4	4	2	1	1	4	3	3	1	4	2	3	1	1	1	4	3	3	1	4	4	4	2	3	1	2	4	3	4	2	1	2	4	1	3	4	3	4	4	1	3	3	3	4	4	3	1	3	1	3	2	1	1	2	3	3	3	3	3	3	4	1	1	2	3	1	1
LI-RR-008	RR8	1	1	1	4	3	2	1	1	2	2	2	3	1	1	4	3	1	2	2	2	4	4	4	3	4	2	4	1	1	3	3	3	2	4	2	3	4	1	3	3	3	1	4	1	1	1	3	3	3	0	2	2	4	2	2	2	2	3	4	4	2	3	1	3	3	1	1	1	1	2	3	1	4	3	4	4	2	3	1	3	3	0	3	4	2	3	3	2	2	4	3	3	1	2	2	4	4	3	3	4	3	1	4	2	1	1	4	2	3	2	2	2	2	1	1	4	3	4	3	1	3	1	3	3	2	3	2	4	3	1	1	3	2	1	2	1	1	2	1	1	3
LI-RR-012	RR12	3	2	1	3	1	2	1	1	2	2	4	1	1	4	2	3	1	2	4	2	2	4	4	1	4	3	1	3	2	1	3	4	4	1	4	3	4	1	3	2	3	1	4	1	1	3	1	1	3	3	2	4	2	1	4	1	4	3	4	2	1	3	2	3	3	1	4	1	4	2	1	1	4	1	4	4	2	1	1	4	3	3	1	4	2	3	1	1	1	4	3	3	1	4	4	4	2	3	1	2	4	3	4	2	1	2	4	1	3	4	3	4	4	1	3	3	3	4	4	3	1	3	1	3	2	1	1	2	3	3	3	3	3	3	4	1	1	2	3	1	1
LI-RR-014	RR14	1	1	1	4	3	2	1	1	2	2	2	3	1	1	4	3	1	2	4	2	2	4	4	1	4	3	1	1	1	3	3	3	2	1	4	3	4	1	3	2	3	1	4	1	1	1	3	3	3	0	2	2	4	2	2	2	2	3	4	4	2	3	1	3	3	1	4	1	1	2	3	1	4	3	4	4	2	3	1	3	3	0	3	4	2	3	1	1	2	4	3	3	1	2	2	4	4	3	3	4	3	1	4	2	1	1	4	2	3	2	2	2	2	1	1	4	3	4	3	1	3	1	3	3	2	3	2	4	3	1	1	3	2	1	2	1	1	2	1	1	3
LI-RR-015	RR15	3	2	1	3	1	2	1	1	2	2	4	1	1	4	2	3	1	2	4	2	2	4	4	1	4	3	1	3	2	1	3	4	4	1	4	3	4	1	3	2	3	1	4	1	1	3	1	1	3	3	2	4	2	1	4	1	4	3	4	2	1	3	2	3	3	1	4	1	4	2	1	1	4	1	4	4	2	1	1	4	3	3	1	4	2	3	1	1	1	4	3	3	1	4	4	4	2	3	1	2	4	3	4	2	1	2	4	1	3	4	3	4	4	1	3	3	3	4	4	3	1	3	1	3	2	1	1	2	3	3	3	3	3	3	4	1	1	2	3	1	1
LI-RR-016	RR16	3	2	1	3	1	2	1	1	2	2	4	1	1	4	2	3	1	2	4	2	2	4	4	1	4	3	1	3	2	1	3	4	4	1	4	3	4	1	3	2	3	1	4	1	1	3	1	1	3	3	2	4	2	1	4	1	4	3	4	2	1	3	2	3	3	1	4	1	4	2	1	1	4	1	4	4	2	1	1	4	3	3	1	4	2	3	1	1	1	4	3	3	1	4	4	4	2	3	1	2	4	3	4	2	1	2	4	1	3	4	3	4	4	1	3	3	3	4	4	3	1	3	1	3	2	1	1	2	3	3	3	3	3	3	4	1	1	2	3	1	1
LI-RR-023	RR23	3	2	1	3	1	2	1	1	2	2	4	1	1	4	2	3	1	2	4	2	2	4	4	1	4	3	1	3	2	1	3	4	4	1	4	3	4	1	3	2	3	1	4	1	1	3	1	1	3	3	2	4	2	1	4	1	4	3	4	2	1	3	2	3	3	1	4	1	4	2	1	1	4	1	4	4	2	1	1	4	3	3	1	4	2	3	1	1	1	4	3	3	1	4	4	4	2	3	1	2	4	3	4	2	1	2	4	1	3	4	3	4	4	1	3	3	3	4	4	3	1	3	1	3	2	1	1	2	3	3	3	3	3	3	4	1	1	2	3	1	1
LI-RR-024	RR24	3	2	1	3	1	2	1	1	2	2	4	1	1	4	2	3	1	0	4	2	2	0	4	1	4	3	1	3	2	1	3	4	4	1	4	3	4	1	3	2	3	1	4	1	1	3	1	0	3	3	2	4	2	1	4	1	4	3	4	2	1	3	2	3	3	1	4	1	4	2	1	1	4	1	4	4	2	1	1	4	3	3	1	4	0	3	1	1	1	4	3	3	1	4	4	4	2	3	1	2	4	3	4	2	1	2	4	1	3	4	3	0	4	1	3	3	3	4	4	3	1	0	0	3	0	1	1	2	3	3	3	3	3	3	4	1	1	2	3	1	1
LI-RR-025	RR25	3	2	1	3	1	2	1	1	2	2	4	1	1	4	2	3	1	2	4	2	2	4	4	1	4	3	1	3	2	1	3	4	4	1	4	3	4	1	3	2	3	1	4	1	1	3	1	1	3	3	2	4	2	1	4	1	4	3	4	2	1	3	2	3	3	1	4	1	4	2	1	1	4	1	4	4	2	1	1	4	3	3	1	4	2	3	1	1	1	4	3	3	1	4	4	4	2	3	1	2	4	3	4	2	1	2	4	1	3	4	3	4	4	1	3	3	3	4	4	3	1	3	1	3	2	1	1	2	3	3	3	3	3	3	4	1	1	2	3	1	1
LI-RR-029	RR29	3	2	1	3	1	2	1	1	2	2	4	1	1	4	2	3	1	2	4	2	2	4	4	1	4	3	1	3	2	1	3	4	4	1	4	3	4	1	3	2	3	1	4	1	1	3	1	1	3	3	2	4	0	1	4	1	4	3	4	2	1	3	2	3	3	1	4	1	4	2	1	1	4	1	4	4	2	1	1	4	3	3	1	4	2	3	1	1	1	4	3	3	1	4	4	4	2	3	1	2	4	3	4	2	1	2	4	1	3	4	3	4	4	1	3	3	3	4	4	3	1	3	1	3	2	1	1	2	3	3	3	3	3	3	4	1	1	2	3	1	1
LI-RR-032	RR32	3	2	1	3	1	2	1	1	2	2	4	1	1	4	2	3	1	2	4	2	2	4	4	1	4	3	1	3	2	1	3	4	4	1	4	3	4	1	3	2	3	1	4	1	1	3	1	1	3	3	2	4	9	1	4	1	4	3	4	2	1	3	2	3	3	1	4	1	4	2	1	1	4	1	4	4	2	1	1	4	3	3	1	4	2	3	1	1	1	4	3	3	1	4	4	4	2	3	1	2	4	3	4	2	1	2	4	1	3	4	3	4	4	1	3	3	3	4	4	3	1	3	1	3	2	1	1	2	3	3	3	3	3	3	4	1	1	2	3	1	1
LI-RR-035	RR35	3	2	1	3	1	2	1	1	2	2	4	1	1	4	2	3	1	2	4	2	2	4	4	1	4	3	1	3	2	1	3	4	4	1	4	3	4	1	3	2	3	1	4	1	1	3	1	1	3	3	2	4	2	1	4	1	4	3	4	2	1	3	2	3	3	1	4	1	4	2	1	1	4	1	4	4	2	1	1	4	3	3	1	4	2	3	1	1	1	4	3	3	1	4	4	4	2	3	1	2	4	3	4	2	1	2	4	1	3	4	3	4	4	1	3	3	3	4	4	3	1	3	1	3	2	1	1	2	3	3	3	3	3	3	4	1	1	2	3	1	1
LI-RR-036	RR36	3	2	1	3	1	2	1	1	2	2	4	1	1	4	2	3	1	2	4	2	2	4	4	1	4	3	1	3	2	1	3	4	4	1	4	3	4	1	3	2	3	1	4	1	1	3	1	1	3	3	2	4	0	1	4	1	4	3	4	2	1	3	2	3	3	1	4	1	4	2	1	1	4	1	4	4	2	1	1	4	3	3	1	4	2	3	1	1	1	4	3	3	1	4	4	4	2	3	1	2	4	3	4	2	1	2	4	1	3	4	3	4	4	1	3	3	3	4	4	3	1	3	1	3	2	1	1	2	3	3	3	3	3	3	4	1	1	2	3	1	1
LI-RR-037	RR37	3	2	1	3	1	2	1	1	2	2	4	1	1	4	2	3	1	2	4	2	2	4	4	1	4	3	1	3	2	1	3	4	4	1	4	3	4	1	3	2	3	1	4	1	1	3	1	1	3	3	2	4	2	1	4	1	4	3	4	2	1	3	2	3	3	1	4	1	4	2	1	1	4	1	4	4	2	1	1	4	3	3	1	4	2	3	1	1	1	4	3	3	1	4	4	4	2	3	1	2	4	3	4	2	1	2	4	1	3	4	3	4	4	1	3	3	3	4	4	3	1	3	0	3	2	1	1	2	3	3	3	3	3	3	4	1	1	2	3	1	1
LI-RR-041	RR41	3	2	1	3	1	2	1	1	2	2	4	1	1	4	2	3	1	2	4	2	2	4	4	1	4	3	1	3	2	1	3	4	4	1	4	3	4	1	3	2	3	1	4	1	1	3	1	1	3	3	2	4	2	1	4	1	4	3	4	2	1	3	2	3	3	1	4	1	4	2	1	1	4	1	4	4	2	1	1	4	3	3	1	4	2	3	1	1	1	4	3	3	1	4	4	4	2	3	1	2	4	3	4	2	1	2	4	1	3	4	3	4	4	1	3	3	3	4	4	3	1	3	1	3	2	1	1	2	3	3	3	3	3	3	4	1	1	2	3	1	1
LI-RR-044	RR44	1	1	1	4	3	2	1	1	2	2	2	3	1	1	4	3	1	2	2	2	4	4	4	3	4	2	4	1	1	3	3	3	2	4	2	3	4	1	3	3	3	1	4	1	1	1	3	3	3	0	2	2	4	2	2	2	2	3	4	4	2	3	1	3	3	1	1	1	1	2	3	1	4	3	4	4	2	3	1	3	3	0	3	4	2	3	3	2	2	4	3	3	1	2	2	4	4	3	3	4	3	1	4	2	1	1	4	2	3	2	2	2	2	1	1	4	3	4	3	1	3	1	3	3	2	3	2	4	3	1	1	3	2	1	2	1	1	2	1	1	3
LI-RR-048	RR48	3	2	1	3	1	2	1	1	2	2	4	1	1	4	2	3	1	2	4	2	2	4	4	1	4	3	1	3	2	1	3	4	4	1	4	3	4	1	3	2	3	1	4	1	1	3	1	1	3	3	2	4	2	1	4	1	4	3	4	2	1	3	2	3	3	1	4	1	4	2	1	1	4	1	4	4	2	1	1	4	3	3	1	4	2	3	1	1	1	4	3	3	1	4	4	4	2	3	1	2	4	3	4	2	1	2	4	1	3	4	3	4	4	1	3	3	3	4	4	3	1	3	1	3	2	1	1	2	3	3	3	3	3	3	4	1	1	2	3	1	1
LI-RR-050	RR50	3	2	1	3	1	2	1	1	2	2	4	1	1	4	2	3	1	2	4	2	2	4	4	1	4	3	1	3	2	1	3	4	4	1	4	3	4	1	3	2	3	1	4	1	1	3	1	1	3	3	2	4	0	1	4	1	4	3	4	2	1	3	2	3	3	1	4	1	4	2	1	1	4	1	4	4	2	1	1	4	3	3	1	4	2	3	1	1	1	4	3	3	1	4	4	4	2	3	1	2	4	3	4	2	1	2	4	1	3	4	3	4	4	1	3	3	3	4	4	3	1	3	1	3	2	1	1	2	3	3	3	3	3	3	4	1	1	2	3	1	1
LI-RR-052	RR52	1	1	1	4	3	2	1	1	2	2	2	3	1	1	4	3	1	2	4	2	2	4	4	1	4	3	1	1	1	3	3	3	2	1	4	3	4	1	3	2	3	1	4	1	1	1	3	3	3	0	2	2	4	2	2	2	2	3	4	4	2	3	1	3	3	1	4	1	1	2	3	1	4	3	4	4	2	3	1	3	3	0	3	4	2	3	1	1	2	4	3	3	1	2	2	4	4	3	3	4	3	1	4	2	1	1	4	2	3	2	2	2	2	1	1	4	3	4	0	1	3	1	3	3	2	3	2	4	3	1	1	3	2	1	2	1	1	2	1	1	3
LI-RR-056	RR56	1	1	1	4	0	2	1	1	2	0	2	3	1	1	0	3	0	2	4	5	2	4	4	0	4	8	1	1	1	0	0	3	2	1	0	3	4	0	3	2	3	1	4	1	1	1	3	3	3	0	2	2	4	2	2	2	2	0	0	4	0	3	0	3	3	1	0	0	1	2	0	1	4	3	4	4	0	3	1	3	3	0	6	0	2	3	1	1	2	4	3	3	1	2	2	4	4	0	3	4	3	1	4	2	1	1	4	2	3	2	2	2	2	1	1	4	3	4	0	1	0	1	3	3	2	3	2	4	6	1	1	3	2	1	2	0	1	2	1	1	3
LI-RR-057	RR57	1	1	1	4	3	2	1	1	2	2	2	3	1	1	4	3	1	2	4	2	2	4	4	1	4	3	1	1	1	3	3	3	2	1	4	3	4	1	3	2	3	1	4	1	1	1	3	3	3	0	2	2	4	2	2	2	2	3	4	4	2	3	1	3	3	1	4	1	1	2	3	1	4	3	4	4	2	3	1	3	3	0	3	4	2	3	1	1	2	4	3	3	1	2	2	4	4	3	3	4	3	1	4	2	1	1	4	2	3	2	2	2	2	1	1	4	3	4	0	1	3	1	3	3	2	3	2	4	3	1	1	3	2	1	2	1	1	2	1	1	3
LI-RR-059	RR59	3	2	1	3	1	2	1	1	2	2	4	1	1	4	2	3	1	2	4	2	2	4	4	1	4	3	1	3	2	1	3	4	4	1	4	3	4	1	3	2	3	1	4	1	1	3	1	1	3	3	2	4	2	1	4	1	4	3	4	2	1	3	2	3	3	1	4	1	4	2	1	1	4	1	4	4	2	1	1	4	3	3	1	4	2	3	1	1	1	4	3	3	1	4	4	4	2	3	1	2	4	3	4	2	1	2	4	1	3	4	3	4	4	1	3	3	3	4	4	3	1	3	1	3	2	1	1	2	3	3	3	3	3	3	4	1	1	2	3	1	1
LI-RR-062	RR62	1	1	1	4	3	2	1	1	2	2	2	3	1	1	4	3	1	2	4	2	2	4	4	1	4	3	1	1	1	3	3	3	2	1	4	3	4	1	3	2	3	1	4	1	1	1	3	3	3	0	2	2	4	2	2	2	2	3	4	4	2	3	1	3	3	1	4	1	1	2	3	1	4	3	4	4	2	3	1	3	3	0	3	4	2	3	1	1	2	4	3	3	1	2	2	4	4	3	3	4	3	1	4	2	1	1	4	2	3	2	2	2	2	1	1	4	3	4	3	1	3	1	3	3	2	3	2	4	3	1	1	3	2	1	2	1	1	2	1	1	3
LI-RR-068	RR68	1	1	1	4	3	2	1	1	2	2	2	3	1	1	4	3	1	2	4	2	2	4	4	1	4	3	1	1	1	3	3	3	2	1	4	3	4	1	3	2	3	1	4	1	1	1	3	3	3	0	2	2	4	2	2	2	2	3	4	4	2	3	1	3	3	1	4	1	1	2	3	1	4	3	4	4	2	3	1	3	3	0	3	4	2	3	1	1	2	4	3	3	1	2	2	4	4	3	3	4	3	1	4	2	1	1	4	2	3	2	2	2	2	1	1	4	3	4	3	1	3	1	3	3	2	3	2	4	3	1	1	3	2	1	2	1	1	2	1	1	3
LI-RR-069	RR69	3	2	1	3	1	2	1	1	2	2	4	1	1	4	2	3	1	2	4	2	2	4	4	1	4	3	1	3	2	1	3	4	4	1	4	3	4	1	3	2	3	1	4	1	1	3	1	1	3	3	2	4	2	1	4	1	4	3	4	2	1	3	2	3	3	1	4	1	4	2	1	1	4	1	4	4	2	1	1	4	3	3	1	4	2	3	1	1	1	4	3	3	1	4	4	4	2	3	1	2	4	3	4	2	1	2	4	1	3	4	3	4	4	1	3	3	3	4	4	3	1	3	1	3	2	1	1	2	3	3	3	3	3	3	4	1	1	2	3	1	1
LI-RR-072	RR72	3	2	1	3	1	2	1	1	2	2	4	1	1	4	2	3	1	2	4	2	2	4	4	1	4	3	1	3	2	1	3	4	4	1	4	3	4	1	3	2	3	1	4	1	1	3	1	1	3	3	2	4	2	1	4	1	4	3	4	2	1	3	2	3	3	1	4	1	4	2	1	1	4	1	4	4	2	1	1	4	3	3	1	4	2	3	1	1	1	4	3	3	1	4	4	4	2	3	1	2	4	3	4	2	1	2	4	1	3	4	3	4	4	1	3	3	3	4	4	3	1	3	1	3	2	1	1	2	3	3	3	3	3	3	4	1	1	2	3	1	1
LI-RR-073	RR73	3	2	1	3	1	2	1	1	2	2	4	1	1	4	2	3	1	2	4	2	2	4	4	1	4	3	1	3	2	1	3	4	4	1	4	3	0	1	3	2	3	1	4	1	1	3	1	1	3	3	2	4	2	1	4	1	4	3	4	2	1	3	2	3	3	1	4	1	4	2	1	1	4	1	4	4	2	1	1	4	3	0	1	4	2	3	1	1	1	4	3	0	1	4	4	4	2	3	1	2	4	3	4	2	1	2	4	1	3	4	3	4	4	1	3	3	3	4	4	3	1	3	0	3	2	1	1	2	3	3	3	3	3	3	4	1	1	2	3	1	1
LI-RR-074	RR74	3	2	1	3	1	2	1	1	2	2	4	1	1	4	2	3	1	2	4	2	2	4	4	1	4	3	1	3	2	1	3	4	4	1	4	3	4	1	3	2	3	1	4	1	1	3	1	1	3	3	2	4	9	1	4	1	4	3	4	2	1	3	2	3	3	1	4	1	4	2	1	1	4	1	4	4	2	1	1	4	3	3	1	4	2	3	1	1	1	4	3	3	1	4	4	4	2	3	1	2	4	3	4	2	1	2	4	1	3	4	3	4	4	1	3	3	3	4	4	3	1	3	1	3	2	1	1	2	3	3	3	3	3	3	4	1	1	2	3	1	1
LI-RR-075	RR75	3	2	1	3	1	2	1	1	2	2	4	1	1	4	2	3	1	2	4	2	2	4	4	1	4	3	1	3	2	1	3	4	4	1	4	3	4	1	3	2	3	1	4	1	1	3	1	1	3	3	2	4	2	1	4	1	4	3	4	2	1	3	2	3	3	1	4	1	4	2	1	1	4	1	4	4	2	1	1	4	3	3	1	4	2	3	1	1	1	4	3	3	1	4	4	4	2	3	1	2	4	3	4	2	1	2	4	1	3	4	3	4	4	1	3	3	3	4	4	3	1	3	1	3	2	1	1	2	3	3	3	3	3	3	4	1	1	2	3	1	1
LI-RR-077	RR77	3	2	1	3	1	2	1	1	2	2	4	1	1	4	2	3	1	2	4	2	2	4	4	1	4	3	1	3	2	1	3	4	4	1	4	3	4	1	3	2	3	1	4	1	1	3	1	1	3	3	2	4	2	1	4	1	4	3	4	2	1	3	2	3	3	1	4	1	4	2	1	1	4	1	4	4	2	1	1	4	3	3	1	4	2	3	1	1	1	4	3	3	1	4	4	4	2	3	1	2	4	3	4	2	1	2	4	1	3	4	3	4	4	1	3	3	3	4	4	3	1	3	1	3	2	1	1	2	3	3	3	3	3	3	4	1	1	2	3	1	1
LI-RR-078	RR78	3	2	1	3	1	2	1	1	2	2	4	1	1	4	2	3	1	2	4	2	2	4	4	1	4	3	1	3	2	1	3	4	4	1	4	3	0	1	3	2	3	1	4	1	1	3	1	1	3	3	2	4	0	1	4	1	4	3	4	2	1	3	2	3	3	1	4	1	4	2	1	1	4	1	4	4	2	1	1	4	3	3	1	4	2	3	1	1	1	4	3	3	1	4	4	4	2	3	1	2	4	3	4	2	1	2	4	1	3	4	3	4	4	1	3	3	3	4	4	3	1	3	1	3	2	1	1	2	3	3	3	3	3	3	4	1	1	2	3	1	1
LI-RR-082	RR82	3	2	1	3	1	2	1	1	2	2	4	1	1	4	2	3	1	2	4	2	2	4	4	1	4	3	1	3	2	1	3	4	4	1	4	3	4	1	3	2	3	1	4	1	1	3	1	1	3	3	2	4	2	1	4	1	4	3	4	2	1	3	2	3	3	1	4	1	4	2	1	1	4	1	4	4	2	1	1	4	3	3	1	4	2	3	1	1	1	4	3	3	1	4	4	4	2	3	1	2	4	3	4	2	1	2	4	1	3	4	3	4	4	1	3	3	3	4	4	3	1	3	1	3	2	1	1	2	3	3	3	3	3	3	4	1	1	2	3	1	1
LI-RR-087	RR87	3	2	1	3	1	2	1	1	2	2	4	1	1	4	2	3	1	2	4	2	2	4	4	1	4	3	1	3	2	1	3	4	4	1	4	3	4	1	3	2	3	1	4	1	1	3	1	1	3	3	2	4	2	1	4	1	4	3	4	2	1	3	2	3	3	1	4	1	4	2	1	1	4	1	4	4	2	1	1	4	3	3	1	4	2	3	1	1	1	4	3	3	1	4	4	4	2	3	1	2	4	3	4	2	1	2	4	1	3	4	3	4	4	1	3	3	3	4	4	3	1	3	1	3	2	1	1	2	3	3	3	3	3	3	4	1	1	2	3	1	1
LI-RR-088	RR88	3	2	1	3	1	2	1	1	2	2	4	1	1	4	2	3	1	2	4	2	2	4	4	1	4	3	1	3	2	1	3	4	4	1	4	3	4	1	3	2	3	1	4	1	1	3	1	1	3	3	2	4	2	1	4	1	4	3	4	2	1	3	2	3	3	1	4	1	4	2	1	1	4	1	4	4	2	1	1	4	3	3	1	4	2	3	1	1	1	4	3	3	1	4	4	4	2	3	1	2	4	3	4	2	1	2	4	1	3	4	3	4	4	1	3	3	3	4	4	3	1	3	1	3	2	1	1	2	3	3	3	3	3	3	4	1	1	2	3	1	1
LI-RR-089	RR89	3	2	1	3	1	2	1	1	2	2	4	1	1	4	2	3	1	2	4	2	2	4	4	1	4	3	1	3	2	1	3	4	4	1	4	3	4	1	3	2	3	1	4	1	1	3	1	1	3	3	2	4	2	1	4	1	4	3	4	2	1	3	2	3	3	1	4	1	4	2	1	1	4	1	4	4	2	1	1	4	3	3	1	4	2	3	1	1	1	4	3	3	1	4	4	4	2	3	1	2	4	3	4	2	1	2	4	1	3	4	3	4	4	1	3	3	3	4	4	3	1	3	1	3	2	1	1	2	3	3	3	3	3	3	4	1	1	2	3	1	1
LI-RR-096	RR96	3	2	1	3	1	2	1	1	2	2	4	1	1	4	2	3	1	2	4	2	2	4	4	1	4	3	1	3	2	1	3	4	4	1	4	3	4	1	3	2	3	1	4	1	1	3	1	1	3	3	2	4	2	1	4	1	4	3	4	2	1	3	2	3	3	1	4	1	4	2	1	1	4	1	4	4	2	1	1	4	3	3	1	4	2	3	1	1	1	4	3	3	1	4	4	4	2	3	1	2	4	3	4	2	1	2	4	1	3	4	3	4	4	1	3	3	3	4	4	3	1	3	1	3	2	1	1	2	3	3	3	3	3	3	4	1	1	2	3	1	1
LI-RR-097	RR97	3	2	1	3	1	2	1	1	2	2	4	1	1	4	2	3	1	2	4	2	2	4	4	1	4	3	1	3	2	1	3	4	4	1	4	3	4	1	3	2	3	1	4	1	1	3	1	1	3	3	2	4	2	1	4	1	4	3	4	2	1	3	2	3	3	1	4	1	4	2	1	1	4	1	4	4	2	1	1	4	3	3	1	4	2	3	1	1	1	4	3	3	1	4	4	4	2	3	1	2	4	3	4	2	1	2	4	1	3	4	3	4	4	1	3	3	3	4	4	3	1	3	1	3	2	1	1	2	3	3	3	3	3	3	4	1	1	2	3	1	1
LI-RR-100	RR100	3	2	1	3	1	2	1	1	2	2	4	1	1	4	2	3	1	2	4	2	2	4	4	1	4	3	1	3	2	1	3	4	4	1	4	3	4	1	3	2	3	1	4	1	1	3	1	1	3	3	2	4	2	1	4	1	4	3	4	2	1	3	2	3	3	1	4	1	4	2	1	1	4	1	4	4	2	1	1	4	3	3	1	4	2	3	1	1	1	4	3	3	1	4	4	4	2	3	1	2	4	3	4	2	1	2	4	1	3	4	3	4	4	1	3	3	3	4	4	3	1	3	0	3	2	1	1	2	3	3	3	3	3	3	4	1	1	2	3	1	1
LI-EF-007	EF7	3	2	1	3	1	2	1	1	2	2	4	1	1	4	2	3	1	2	4	2	2	4	4	1	4	3	1	3	2	1	3	4	4	1	4	3	4	1	3	2	3	1	4	1	1	3	1	1	3	3	2	4	2	1	4	1	4	3	4	2	1	3	2	3	3	1	4	1	4	2	1	1	4	1	4	4	2	1	1	4	3	3	1	4	2	3	1	1	1	4	3	3	1	4	4	4	2	3	1	2	4	3	4	2	1	2	4	1	3	4	3	4	4	1	3	3	3	4	4	3	1	3	1	3	2	1	1	2	3	3	3	3	3	3	4	1	1	2	3	1	1
LI-EF-008	EF8	3	2	1	3	1	2	1	1	2	2	4	1	1	4	2	3	1	2	4	2	2	4	4	1	4	3	1	3	2	1	3	4	4	1	4	3	4	1	3	2	3	1	4	1	1	3	1	1	3	3	2	4	2	1	4	1	4	3	4	2	1	3	2	3	3	1	4	1	4	2	1	1	4	1	4	4	2	1	1	4	3	3	1	4	2	3	1	1	1	4	3	3	1	4	4	4	2	3	1	2	4	3	4	2	1	2	4	1	3	4	3	4	4	1	3	3	3	4	4	3	1	3	1	3	2	1	1	2	3	3	3	3	3	3	4	1	1	2	3	1	1
LI-EF-011	EF11	3	2	1	3	1	2	1	1	2	2	4	1	1	4	2	3	1	2	4	2	2	4	4	1	4	3	1	3	2	1	3	4	4	1	4	3	4	1	3	2	3	1	4	1	1	3	1	1	3	3	2	4	2	1	4	1	4	3	4	2	1	3	2	3	3	1	4	1	4	2	1	1	4	1	4	4	2	1	1	4	3	0	1	4	2	3	1	1	1	4	3	3	1	4	4	4	2	3	1	2	4	3	4	2	1	0	4	1	3	4	3	4	4	1	3	3	3	4	4	3	1	3	1	3	2	1	1	2	3	3	3	3	3	3	4	1	1	2	3	0	1
LI-EF-012	EF12	3	2	1	3	1	2	1	1	2	2	4	1	1	4	2	3	1	2	4	2	2	4	4	1	4	3	1	3	2	1	3	4	4	1	4	3	4	1	3	2	3	1	4	1	1	3	1	1	3	3	2	4	2	1	4	1	4	3	4	2	1	3	2	3	3	1	4	1	4	2	1	1	4	1	4	4	2	1	1	4	3	3	1	4	2	3	1	1	1	4	3	3	1	4	4	4	2	3	1	2	4	3	4	2	1	2	4	1	3	4	3	4	4	1	3	3	3	4	4	3	1	3	1	3	2	1	1	2	3	3	3	3	3	3	4	1	1	2	3	1	1
LI-EF-018	EF18	3	2	1	3	1	2	1	1	2	2	4	1	1	4	2	3	1	2	4	2	2	4	4	1	4	3	1	3	2	1	3	4	4	1	4	3	4	1	3	2	3	1	4	1	1	3	1	1	3	3	2	4	2	1	4	1	4	3	4	2	1	3	2	3	3	1	4	1	4	2	1	1	4	1	4	4	2	1	1	4	3	3	1	4	2	3	1	1	1	4	3	3	1	4	4	4	2	3	1	2	4	3	4	2	1	2	4	1	3	4	3	4	4	1	3	3	3	4	4	3	1	3	1	3	2	1	1	2	3	3	3	3	3	3	4	1	1	2	3	1	1
LI-EF-021	EF21	3	2	1	3	1	2	1	1	2	2	4	1	1	4	2	3	1	2	4	2	2	4	4	1	4	3	1	3	2	1	3	4	4	1	4	3	4	1	3	2	3	1	4	1	1	3	1	1	3	3	2	4	2	1	4	1	4	3	4	2	1	3	2	3	3	1	4	1	4	2	1	1	4	1	4	4	2	1	1	4	3	3	1	4	2	3	1	1	1	4	3	3	1	4	4	4	2	3	1	2	4	3	4	2	1	2	4	1	3	4	3	4	4	1	3	3	3	4	4	3	1	3	1	3	2	1	1	2	3	3	3	3	3	3	4	1	1	2	3	1	1
LI-EF-024	EF24	3	2	1	3	1	2	1	1	2	2	4	1	1	4	2	3	1	2	4	2	2	4	4	1	4	3	1	3	2	1	3	4	4	1	4	3	4	1	3	2	3	1	4	1	1	3	1	1	3	3	2	4	2	1	4	1	4	3	4	2	1	3	2	3	3	1	4	1	4	2	1	1	4	1	4	4	2	1	1	4	3	3	1	4	2	3	1	1	1	4	3	3	1	4	4	4	2	3	1	2	4	3	4	2	1	2	4	1	3	4	3	4	4	1	3	3	3	4	4	3	1	3	1	3	2	1	1	2	3	3	3	3	3	3	4	1	1	2	3	1	1
LI-EF-025	EF25	3	2	1	3	1	2	1	1	2	2	4	1	1	4	2	3	1	2	4	2	2	4	4	1	4	3	1	3	2	1	3	4	4	1	4	3	4	1	3	2	3	1	4	1	1	3	1	1	3	3	2	4	2	1	4	1	4	3	4	2	1	3	2	3	3	1	4	1	4	2	1	1	4	1	4	4	2	1	1	4	3	3	1	4	2	3	1	1	1	4	3	3	1	4	4	4	2	3	1	2	4	3	4	2	1	2	4	1	3	4	3	4	4	1	3	3	3	4	4	3	1	3	1	3	2	1	1	2	3	3	3	3	3	3	4	1	1	2	3	1	1
LI-EF-030	EF30	3	2	1	3	1	2	1	1	2	2	4	1	1	4	2	3	1	2	4	2	2	4	4	1	4	3	1	3	2	1	3	4	4	1	4	3	4	1	3	2	3	1	4	1	1	3	1	1	3	3	2	4	2	1	4	1	4	3	4	2	1	3	2	3	3	1	4	1	4	2	1	1	4	1	4	4	2	1	1	4	3	3	1	4	2	3	1	1	1	4	3	3	1	4	4	4	2	3	1	2	4	3	4	2	1	2	4	1	3	4	3	4	4	1	3	3	3	4	4	3	1	3	1	3	2	1	1	2	3	3	3	3	3	3	4	1	1	2	3	1	1
LI-EF-034	EF34	3	2	1	3	1	2	1	1	2	2	4	1	1	4	2	3	1	2	4	2	2	4	4	1	4	3	1	3	2	1	3	4	4	1	4	3	4	1	3	2	3	1	4	1	1	3	1	1	3	3	2	4	2	1	4	1	4	3	4	2	1	3	2	3	3	1	4	1	4	2	1	1	4	1	4	4	2	1	1	4	3	3	1	4	2	3	1	1	1	4	3	3	1	4	4	4	2	3	1	2	4	3	4	2	1	2	4	1	3	4	3	4	4	1	3	3	3	4	4	3	1	3	1	3	2	1	1	2	3	3	3	3	3	3	4	1	1	2	3	1	1
LI-EF-035	EF35	3	2	1	3	1	2	1	1	2	2	4	1	1	4	2	3	1	2	4	2	2	4	4	1	4	3	1	3	2	1	3	4	4	1	4	3	4	1	3	2	3	1	4	1	1	3	1	1	3	3	2	4	2	1	4	1	4	3	4	2	1	3	2	3	3	1	4	1	4	2	1	1	4	1	4	4	2	1	1	4	3	3	1	4	2	3	1	1	1	4	3	3	1	4	4	4	2	3	1	2	4	3	4	2	1	2	4	1	3	4	3	4	4	1	3	3	3	4	4	3	1	3	1	3	2	1	1	2	3	3	3	3	3	3	4	1	1	2	3	1	1
LI-EF-042	EF42	3	2	1	3	1	2	1	1	2	2	4	1	1	4	2	3	1	2	4	2	2	4	4	1	4	3	1	3	2	1	3	4	4	1	4	3	4	1	3	2	3	1	4	1	1	3	1	1	3	3	2	4	2	1	4	1	4	3	4	2	1	3	2	3	3	1	4	1	4	2	1	1	4	1	4	4	2	1	1	4	3	3	1	4	2	3	1	1	1	4	3	3	1	4	4	4	2	3	1	2	4	3	4	2	1	2	4	1	3	4	3	4	4	1	3	3	3	4	4	3	1	3	1	3	2	1	1	2	3	3	3	3	3	3	4	1	1	2	3	1	1
LI-EF-043	EF43	3	2	1	3	1	2	1	1	2	2	4	1	1	4	2	3	1	2	4	2	2	4	4	1	4	3	1	3	2	1	3	4	4	1	4	3	4	1	3	2	3	1	4	1	1	3	1	1	3	3	2	4	2	1	4	1	4	3	4	2	1	3	2	3	3	1	4	1	4	2	1	1	4	1	4	4	2	1	1	4	3	3	1	4	2	3	1	1	1	4	3	3	1	4	4	4	2	3	1	2	4	3	4	2	1	2	4	1	3	4	3	4	4	1	3	3	3	4	4	3	1	3	1	3	2	1	1	2	3	3	3	3	3	3	4	1	1	2	3	1	1
LI-EF-044	EF44	3	2	1	3	1	2	1	1	2	2	4	1	1	4	2	3	1	2	4	2	2	4	4	1	4	3	1	3	2	1	3	4	4	1	4	3	4	1	3	2	3	1	4	1	1	3	1	1	3	3	2	4	2	1	4	1	4	3	4	2	1	3	2	3	3	1	4	1	4	2	1	1	4	1	4	4	2	1	1	4	3	3	1	4	2	3	1	1	1	4	3	3	1	4	4	4	2	3	1	2	4	3	4	2	1	2	4	1	3	4	3	4	4	1	3	3	3	4	4	3	1	3	1	3	2	1	1	2	3	3	3	3	3	3	4	1	1	2	3	1	1
LI-EF-047	EF47	3	2	1	3	1	2	1	1	2	2	4	1	1	4	2	3	1	2	4	2	2	4	4	1	4	3	1	3	2	1	3	4	4	1	4	3	4	1	3	2	3	1	4	1	1	3	1	1	3	3	2	4	2	1	4	1	4	3	4	2	1	3	2	3	3	1	4	1	4	2	1	1	4	1	4	4	2	1	1	4	3	3	1	4	2	3	1	1	1	4	3	3	1	4	4	4	2	3	1	2	4	3	4	2	1	2	4	1	3	4	3	4	4	1	3	3	3	4	4	3	1	3	1	3	2	1	1	2	3	3	3	3	3	3	4	1	1	2	3	1	1
LI-EF-058	EF58	3	2	1	3	1	2	1	1	2	2	4	1	1	4	2	3	1	2	4	2	2	4	4	1	4	3	1	3	2	1	3	4	4	1	4	3	4	1	3	2	3	1	4	1	1	3	1	1	3	3	2	4	2	1	4	1	4	3	4	2	1	3	2	3	3	1	4	1	4	2	1	1	4	1	4	4	2	1	1	4	3	3	1	4	2	3	1	1	1	4	3	3	1	4	4	4	2	3	1	2	4	3	4	2	1	2	4	1	3	4	3	4	4	1	3	3	3	4	4	3	1	3	1	3	2	1	1	2	3	3	3	3	3	3	4	1	1	2	3	1	1
LI-EF-061	EF61	3	2	1	3	1	2	1	1	2	2	4	1	1	4	2	3	1	2	4	2	2	4	4	1	4	3	1	3	2	1	3	4	4	1	4	3	4	1	3	2	3	1	4	1	1	3	1	1	3	3	2	4	2	1	4	1	4	3	4	2	1	3	2	3	3	1	4	1	4	2	1	1	4	1	4	4	2	1	1	4	3	3	1	4	2	3	1	1	1	4	3	3	1	4	4	4	2	3	1	2	4	3	4	2	1	2	4	1	3	4	3	4	4	1	3	3	3	4	4	3	1	3	1	3	2	1	1	2	3	3	3	3	3	3	4	1	1	2	3	1	1
LI-EF-063	EF63	3	2	1	3	1	2	1	1	2	2	4	1	1	4	2	3	1	0	4	2	2	0	4	1	4	3	1	3	2	1	3	4	4	1	4	3	0	1	3	2	3	0	4	1	1	3	1	0	3	3	2	4	2	1	4	1	4	3	4	2	1	3	2	3	3	1	4	1	4	2	1	1	4	1	4	4	2	1	1	4	0	3	1	4	0	3	1	1	1	4	3	0	1	4	4	4	2	3	1	2	4	3	4	2	1	2	4	1	3	4	3	0	4	1	3	3	3	4	4	3	1	0	0	3	0	1	1	2	3	3	3	3	3	3	4	1	1	2	3	1	1
LI-EF-067	EF67	3	2	1	3	1	2	1	1	2	2	4	1	1	4	2	3	1	2	4	2	2	4	4	1	4	3	1	3	2	1	3	4	4	1	4	3	4	1	3	2	3	1	4	1	1	3	1	1	3	3	2	4	2	1	4	1	4	3	4	2	1	3	2	3	3	1	4	1	4	2	1	1	4	1	4	4	2	1	1	4	3	3	1	4	2	3	1	1	1	4	3	3	1	4	4	4	2	3	1	2	4	3	4	2	1	2	4	1	3	4	3	4	4	1	3	3	3	4	4	3	1	3	1	3	2	1	1	2	3	3	3	3	3	3	4	1	1	2	3	1	1
LI-EF-070	EF70	3	2	1	3	1	2	1	1	2	2	4	1	1	4	2	3	1	2	4	2	2	4	4	1	4	3	1	3	2	1	3	4	4	1	4	3	4	1	3	2	3	1	4	1	1	3	1	1	3	3	2	4	2	1	4	1	4	3	4	2	1	3	2	3	3	1	4	1	4	2	1	1	4	1	4	4	2	1	1	4	3	3	1	4	2	3	1	1	1	4	3	3	1	4	4	4	2	3	1	2	4	3	4	2	1	2	4	1	3	4	3	4	4	1	3	3	3	4	4	3	1	3	1	3	2	1	1	2	3	3	3	3	3	3	4	1	1	2	3	1	1
LI-EF-073	EF73	3	2	1	3	1	2	1	1	2	2	4	1	1	4	2	3	1	2	4	2	2	4	4	1	4	3	1	3	2	1	3	4	4	1	4	3	4	1	3	2	3	1	4	1	1	3	1	1	3	3	2	4	2	1	4	1	4	3	4	2	1	3	2	3	3	1	4	1	4	2	1	1	4	1	4	4	2	1	1	4	3	3	1	4	2	3	1	1	1	4	3	3	1	4	4	4	2	3	1	2	4	3	4	2	1	2	4	1	3	4	3	4	4	1	3	3	3	4	4	3	1	3	1	3	2	1	1	2	3	3	3	3	3	3	4	1	1	2	3	1	1
LI-EF-074	EF74	3	2	1	3	1	2	1	1	2	2	4	1	1	4	2	3	1	2	4	2	2	4	4	1	4	3	1	3	2	1	3	4	4	1	4	3	4	1	3	2	3	1	4	1	1	3	1	1	3	3	2	4	2	1	4	1	4	3	4	2	1	3	2	3	3	1	4	1	4	2	1	1	4	1	4	4	2	1	1	4	3	3	1	4	2	3	1	1	1	4	3	3	1	4	4	4	2	3	1	2	4	3	4	2	1	2	4	1	3	4	3	4	4	1	3	3	3	4	4	3	1	3	1	3	2	1	1	2	3	3	3	3	3	3	4	1	1	2	3	1	1
LI-EF-082	EF82	3	2	1	3	1	2	1	1	2	2	4	1	1	4	2	3	1	2	4	2	2	4	4	1	4	3	1	3	2	1	3	4	4	1	4	3	4	1	3	2	3	1	4	1	1	3	1	1	3	3	2	4	2	1	4	1	4	3	4	2	1	3	2	3	3	1	4	1	4	2	1	1	4	1	4	4	2	1	1	4	3	3	1	4	2	3	1	1	1	4	3	3	1	4	4	4	2	3	1	2	4	3	4	2	1	2	4	1	3	4	3	4	4	1	3	3	3	4	4	3	1	3	1	3	2	1	1	2	3	3	3	3	3	3	4	1	1	2	3	1	1
LI-EF-086	EF86	3	2	1	3	1	2	1	1	2	2	4	1	1	4	2	3	1	2	4	2	2	4	4	1	4	3	1	3	2	1	3	4	4	1	4	3	4	1	3	2	3	1	4	1	1	3	1	1	3	3	2	4	2	1	4	1	4	3	4	2	1	3	2	3	3	1	4	1	4	2	1	1	4	1	4	4	2	1	1	4	3	3	1	4	2	3	1	1	1	4	3	3	1	4	4	4	2	3	1	2	4	3	4	2	1	2	4	1	3	4	3	4	4	1	3	3	3	4	4	3	1	3	1	3	2	1	1	2	3	3	3	3	3	3	4	1	1	2	3	1	1
LI-EF-094	EF94	3	2	1	3	1	2	1	1	2	2	4	1	1	4	2	0	1	0	4	2	2	4	4	0	4	3	1	3	2	1	3	4	0	1	4	3	4	1	3	2	3	1	4	1	1	3	1	0	3	3	2	4	2	1	0	1	4	3	4	2	1	3	2	3	3	1	4	1	4	2	1	1	4	1	4	4	2	1	1	4	3	3	1	4	2	3	1	1	1	4	0	3	1	4	4	4	2	3	1	2	4	3	4	2	1	2	0	1	3	4	3	0	4	1	3	3	3	0	4	3	1	0	1	3	0	1	1	2	3	3	3	0	3	3	4	1	6	2	3	1	1
LI-EF-097	EF97	3	2	1	3	1	2	1	1	2	2	4	1	1	4	2	3	1	2	4	2	2	4	4	1	4	3	1	3	2	1	3	4	4	1	4	3	4	1	3	2	3	1	4	1	1	3	1	1	3	3	2	4	2	1	4	1	4	3	4	2	1	3	2	3	3	1	4	1	4	2	1	1	4	1	4	4	2	1	1	4	3	3	1	4	2	3	1	1	1	4	3	3	1	4	4	4	2	3	1	2	4	3	4	2	1	2	4	1	3	4	3	4	4	1	3	3	3	4	4	3	1	3	1	3	2	1	1	2	3	3	3	3	3	3	4	1	1	2	3	1	1
LI-SET-001	SET1	3	2	1	3	1	2	1	1	2	2	4	1	1	4	2	3	1	2	4	2	2	4	4	1	4	3	1	3	2	1	3	4	4	1	4	3	4	1	3	2	3	1	4	1	1	3	1	1	3	3	2	4	2	1	4	1	4	3	4	2	1	3	2	3	3	1	4	1	4	2	1	1	4	1	4	4	2	1	1	4	3	3	1	4	2	3	1	1	1	4	3	3	1	4	4	4	2	3	1	2	4	3	4	2	1	2	4	1	3	4	3	4	4	1	3	3	3	4	4	3	1	3	1	3	2	1	1	2	3	3	3	3	3	3	4	1	1	2	3	1	1
LI-SET-002	SET2	1	1	1	4	3	2	1	1	2	2	2	3	1	1	4	3	1	2	2	2	4	4	4	3	4	2	4	1	1	3	3	3	2	4	2	3	4	1	3	3	3	1	4	1	1	1	3	3	3	3	2	2	4	2	2	2	2	3	4	4	2	3	1	3	3	1	1	1	1	2	3	1	4	3	4	4	2	3	1	3	3	0	3	4	2	3	3	2	2	4	3	3	1	2	2	4	4	3	3	4	3	1	4	2	1	1	4	2	3	2	2	2	2	1	1	4	3	4	3	1	3	1	3	3	2	3	2	4	3	1	1	3	2	1	2	1	1	2	1	1	3
LI-SET-003	SET3	3	2	1	3	1	2	1	1	2	2	4	1	1	4	2	3	1	2	4	2	2	4	4	1	4	3	1	3	2	1	3	4	4	1	4	3	4	1	3	2	3	1	4	1	1	3	1	1	3	3	2	4	2	1	4	1	4	3	4	2	1	3	2	3	3	1	4	1	4	2	1	1	4	1	4	4	2	1	1	4	3	3	1	4	2	3	1	1	1	4	3	3	1	4	4	4	2	3	1	2	4	3	4	2	1	2	4	1	3	4	3	4	4	1	3	3	3	4	4	3	1	3	1	3	2	1	1	2	3	3	3	3	3	3	4	1	1	2	3	1	1
LI-SET-004	SET4	1	1	1	4	3	2	1	1	2	2	2	3	1	1	4	3	1	2	2	2	4	4	4	3	4	2	4	1	1	3	3	3	2	4	2	3	4	1	3	3	3	1	4	1	1	1	3	3	3	0	2	2	4	2	2	2	2	3	4	4	2	3	1	3	3	1	1	1	1	2	3	1	4	3	4	4	2	3	1	3	3	0	3	4	2	3	3	2	2	4	3	3	1	2	2	4	4	3	3	4	3	1	4	2	1	1	4	2	3	2	2	2	2	1	1	4	3	4	3	1	3	1	3	3	2	3	2	4	3	1	1	3	2	1	2	1	1	2	1	1	3
LI-SET-005	SET5	3	2	1	3	1	2	1	1	2	2	4	1	1	4	2	3	1	2	4	2	2	4	4	1	4	3	1	3	2	1	3	4	4	1	4	3	4	1	3	2	3	1	4	1	1	3	1	1	3	3	2	4	2	1	4	1	4	3	4	2	1	3	2	3	3	1	4	1	4	2	1	1	4	1	4	4	2	1	1	4	3	3	1	4	2	3	1	1	1	4	3	3	1	4	4	4	2	3	1	2	4	3	4	2	1	2	4	1	3	4	3	4	4	1	3	3	3	4	4	3	1	3	1	3	2	1	1	2	3	3	3	3	3	3	4	1	1	2	3	1	1
LI-SET-006	SET6	3	2	1	3	1	2	1	1	2	2	4	1	1	4	2	3	1	2	4	2	2	4	4	1	4	3	1	3	2	1	3	4	4	1	4	3	4	1	3	2	3	1	4	1	1	3	1	1	3	3	2	4	2	1	4	1	4	3	4	2	1	3	2	3	3	1	4	1	4	2	1	1	4	1	4	4	2	1	1	4	3	3	1	4	2	3	1	1	1	4	3	3	1	4	4	4	2	3	1	2	4	3	4	2	1	2	4	1	3	4	3	4	4	1	3	3	3	4	4	3	1	3	1	3	2	1	1	2	3	3	3	3	3	3	4	1	1	2	3	1	1
LI-SET-009	SET9	1	1	1	4	3	2	1	1	2	2	2	3	1	1	4	3	1	2	2	2	4	4	4	3	4	2	4	1	1	3	3	3	2	4	2	3	4	1	3	3	3	1	4	1	1	1	3	3	3	0	2	2	4	2	2	2	2	3	4	4	2	3	1	3	3	1	1	1	1	2	3	1	4	3	4	4	2	3	1	3	3	0	3	4	2	3	3	2	2	4	3	3	1	2	2	4	4	3	3	4	3	1	4	2	1	1	4	2	3	2	2	2	2	1	1	4	3	4	3	1	3	1	3	3	2	3	2	4	3	1	1	3	2	1	2	1	1	2	1	1	3
LI-SET-011	SET11	3	2	1	3	1	2	1	1	2	2	4	1	1	4	2	3	1	2	4	2	2	4	4	1	4	3	1	3	2	1	3	4	4	1	4	3	4	1	3	2	3	1	4	1	1	3	1	1	3	3	2	4	2	1	4	1	4	3	4	2	1	3	2	3	3	1	4	1	4	2	1	1	4	1	4	4	2	1	1	4	3	3	1	4	2	3	1	1	1	4	3	3	1	4	4	4	2	3	1	2	4	3	4	2	1	2	4	1	3	4	3	4	4	1	3	3	3	4	4	3	1	3	1	3	2	1	1	2	3	3	3	3	3	3	4	1	1	2	3	1	1
LI-SET-012	SET12	1	1	1	4	3	2	1	1	2	2	2	3	1	1	4	3	1	2	2	2	4	4	4	3	4	2	4	1	1	3	3	3	2	4	2	3	4	1	3	3	3	1	4	1	1	1	3	3	3	0	2	2	4	2	2	2	2	3	4	4	2	3	1	3	3	1	1	1	1	2	3	1	4	3	4	4	2	3	1	3	3	0	3	4	2	3	3	2	2	4	3	3	1	2	2	4	4	3	3	4	3	1	4	2	1	1	4	2	3	2	2	2	2	1	1	4	3	4	3	1	3	1	3	3	2	3	2	4	3	1	1	3	2	1	2	1	1	2	1	1	3
LI-SET-013	SET13	3	2	1	3	1	2	1	1	2	2	4	1	1	4	2	3	1	2	4	2	2	4	4	1	4	3	1	3	2	1	3	4	4	1	4	3	4	1	3	2	3	1	4	1	1	3	1	1	3	3	2	4	2	1	4	1	4	3	4	2	1	3	2	3	3	1	4	1	4	2	1	1	4	1	4	4	2	1	1	4	3	3	1	4	2	3	1	1	1	4	3	3	1	4	4	4	2	3	1	2	4	3	4	2	1	2	4	1	3	4	3	4	4	1	3	3	3	4	4	3	1	3	1	3	2	1	1	2	3	3	3	3	3	3	4	1	1	2	3	1	1
LI-SET-014	SET14	1	1	1	4	3	2	1	1	2	2	2	3	1	1	4	3	1	2	2	2	4	4	4	3	4	2	4	1	1	3	3	3	2	4	2	3	4	1	3	3	3	1	4	1	1	1	3	3	3	0	2	2	4	2	2	2	2	3	4	4	2	3	1	3	3	1	1	1	1	2	3	1	4	3	4	4	2	3	1	3	3	0	3	4	2	3	3	2	2	4	3	3	1	2	2	4	4	3	3	4	3	1	4	2	1	1	4	2	3	2	2	2	2	1	1	4	3	4	3	1	3	1	3	3	2	3	2	4	3	1	1	3	2	1	2	1	1	2	1	1	3
LI-SET-015	SET15	1	1	1	4	3	2	1	1	2	2	2	3	1	1	4	3	1	2	2	2	4	4	4	3	4	2	4	1	1	3	3	3	2	4	2	3	4	1	3	3	3	1	4	1	1	1	3	3	3	0	2	2	4	2	2	2	2	3	4	4	2	3	1	3	3	1	1	1	1	2	3	1	4	3	4	4	2	3	1	3	3	0	3	4	2	3	3	2	2	4	3	3	1	2	2	4	4	3	3	4	3	1	4	2	1	1	4	2	3	2	2	2	2	1	1	4	3	4	3	1	3	1	3	3	2	3	2	4	3	1	1	3	2	1	2	1	1	2	1	1	3
LI-SET-017	SET17	3	2	1	3	1	2	1	1	2	2	4	1	1	4	2	3	1	2	4	2	2	4	4	1	4	3	1	3	2	1	3	4	4	1	4	3	4	1	3	2	3	1	4	1	1	3	1	1	3	3	2	4	2	1	4	1	4	3	4	2	1	3	2	3	3	1	4	1	4	2	1	1	4	1	4	4	2	1	1	4	3	3	1	4	2	3	1	1	1	4	3	3	1	4	4	4	2	3	1	2	4	3	4	2	1	2	4	1	3	4	3	4	4	1	3	3	3	4	4	3	1	3	1	3	2	1	1	2	3	3	3	3	3	3	4	1	1	2	3	1	1
LI-SET-18a	SET18a	3	2	1	3	1	2	1	1	2	2	4	1	1	4	2	3	1	2	4	2	2	4	4	1	4	3	1	3	2	1	3	4	4	1	4	3	4	1	3	2	3	1	4	1	1	3	1	1	3	3	2	4	2	1	4	1	4	3	4	2	1	3	2	3	3	1	4	1	4	2	1	1	4	1	4	4	2	1	1	4	3	3	1	4	2	3	1	1	1	4	3	3	1	4	4	4	2	3	1	2	4	3	4	2	1	2	4	1	3	4	3	4	4	1	3	3	3	4	4	3	1	3	0	3	2	1	1	2	3	3	3	3	3	3	4	1	1	2	3	1	1
LI-SET-18b	SET18b	3	2	1	3	1	2	1	1	2	2	4	1	1	4	2	3	1	2	4	2	2	4	4	1	4	3	1	3	2	1	3	4	4	1	4	3	4	1	3	2	3	1	4	1	1	3	1	1	3	3	2	4	2	1	4	1	4	3	4	2	1	3	2	3	3	1	4	1	4	2	1	1	4	1	4	4	2	1	1	4	3	0	1	4	2	3	1	1	1	4	3	3	1	4	4	4	2	3	1	2	4	3	4	2	1	2	4	1	3	4	3	4	4	1	3	3	3	4	4	3	1	3	1	3	2	1	1	2	3	3	3	3	3	3	4	1	1	2	3	0	1
LI-SET-019	SET19	3	2	1	3	1	2	1	1	2	2	4	1	1	4	2	3	1	2	4	2	2	4	4	1	4	3	1	3	2	1	3	4	4	1	4	3	4	1	3	2	3	1	4	1	1	3	1	1	3	3	2	4	2	1	4	1	4	3	4	2	1	3	2	3	3	1	4	1	4	2	1	1	4	1	4	4	2	1	1	4	3	3	1	4	2	3	1	1	1	4	3	3	1	4	4	4	2	3	1	2	4	3	4	2	1	2	4	1	3	4	3	4	4	1	3	3	3	4	4	3	1	3	1	3	2	1	1	2	3	3	3	3	3	3	4	1	1	2	3	1	1
LI-SET-020	SET20	1	1	1	4	3	2	1	1	2	2	2	3	1	1	4	3	1	2	2	2	4	4	4	3	4	2	4	1	1	3	3	3	2	4	2	3	4	1	3	3	3	1	4	1	1	1	3	3	3	3	2	2	4	2	2	2	2	3	4	4	2	3	1	3	3	1	1	1	1	2	3	1	4	3	4	4	2	3	1	3	3	0	3	4	2	3	3	2	2	4	3	3	1	2	2	4	4	3	3	4	3	1	4	2	1	1	4	2	3	2	2	2	2	1	1	4	3	4	3	1	3	1	3	3	2	3	2	4	3	1	1	3	2	1	2	1	1	2	1	1	3
LI-SET-021	SET21	1	1	1	4	3	2	1	1	2	2	2	3	1	1	4	3	1	2	2	2	4	4	4	3	4	2	4	1	1	3	3	3	2	4	2	3	4	1	3	3	3	1	4	1	1	1	3	3	3	0	2	2	4	2	2	2	2	3	4	4	2	3	1	3	3	1	1	1	1	2	3	1	4	3	4	4	2	3	1	3	3	0	3	4	2	3	3	2	2	4	3	3	1	2	2	4	4	3	3	4	3	1	4	2	1	1	4	2	3	2	2	2	2	1	1	4	3	4	3	1	3	1	3	3	2	3	2	4	3	1	1	3	2	1	2	1	1	2	1	1	3
LI-SET-022	SET22	3	2	1	3	1	2	1	1	2	2	4	1	1	4	2	3	1	2	4	2	2	4	4	1	4	3	1	3	2	1	3	4	4	1	4	3	4	1	3	2	3	1	4	1	1	3	1	1	3	3	2	4	2	1	4	1	4	3	4	2	1	3	2	3	3	1	4	1	4	2	1	1	4	1	4	4	2	1	1	4	3	3	1	4	2	3	1	1	1	4	3	3	1	4	4	4	2	3	1	2	4	3	4	2	1	2	4	1	3	4	3	4	4	1	3	3	3	4	4	3	1	3	1	3	2	1	1	2	3	3	3	3	3	3	4	1	1	2	3	1	1
LI-SET-024	SET24	3	2	1	3	1	2	1	1	2	2	4	1	1	4	2	3	1	2	4	2	2	4	4	1	4	3	1	3	2	1	3	4	4	1	4	3	4	1	3	2	3	1	4	1	1	3	1	1	3	3	2	4	2	1	4	1	4	3	4	2	1	3	2	3	3	1	4	1	4	2	1	1	4	1	4	4	2	1	1	4	3	3	1	4	2	3	1	1	1	4	3	3	1	4	4	4	2	3	1	2	4	3	4	2	1	2	4	1	3	4	3	4	4	1	3	3	3	4	4	3	1	3	1	3	2	1	1	2	3	3	3	3	3	3	4	1	1	2	3	1	1
LI-SET-025	SET25	3	2	1	3	1	2	1	1	2	2	4	1	1	4	2	3	1	2	4	2	2	4	4	1	4	3	1	3	2	1	3	4	4	1	4	3	4	1	3	2	3	1	4	1	1	3	1	1	3	3	2	4	2	1	4	1	4	3	4	2	1	3	2	3	3	1	4	1	4	2	1	1	4	1	4	4	2	1	1	4	3	3	1	4	2	3	1	1	1	4	3	3	1	4	4	4	2	3	1	2	4	3	4	2	1	2	4	1	3	4	3	4	4	1	3	3	3	4	4	3	1	3	1	3	2	1	1	2	3	3	3	3	3	3	4	1	1	2	3	1	1
LI-SET-026	SET26	3	2	1	3	1	2	1	1	2	2	4	1	1	4	2	3	1	2	4	2	2	4	4	1	4	3	1	3	2	1	3	4	4	1	4	3	4	1	3	2	3	1	4	1	1	3	1	1	3	3	2	4	2	1	4	1	4	3	4	2	1	3	2	3	3	1	4	1	4	2	1	1	4	1	4	4	2	1	1	4	3	3	1	4	2	3	1	1	1	4	3	3	1	4	4	4	2	3	1	2	4	3	4	2	1	2	4	1	3	4	3	4	4	1	3	3	3	4	4	3	1	3	1	3	2	1	1	2	3	3	3	3	3	3	4	1	1	2	3	1	1
LI-SET-028	SET28	3	2	1	3	1	2	1	1	2	2	4	1	1	4	2	3	1	2	4	2	2	4	4	1	4	3	1	3	2	1	3	4	4	1	4	3	4	1	3	2	3	1	4	1	1	3	1	1	3	3	2	4	2	1	4	1	4	3	4	2	1	3	2	3	3	1	4	1	4	2	1	1	4	1	4	4	2	1	1	4	3	3	1	4	2	3	1	1	1	4	3	3	1	4	4	4	2	3	1	2	4	3	4	2	1	2	4	1	3	4	3	4	4	1	3	3	3	4	4	3	1	3	0	3	2	1	1	2	3	3	3	3	3	3	4	1	1	2	3	1	1
LI-SET-029	SET29	3	2	1	3	1	2	1	1	2	2	4	1	1	4	2	3	1	2	4	2	2	4	4	1	4	3	1	3	2	1	3	4	4	1	4	3	4	1	3	2	3	1	4	1	1	3	1	1	3	3	2	4	2	1	4	1	4	3	4	2	1	3	2	3	3	1	4	1	4	2	1	1	4	1	4	4	2	1	1	4	3	3	1	4	2	3	1	1	1	4	3	3	1	4	4	4	2	3	1	2	4	3	4	2	1	2	4	1	3	4	3	4	4	1	3	3	3	4	4	3	1	3	1	3	2	1	1	2	3	3	3	3	3	3	4	1	1	2	3	1	1
LI-SET-030	SET30	3	2	1	3	1	2	1	1	2	2	4	1	1	4	2	3	1	2	4	2	2	4	4	1	4	3	1	3	2	1	3	4	4	1	4	3	4	1	3	2	3	1	4	1	1	3	1	1	3	3	2	4	2	1	4	1	4	3	4	2	1	3	2	3	3	1	4	1	4	2	1	1	4	1	4	4	2	1	1	4	3	3	1	4	2	3	1	1	1	4	3	3	1	4	4	4	2	3	1	2	4	3	4	2	1	2	4	1	3	4	3	4	4	1	3	3	3	4	4	3	1	3	1	3	2	1	1	2	3	3	3	3	3	3	4	1	1	2	3	1	1
LI-SET-031	SET31	3	2	1	3	1	2	1	1	2	2	4	1	1	4	2	3	1	2	4	2	2	4	4	1	4	3	1	3	2	1	3	4	4	1	4	3	4	1	3	2	3	1	4	1	1	3	1	1	3	3	2	4	2	1	4	1	4	3	4	2	1	3	2	3	3	1	4	1	4	2	1	1	4	1	4	4	2	1	1	4	3	3	1	4	2	3	1	1	1	4	3	3	1	4	4	4	2	3	1	2	4	3	4	2	1	2	4	1	3	4	3	4	4	1	3	3	3	4	4	3	1	3	1	3	2	1	1	2	3	3	3	3	3	3	4	1	1	2	3	1	1
LI-SET-032	SET32	3	2	1	3	1	2	1	1	2	2	4	1	1	4	2	3	1	2	4	2	2	4	4	1	4	3	1	3	2	1	3	4	4	1	4	3	4	1	3	2	3	1	4	1	1	3	1	1	3	3	2	4	2	1	4	1	4	3	4	2	1	3	2	3	3	1	4	1	4	2	1	1	4	1	4	4	2	1	1	4	3	3	1	4	2	3	1	1	1	4	3	3	1	4	4	4	2	3	1	2	4	3	4	2	1	2	4	1	3	4	3	4	4	1	3	3	3	4	4	3	1	3	0	3	2	1	1	2	3	3	3	3	3	3	4	1	1	2	3	1	1
LI-SET-033	SET33	3	2	1	3	1	2	1	1	2	2	4	1	1	4	2	3	1	2	4	2	2	4	4	1	4	3	1	3	2	1	3	4	4	1	4	3	4	1	3	2	3	1	4	1	1	3	1	1	3	3	2	4	2	1	4	1	4	3	4	2	1	3	2	3	3	1	4	1	4	2	1	1	4	1	4	4	2	1	1	4	3	3	1	4	2	3	1	1	1	4	3	3	1	4	4	4	2	3	1	2	4	3	4	2	1	2	4	1	3	4	3	4	4	1	3	3	3	4	4	3	1	3	1	3	2	1	1	2	3	3	3	3	3	3	4	1	1	2	3	1	1
LI-SET-035	SET35	3	2	1	3	1	2	1	1	2	2	4	1	1	4	2	3	1	2	4	2	2	4	4	1	4	3	1	3	2	1	3	4	4	1	4	3	4	1	3	2	3	1	4	1	1	3	1	1	3	3	2	4	2	1	4	1	4	3	4	2	1	3	2	3	3	1	4	1	4	2	1	1	4	1	4	4	2	1	1	4	3	3	1	4	2	3	1	1	1	4	3	3	1	4	4	4	2	3	1	2	4	3	4	2	1	2	4	1	3	4	3	4	4	1	3	3	3	4	0	3	1	3	0	3	2	1	1	2	3	3	3	3	3	3	4	1	1	2	3	1	1
LI-SET-036	SET36	3	2	1	3	1	2	1	1	2	2	4	1	1	4	2	3	1	2	4	2	2	4	4	1	4	3	1	3	2	1	3	4	4	1	4	3	4	1	3	2	3	1	4	1	1	3	1	1	3	3	2	4	2	1	4	1	4	3	4	2	1	3	2	3	3	1	4	1	4	2	1	1	4	1	4	4	2	1	1	4	3	3	1	4	2	3	1	1	1	4	3	3	1	4	4	4	2	3	1	2	4	3	4	2	1	2	4	1	3	4	3	4	4	1	3	3	3	4	4	3	1	3	1	3	2	1	1	2	3	3	3	3	3	3	4	1	1	2	3	1	1
LI-SET-037	SET37	3	2	1	3	1	2	1	1	2	2	4	1	1	4	2	3	1	2	4	2	2	4	4	1	4	3	1	3	2	1	3	4	4	1	4	3	4	1	3	2	3	1	4	1	1	3	1	1	3	3	2	4	2	1	4	1	4	3	4	2	1	3	2	3	3	1	4	1	4	2	1	1	4	1	4	4	2	1	1	4	3	0	1	4	2	3	1	1	1	4	3	3	1	4	4	4	2	3	1	2	4	3	4	2	1	2	4	1	3	4	3	4	4	1	3	3	3	4	4	3	1	3	0	3	2	1	1	2	3	3	3	3	3	3	4	1	1	2	3	0	1
LI-SET-039	SET39	3	2	1	3	1	2	1	1	2	2	4	1	1	4	2	3	1	2	4	2	2	4	4	1	4	3	1	3	2	1	3	4	4	1	4	3	4	1	3	2	3	1	4	1	1	3	1	1	3	3	2	4	2	1	4	1	4	3	4	2	1	3	2	3	3	1	4	1	4	2	1	1	4	1	4	4	2	1	1	4	3	3	1	4	2	3	1	1	1	4	3	3	1	4	4	4	2	3	1	2	4	3	4	2	1	2	4	1	3	4	3	4	4	1	3	3	3	4	4	3	1	3	1	3	2	1	1	2	3	3	3	3	3	3	4	1	1	2	3	1	1
LI-SET-040	SET40	3	2	1	3	1	2	1	1	2	2	4	1	1	4	2	3	1	2	4	2	2	4	4	1	4	3	1	3	2	1	3	4	4	1	4	3	4	1	3	2	3	1	4	1	1	3	1	1	3	3	2	4	0	1	4	1	4	3	4	2	1	3	2	3	3	1	4	1	4	2	1	1	4	1	4	4	2	1	1	4	3	3	1	4	2	3	1	1	1	4	3	3	1	4	4	4	2	3	1	2	4	3	4	2	1	2	4	1	3	4	3	4	4	1	3	3	3	4	4	3	1	3	1	3	2	1	1	2	3	3	3	3	3	3	4	1	1	2	3	1	1
LI-SET-041	SET41	3	2	1	3	1	2	1	1	2	2	4	1	1	4	2	3	1	2	4	2	2	4	4	1	4	3	1	3	2	1	3	4	4	1	4	3	4	1	3	2	3	1	4	1	1	3	1	1	3	3	2	4	2	1	4	1	4	3	4	2	1	3	2	3	3	1	4	1	4	2	1	1	4	1	4	4	2	1	1	4	3	3	1	4	2	3	1	1	1	4	3	3	1	4	4	4	2	3	1	2	4	3	4	2	1	2	4	1	3	4	3	4	4	1	3	3	3	4	4	3	1	3	1	3	2	1	1	2	3	3	3	3	3	3	4	1	1	2	3	1	1
LI-SET-044	SET44	3	2	1	3	1	2	1	1	2	2	4	1	1	4	2	3	1	2	4	2	2	4	4	1	4	3	1	3	2	1	3	4	4	1	4	3	4	1	3	2	3	1	4	1	1	3	1	1	3	3	2	4	4	1	4	1	4	3	4	2	1	3	2	3	3	1	4	1	4	2	1	1	4	1	4	4	2	1	1	4	3	3	1	4	2	3	1	1	1	4	3	3	1	4	4	4	2	3	1	2	4	3	4	2	1	2	4	1	3	4	3	4	4	1	3	3	3	4	4	3	1	3	0	3	2	1	1	2	3	3	3	3	3	3	4	1	1	2	3	1	1
LI-SET-046	SET46	3	2	1	3	1	2	1	1	2	2	4	1	1	4	2	0	1	0	4	2	2	0	4	0	4	3	1	3	2	1	3	0	0	1	4	3	4	1	3	2	3	0	4	1	1	0	1	0	0	3	2	4	2	0	0	1	4	3	4	2	1	3	2	3	3	0	4	1	0	0	1	0	4	0	0	0	2	1	1	4	3	3	1	4	0	3	1	1	1	0	0	3	1	0	4	4	0	3	1	2	4	0	4	2	1	2	0	1	3	4	3	0	0	1	3	3	3	0	4	3	1	0	0	0	0	1	1	2	3	0	3	0	3	3	4	1	0	0	3	1	1
LI-SET-047	SET47	3	2	1	3	1	2	1	1	2	2	4	1	1	4	2	0	1	0	4	2	2	0	4	0	4	3	1	3	2	1	3	0	0	1	4	3	4	1	3	2	3	0	4	1	1	0	1	0	0	3	2	4	2	0	0	1	4	3	4	2	1	3	2	3	3	0	4	1	0	0	1	0	4	0	0	0	2	1	1	4	3	3	1	4	0	3	1	1	1	0	0	3	1	0	4	4	0	3	1	2	4	0	4	2	1	2	0	1	3	4	3	0	0	1	3	3	3	0	4	3	1	0	0	0	0	1	1	2	3	0	3	0	3	3	4	1	0	0	3	1	1
