strain	category	AtMSQTsnp 2	AtMSQTsnp 4	AtMSQTsnp 8	AtMSQTsnp 9	AtMSQTsnp 10	AtMSQTsnp 11	AtMSQTsnp 12	AtMSQTsnp 14	AtMSQTsnp 15	AtMSQTsnp 18	AtMSQTsnp 21	AtMSQTsnp 22	AtMSQTsnp 27	AtMSQTsnp 29	AtMSQTsnp 30	AtMSQTsnp 31	AtMSQTsnp 33	AtMSQTsnp 38	AtMSQTsnp 40	AtMSQTsnp 41	AtMSQTsnp 47	AtMSQTsnp 48	AtMSQTsnp 49	AtMSQTsnp 53	AtMSQTsnp 54	AtMSQTsnp 57	AtMSQTsnp 58	AtMSQTsnp 60	AtMSQTsnp 61	AtMSQTsnp 62	AtMSQTsnp 63	AtMSQTsnp 65	AtMSQTsnp 67	AtMSQTsnp 69	AtMSQTsnp 73	AtMSQTsnp 76	AtMSQTsnp 85	AtMSQTsnp 87	AtMSQTsnp 88	AtMSQTsnp 90	AtMSQTsnp 91	AtMSQTsnp 92	AtMSQTsnp 97	AtMSQTsnp 100	AtMSQTsnp 101	AtMSQTsnp 104	AtMSQTsnp 108	AtMSQTsnp 114	AtMSQTsnp 118	AtMSQTsnp 123	AtMSQTsnp 126	AtMSQTsnp 128	AtMSQTsnp 129	AtMSQTsnp 130	AtMSQTsnp 132	AtMSQTsnp 138	AtMSQTsnp 140	AtMSQTsnp 142	AtMSQTsnp 143	AtMSQTsnp 145	AtMSQTsnp 146	AtMSQTsnp 155	AtMSQTsnp 156	AtMSQTsnp 159	AtMSQTsnp 164	AtMSQTsnp 169	AtMSQTsnp 170	AtMSQTsnp 173	AtMSQTsnp 174	AtMSQTsnp 177	AtMSQTsnp 184	AtMSQTsnp 186	AtMSQTsnp 187	AtMSQTsnp 188	AtMSQTsnp 189	AtMSQTsnp 191	AtMSQTsnp 194	AtMSQTsnp 197	AtMSQTsnp 198	AtMSQTsnp 203	AtMSQTsnp 205	AtMSQTsnp 214	AtMSQTsnp 220	AtMSQTsnp 222	AtMSQTsnp 223	AtMSQTsnp 231	AtMSQTsnp 232	AtMSQTsnp 235	AtMSQTsnp 237	AtMSQTsnp 242	AtMSQTsnp 244	AtMSQTsnp 249	AtMSQTsnp 254	AtMSQTsnp 260	AtMSQTsnp 263	AtMSQTsnp 266	AtMSQTsnp 267	AtMSQTsnp 274	AtMSQTsnp 278	AtMSQTsnp 279	AtMSQTsnp 281	AtMSQTsnp 282	AtMSQTsnp 285	AtMSQTsnp 286	AtMSQTsnp 288	AtMSQTsnp 292	AtMSQTsnp 294	AtMSQTsnp 300	AtMSQTsnp 304	AtMSQTsnp 306	AtMSQTsnp 307	AtMSQTsnp 310	AtMSQTsnp 312	AtMSQTsnp 315	AtMSQTsnp 321	AtMSQTsnp 323	AtMSQTsnp 325	AtMSQTsnp 327	AtMSQTsnp 331	AtMSQTsnp 334	AtMSQTsnp 343	AtMSQTsnp 350	AtMSQTsnp 351	AtMSQTsnp 355	AtMSQTsnp 358	AtMSQTsnp 359	AtMSQTsnp 360	AtMSQTsnp 361	AtMSQTsnp 368	AtMSQTsnp 370	AtMSQTsnp 372	AtMSQTsnp 373	AtMSQTsnp 378	AtMSQTsnp 379	AtMSQTsnp 388	AtMSQTsnp 390	AtMSQTsnp 392	AtMSQTsnp 394	AtMSQTsnp 395	AtMSQTsnp 397	AtMSQTsnp 398	AtMSQTsnp 399	AtMSQTsnp 404	AtMSQTsnp 406	AtMSQTsnp 408	AtMSQTsnp 409	AtMSQTsnp 410	AtMSQTsnp 412	AtMSQTsnp 415
TOU-A1-10	TOU-A1-10	3	1	1	4	1	2	3	4	2	2	2	3	4	3	1	2	4	2	4	4	1	1	3	4	2	4	1	3	4	3	3	3	2	1	1	1	1	3	3	2	2	2	2	1	2	4	4	1	3	3	1	0	1	1	1	4	4	1	3	3	1	1	2	3	1	1	1	4	4	4	3	4	4	4	4	3	4	4	1	4	2	4	1	2	1	2	3	4	3	4	2	1	1	3	3	4	1	1	3	3	3	3	2	2	1	3	4	2	1	4	3	2	3	1	1
TOU-A1-105	TOU-A1-105	3	1	3	3	3	4	1	1	4	2	2	3	4	3	2	3	4	2	4	4	3	2	1	4	2	4	4	3	4	2	1	1	2	1	3	1	3	3	3	4	2	1	2	2	2	2	3	3	3	3	1	2	1	4	1	4	4	1	3	4	3	1	2	3	1	2	1	4	3	3	3	4	2	4	2	1	2	3	1	4	3	4	2	2	4	2	1	2	3	2	2	1	1	4	3	3	1	3	1	3	3	3	2	2	3	1	4	3	1	2	1	4	3	1	1
TOU-A1-106	TOU-A1-106	3	1	3	3	0	4	1	1	4	0	0	3	4	3	2	3	4	2	4	4	3	2	1	4	0	4	4	3	4	2	1	1	2	1	3	1	3	3	3	4	2	1	2	2	0	2	3	3	3	3	1	2	1	4	1	4	4	1	3	4	3	1	2	3	1	2	1	4	3	3	3	4	2	4	2	1	2	3	1	4	3	4	2	2	4	2	1	2	3	2	2	1	1	4	3	3	1	3	1	3	3	0	0	2	3	1	4	3	1	2	1	4	3	1	1
TOU-A1-109	TOU-A1-109	1	1	1	4	3	4	3	1	4	2	2	3	4	4	1	3	4	2	4	4	1	1	1	3	4	4	1	3	4	2	1	1	2	3	1	1	3	3	3	2	2	2	2	2	2	4	3	0	1	3	4	2	1	4	1	4	4	1	1	4	3	1	2	1	1	2	1	4	4	4	3	2	4	4	4	1	4	3	1	4	2	1	1	2	4	2	1	4	3	2	2	1	1	4	3	4	1	3	3	1	3	3	2	2	1	1	4	3	1	2	1	4	3	1	3
TOU-A1-110	TOU-A1-110	1	1	3	3	3	2	1	4	4	0	2	3	4	3	1	2	4	2	2	4	3	2	1	4	2	2	4	3	4	3	1	3	2	1	1	1	1	3	3	2	4	2	4	1	2	2	4	1	1	3	1	2	1	1	1	4	4	3	3	3	1	3	2	3	1	2	2	4	3	3	3	4	4	4	4	1	2	3	3	4	3	1	2	2	4	2	1	2	4	2	2	1	1	4	3	3	1	3	3	1	3	3	2	2	3	1	4	3	1	2	1	4	3	1	1
TOU-A1-111	TOU-A1-111	3	2	1	4	3	4	1	1	2	0	2	3	1	4	1	3	4	2	2	4	3	2	1	3	2	4	1	3	2	2	1	1	2	1	1	1	3	3	3	2	4	1	2	1	2	4	3	1	1	3	1	2	1	4	1	4	4	3	3	3	3	1	2	1	1	2	2	4	4	4	3	2	2	4	2	3	4	3	1	4	2	1	1	2	4	2	1	2	4	2	2	3	1	3	3	3	1	1	1	3	2	3	1	2	3	1	3	3	1	2	1	2	1	1	3
TOU-A1-112	TOU-A1-112	1	1	3	3	3	2	1	4	4	0	2	3	4	3	1	2	4	4	4	4	1	1	1	3	4	2	4	3	4	2	3	3	4	3	1	1	1	3	3	2	4	2	4	1	2	2	4	1	1	3	1	2	1	1	1	4	4	3	3	3	1	1	2	1	1	2	2	2	3	3	3	4	4	4	4	1	4	3	3	4	3	4	1	2	4	2	1	4	3	2	4	3	1	4	3	3	1	3	3	3	3	3	2	2	3	1	4	3	1	2	3	4	3	1	3
TOU-A1-113	TOU-A1-113	1	1	3	3	3	2	1	4	4	0	2	3	4	3	1	2	4	2	2	4	3	2	1	4	2	2	4	3	4	3	1	3	2	1	1	1	1	3	3	2	4	2	4	1	2	2	4	0	1	3	1	2	1	1	1	4	4	3	3	3	1	3	2	3	1	2	2	4	3	3	3	4	4	4	4	1	2	3	3	4	3	1	2	2	4	2	1	2	4	2	2	1	1	4	3	3	1	3	3	1	3	3	2	2	3	1	4	3	1	2	1	4	3	1	1
TOU-A1-114	TOU-A1-114	3	2	3	4	3	4	1	1	2	2	2	1	4	3	2	3	2	2	2	4	1	1	1	3	2	2	1	3	4	2	3	3	2	1	1	1	3	1	3	4	4	2	4	2	4	4	3	3	3	3	1	2	2	4	1	4	4	1	3	3	1	1	2	1	3	2	2	4	3	3	1	4	2	4	4	3	4	3	1	4	2	1	1	2	4	2	1	4	4	2	2	1	1	4	3	3	1	3	3	3	3	1	1	2	3	1	3	3	1	2	1	2	1	1	3
TOU-A1-115	TOU-A1-115	6	1	6	10	0	2	1	1	4	0	0	3	4	10	1	0	4	9	2	4	6	0	0	3	0	4	4	3	4	3	3	1	2	3	1	1	3	3	3	2	4	1	4	2	0	4	10	0	6	6	1	9	1	7	1	9	1	1	1	4	3	3	2	1	1	2	1	4	3	3	3	4	4	4	4	1	4	3	1	4	2	1	1	2	4	2	1	9	3	2	2	1	1	4	3	3	1	3	1	3	3	0	2	2	3	1	3	3	1	2	3	4	3	1	1
TOU-A1-116	TOU-A1-116	3	1	1	4	3	2	1	1	4	2	2	3	4	4	1	3	4	4	2	4	1	1	1	3	2	4	1	3	4	3	3	1	4	1	1	3	3	1	3	2	4	1	4	2	2	4	4	0	3	3	1	0	1	4	1	4	1	1	1	4	3	1	2	1	1	2	1	4	4	3	1	4	2	4	4	3	4	3	1	4	3	4	1	4	4	2	3	2	4	2	2	1	1	4	3	4	1	3	3	1	2	3	1	4	3	1	3	3	1	2	3	2	1	1	1
TOU-A1-117	TOU-A1-117	3	1	1	0	3	2	1	1	4	0	2	3	4	4	1	3	4	4	2	4	1	1	1	3	2	4	1	3	4	0	3	3	2	3	1	1	3	3	3	4	4	2	2	2	2	4	4	1	3	3	1	0	1	4	1	4	1	1	1	4	3	1	2	1	1	2	2	2	4	4	3	4	0	4	2	3	4	3	3	4	2	1	1	0	4	2	3	2	4	2	4	1	1	4	3	4	1	1	3	3	3	3	1	2	3	1	3	3	1	2	3	2	1	1	1
TOU-A1-118	TOU-A1-118	1	1	3	3	3	2	1	4	4	0	2	3	4	3	1	2	4	2	2	4	3	2	1	4	2	2	4	3	4	3	1	3	2	1	1	1	1	3	3	2	4	2	4	1	2	2	4	1	1	3	1	2	1	1	1	4	4	3	3	3	1	3	2	3	1	2	2	4	3	3	3	4	4	4	4	1	2	3	3	4	3	1	2	2	4	2	1	2	0	2	2	1	1	4	3	3	1	3	3	1	3	3	2	2	3	1	4	3	1	2	1	4	3	1	1
TOU-A1-119	TOU-A1-119	1	1	3	3	3	2	1	4	4	0	2	3	4	3	1	2	4	2	2	4	3	2	1	4	2	2	4	3	4	3	1	3	2	1	1	1	1	3	3	2	4	2	4	1	2	2	4	1	1	3	1	2	1	1	1	4	4	3	3	3	1	3	2	3	1	2	2	4	3	3	3	4	4	4	4	1	2	3	3	4	3	1	2	2	4	2	1	2	0	2	2	1	1	4	3	3	1	3	3	1	3	3	2	2	3	1	4	3	1	2	1	4	3	1	1
TOU-A1-12	TOU-A1-12	3	1	1	4	3	4	1	4	4	2	2	1	4	3	1	2	4	2	2	4	3	2	1	3	4	4	1	3	4	3	1	1	2	3	1	1	3	3	3	2	4	2	4	2	2	2	3	1	1	1	1	2	1	1	1	2	4	3	3	4	3	1	2	1	1	2	2	4	4	4	1	2	4	4	2	3	4	3	3	4	2	1	2	2	4	2	1	2	4	2	4	1	1	3	3	3	1	3	1	3	3	3	1	2	3	3	3	2	3	2	3	4	3	4	3
TOU-A1-120	TOU-A1-120	3	1	1	4	3	4	1	4	4	0	2	3	4	3	2	3	4	2	4	4	3	2	1	3	2	4	4	3	2	2	1	1	2	1	3	1	3	1	3	2	4	2	4	2	2	4	3	1	1	3	1	2	1	1	1	2	4	3	3	3	3	3	2	1	1	1	2	4	4	4	1	2	2	1	4	3	4	3	1	4	2	1	2	2	4	1	1	2	4	2	2	3	1	4	3	3	1	3	1	3	2	1	1	2	3	1	3	3	1	2	1	2	1	1	3
TOU-A1-122	TOU-A1-122	3	2	3	4	3	4	3	1	4	2	2	3	4	3	1	2	4	4	4	4	1	1	1	3	4	4	1	3	4	2	3	3	4	3	1	1	3	3	3	4	4	2	2	2	4	2	4	1	3	3	1	2	1	1	1	4	4	1	1	4	3	3	2	1	1	2	2	2	4	4	3	2	2	4	2	3	4	4	3	4	3	1	1	4	4	2	1	2	4	2	2	3	1	4	3	3	1	3	3	3	3	3	2	2	3	1	4	3	3	2	3	2	1	1	1
TOU-A1-124	TOU-A1-124	1	1	3	3	0	2	1	1	4	8	0	3	4	3	1	3	9	9	2	4	1	0	3	3	2	2	1	3	4	2	3	3	2	1	1	1	3	1	3	2	4	2	2	2	0	2	3	1	3	3	1	2	1	4	1	4	4	3	3	3	3	1	4	1	1	2	2	4	3	4	1	4	2	4	4	1	4	3	1	4	2	1	2	0	1	2	1	4	3	2	2	1	1	4	3	4	1	3	3	1	3	3	2	2	3	1	3	3	1	2	3	4	3	1	1
TOU-A1-125	TOU-A1-125	1	1	3	3	1	2	1	1	4	2	2	3	4	3	1	8	9	9	2	4	1	1	3	3	2	2	1	3	4	2	3	3	2	1	1	1	3	1	3	2	2	2	2	2	4	2	3	1	3	3	1	2	1	4	1	4	4	3	3	3	3	1	4	1	1	2	2	4	3	4	1	4	2	4	4	3	4	3	1	4	2	1	2	2	1	2	1	4	3	2	2	1	1	4	3	4	1	1	1	3	3	1	2	2	3	1	4	3	1	4	1	4	3	1	3
TOU-A1-128	TOU-A1-128	1	1	3	3	1	2	1	1	4	0	2	1	4	3	2	3	2	2	4	4	1	1	1	4	2	2	1	3	4	2	3	3	2	1	1	1	1	3	3	2	4	1	2	2	2	2	3	1	3	3	1	2	1	1	1	4	4	1	1	4	3	3	2	1	1	2	2	4	3	3	3	4	4	4	4	1	2	3	3	4	3	1	2	2	4	2	1	2	0	2	2	3	1	4	3	3	1	3	1	3	3	1	2	2	3	1	3	3	1	2	1	4	1	1	3
TOU-A1-129	TOU-A1-129	1	1	1	3	3	2	1	1	4	2	0	3	4	4	1	3	2	2	2	4	1	1	1	3	2	2	4	3	4	3	1	3	2	1	1	1	3	3	3	2	4	2	4	1	2	2	4	1	1	3	1	4	1	1	1	4	4	1	1	3	1	3	2	3	1	2	2	4	3	3	3	4	4	4	9	6	9	3	3	4	3	1	2	2	4	2	1	2	0	2	2	1	1	4	3	3	1	1	3	3	3	3	1	2	3	1	3	3	1	2	1	2	1	1	3
TOU-A1-13	TOU-A1-13	3	1	1	4	3	4	1	4	4	0	2	1	4	3	1	2	4	2	2	4	3	2	1	3	4	4	1	3	4	3	1	1	2	3	1	1	3	3	3	2	4	2	4	2	2	2	3	1	1	1	1	2	1	1	1	2	4	3	3	4	3	1	2	1	1	2	2	4	4	4	1	2	4	4	2	3	4	3	3	4	2	1	2	2	4	2	1	2	4	2	4	1	1	3	3	3	1	3	1	3	3	3	1	2	3	3	3	2	3	2	3	4	3	4	3
TOU-A1-131	TOU-A1-131	1	1	1	3	3	2	1	1	4	2	2	3	4	4	1	3	2	2	2	4	1	1	1	3	2	2	4	3	4	3	1	3	2	1	1	1	3	3	3	2	4	2	4	1	2	2	4	1	1	3	1	0	1	1	1	4	4	1	1	3	1	3	2	3	1	2	2	4	3	3	3	4	4	4	2	3	4	3	1	4	3	1	2	2	4	2	1	2	4	4	2	1	1	4	3	3	1	3	3	1	3	3	2	2	3	1	3	3	1	2	1	2	1	1	3
TOU-A1-133	TOU-A1-133	1	1	3	3	3	2	1	4	4	2	2	3	4	3	1	2	4	2	2	4	3	2	1	4	2	2	4	3	4	3	1	3	2	1	1	1	1	3	3	2	4	2	4	1	2	2	4	1	1	3	1	2	1	1	1	4	4	3	3	3	1	3	2	3	1	2	2	4	3	3	3	4	4	4	4	1	2	3	3	4	3	1	2	2	4	2	1	2	4	2	2	1	1	4	3	3	1	3	3	1	3	3	2	2	3	1	4	3	1	2	1	4	3	1	1
TOU-A1-134	TOU-A1-134	3	1	1	4	3	4	1	4	4	0	2	1	4	3	1	2	2	2	4	4	1	1	1	3	4	4	1	3	2	2	1	1	2	3	3	1	3	1	3	2	4	2	4	2	2	4	3	0	1	3	1	2	1	1	1	4	1	3	3	3	1	1	2	1	1	2	2	4	4	4	1	2	4	4	2	3	4	3	1	2	3	4	2	2	4	2	1	2	4	2	4	1	1	4	3	3	1	3	3	3	3	3	2	2	3	3	3	2	3	2	3	4	3	1	3
TOU-A1-137	TOU-A1-137	6	1	6	10	3	9	1	7	4	0	0	3	4	3	1	2	4	2	2	4	1	1	1	4	0	4	1	3	4	3	3	3	2	1	1	1	1	3	3	2	4	2	2	2	0	2	3	1	3	3	1	2	1	4	1	4	4	1	1	4	3	3	2	3	1	2	2	4	3	3	3	4	4	4	4	1	2	3	3	4	3	1	1	2	4	2	1	2	0	2	2	1	1	4	3	3	1	3	3	1	3	3	2	2	3	1	3	3	1	2	1	2	1	1	3
TOU-A1-138	TOU-A1-138	1	1	3	4	3	4	3	4	2	2	2	3	4	4	1	0	4	0	2	4	1	1	1	4	4	4	1	3	2	3	3	0	4	3	3	3	3	0	4	4	4	0	4	1	4	4	3	3	3	3	1	4	1	1	1	4	4	3	3	4	3	1	0	3	3	1	0	2	3	3	3	4	2	4	4	3	2	3	1	4	2	1	2	2	1	2	3	2	4	2	2	1	3	3	3	3	1	0	0	1	0	3	2	2	1	3	3	3	3	2	1	2	1	1	1
TOU-A1-14	TOU-A1-14	3	1	1	4	3	4	1	4	4	2	2	1	4	3	1	2	4	2	2	4	3	2	1	3	4	4	1	3	4	3	1	1	2	3	1	1	3	3	3	2	4	2	4	2	2	2	3	0	1	1	1	2	1	1	1	2	4	3	3	4	3	1	2	1	1	2	2	4	4	4	1	2	4	4	2	3	4	3	3	4	2	1	2	2	4	2	1	2	4	2	4	1	1	3	3	3	1	3	1	3	3	3	1	2	3	3	3	2	3	2	3	4	3	4	3
TOU-A1-141	TOU-A1-141	3	2	3	3	1	2	1	1	4	2	0	3	4	4	2	3	4	2	4	4	1	1	1	3	4	4	1	3	4	3	1	1	2	1	1	1	3	3	3	4	2	1	2	1	2	2	0	1	3	3	1	4	1	4	1	2	4	1	1	3	1	3	4	1	1	2	2	2	4	3	3	2	2	4	4	3	4	3	3	4	3	1	2	2	4	2	1	4	3	2	4	1	1	4	3	3	3	3	3	3	3	1	1	2	3	3	4	3	1	2	1	4	3	1	3
TOU-A1-143	TOU-A1-143	3	1	1	4	3	4	1	1	4	2	2	1	4	4	2	3	4	2	4	4	1	1	1	3	4	4	1	3	4	2	3	3	4	1	1	1	3	1	3	4	4	2	2	0	2	2	3	0	3	3	1	2	2	1	1	4	1	3	1	3	1	1	2	1	1	2	1	2	3	4	3	2	2	4	4	3	4	3	1	4	3	1	1	2	1	2	1	4	0	2	2	1	1	4	3	3	1	1	3	3	3	3	2	2	3	3	4	3	1	2	3	4	3	1	3
TOU-A1-15	TOU-A1-15	3	1	1	4	3	4	1	4	4	0	2	1	4	3	1	2	4	2	2	4	3	2	1	3	4	4	1	3	4	3	1	1	2	3	1	1	3	3	3	2	4	2	4	2	2	2	0	0	1	1	1	2	1	1	1	2	4	3	3	4	3	1	2	1	1	2	2	4	4	4	1	2	4	4	2	3	4	3	3	4	2	1	2	2	4	2	1	2	4	2	4	1	1	3	3	3	1	3	1	3	3	3	1	2	3	3	3	2	3	2	3	4	3	4	3
TOU-A1-16	TOU-A1-16	3	1	1	4	3	4	1	4	4	2	2	1	4	3	1	2	4	2	2	4	3	2	1	3	4	4	1	3	4	3	1	1	2	3	1	1	3	3	3	2	4	0	4	2	2	2	3	0	1	1	1	2	1	1	1	2	4	3	3	4	3	1	2	1	1	2	2	4	4	4	1	2	4	4	2	3	4	3	3	4	2	1	2	2	4	2	1	2	4	2	4	1	1	3	3	3	1	3	1	3	3	3	1	2	3	3	3	2	3	2	3	4	3	4	3
TOU-A1-17	TOU-A1-17	1	1	1	3	0	2	1	1	4	0	0	3	4	4	1	3	2	2	2	4	1	1	0	3	0	4	4	3	4	2	3	3	2	1	1	3	3	3	3	4	2	2	2	2	0	4	10	0	3	3	1	2	2	4	1	4	4	1	1	4	1	0	2	1	3	2	2	4	3	3	3	4	4	4	2	3	4	3	3	4	3	1	1	2	4	2	1	4	3	2	2	1	3	4	3	4	3	1	3	3	3	0	1	2	3	1	3	3	1	2	1	2	1	1	3
TOU-A1-18	TOU-A1-18	1	1	1	3	0	2	1	1	4	0	0	3	4	4	1	3	2	2	2	4	1	1	1	3	0	4	4	3	4	2	3	3	2	1	1	3	3	3	3	4	2	2	2	0	0	4	3	1	3	3	1	2	2	4	1	4	4	1	1	4	1	1	2	1	3	2	2	4	3	3	3	4	4	4	2	3	4	3	3	4	3	1	1	2	4	2	1	4	3	2	2	1	3	4	3	4	3	1	3	3	3	0	1	2	3	1	3	3	1	2	1	2	1	1	3
TOU-A1-19	TOU-A1-19	1	1	1	3	3	2	1	1	4	2	2	3	4	4	1	3	2	2	2	4	1	1	1	3	2	4	4	3	4	2	3	3	2	1	1	3	3	3	3	4	2	2	2	2	2	4	3	1	3	3	1	2	2	4	1	4	4	1	1	4	1	1	2	1	3	2	2	4	3	3	3	4	4	4	2	3	4	3	3	4	3	1	1	2	4	2	1	4	3	2	2	1	3	4	3	4	3	1	3	3	3	3	1	2	3	1	3	3	1	2	1	2	1	1	3
TOU-A1-2	TOU-A1-2	1	1	1	3	3	2	1	1	4	2	2	3	4	4	1	3	2	2	2	4	1	1	1	3	2	4	4	3	4	2	3	3	2	1	1	3	3	3	3	4	2	2	2	2	2	4	3	1	3	3	1	2	2	4	1	4	4	1	1	4	1	1	2	1	3	2	2	4	3	3	3	4	4	4	2	3	4	3	3	4	3	1	1	2	4	2	1	4	0	2	2	1	3	4	3	4	3	1	3	3	3	3	1	2	3	1	3	3	1	2	1	2	1	1	3
TOU-A1-23	TOU-A1-23	1	1	3	3	1	2	3	1	2	2	4	3	4	4	1	2	4	4	2	4	1	1	1	4	0	2	4	3	2	3	3	1	2	1	1	1	3	3	3	4	4	2	2	2	2	2	0	1	3	3	1	2	2	4	1	4	4	3	3	4	1	1	2	1	3	2	0	4	3	3	3	4	4	4	2	1	2	3	3	4	2	1	1	2	1	2	1	2	4	2	2	1	1	4	3	4	1	3	1	1	3	3	0	2	3	3	3	3	1	2	1	2	1	1	3
TOU-A1-26	TOU-A1-26	3	2	1	3	3	2	1	1	4	2	2	1	4	3	1	2	4	4	2	4	3	2	1	4	4	2	1	3	4	3	1	1	2	3	1	1	1	3	3	2	4	2	4	2	2	2	3	1	1	1	1	2	1	1	1	2	4	3	3	4	3	1	2	1	1	2	2	2	4	4	3	2	2	4	4	3	4	3	3	4	3	1	2	2	4	1	1	2	4	2	2	1	1	3	1	3	1	3	1	3	3	3	1	2	3	3	4	3	3	2	1	4	1	1	3
TOU-A1-27	TOU-A1-27	1	1	1	4	3	4	3	1	4	2	2	1	4	3	1	2	4	2	4	4	1	1	1	3	4	4	1	3	2	2	3	3	2	1	1	1	3	3	3	2	2	2	2	2	2	4	3	1	1	3	1	2	1	1	1	2	4	3	3	4	3	1	2	3	1	2	2	4	4	4	3	2	2	4	2	3	4	3	1	4	2	1	2	2	4	2	1	2	4	2	2	3	1	3	3	3	1	3	1	3	3	3	1	2	3	1	3	3	1	2	3	4	3	1	1
TOU-A1-29	TOU-A1-29	1	1	3	3	1	2	1	1	4	0	0	3	4	3	1	0	2	4	2	4	1	1	3	3	2	2	1	3	4	2	3	3	2	1	1	1	3	1	3	2	4	0	2	2	2	2	3	3	3	3	1	2	1	4	1	4	4	3	3	3	3	1	2	1	1	2	2	4	3	4	1	4	2	4	4	1	4	3	1	4	2	1	2	2	1	2	1	4	3	0	2	1	1	4	3	4	1	3	3	1	3	3	2	2	3	1	3	3	1	2	3	4	3	1	1
TOU-A1-3	TOU-A1-3	1	1	1	3	3	2	1	1	4	2	2	3	4	4	1	3	2	2	2	4	1	1	1	3	2	4	4	3	4	2	3	3	2	1	1	3	3	3	3	4	2	2	2	2	2	4	3	1	3	3	1	2	2	4	1	4	4	1	1	4	1	1	2	1	3	2	2	4	3	3	3	4	4	4	2	3	4	3	3	4	3	1	1	2	4	2	1	4	3	2	2	1	3	4	3	4	3	1	3	3	3	3	1	2	3	1	3	3	1	2	1	2	1	1	3
TOU-A1-33	TOU-A1-33	3	1	3	4	1	4	3	4	4	0	0	1	1	4	1	2	4	2	2	4	1	1	0	4	0	2	1	3	4	2	3	1	2	3	1	1	3	3	3	4	2	2	2	2	0	2	3	1	3	3	1	2	1	1	1	4	1	1	3	3	3	1	2	1	1	2	1	4	3	4	1	4	2	4	4	1	4	3	1	4	2	1	1	2	4	2	1	2	0	2	2	3	1	4	3	3	1	1	3	3	3	0	2	2	3	1	3	3	1	2	3	2	1	1	1
TOU-A1-34	TOU-A1-34	1	1	3	4	3	2	3	4	4	2	0	3	4	3	2	3	2	4	2	4	1	1	1	4	0	4	1	3	2	3	3	3	2	1	1	1	3	1	3	4	2	1	4	2	0	2	3	3	1	3	1	2	2	4	1	4	1	1	3	3	3	1	2	1	1	2	2	2	4	4	3	2	2	4	4	3	4	3	1	4	3	4	1	2	4	1	1	2	4	2	4	1	1	4	1	3	3	1	1	3	3	1	1	2	3	1	3	3	3	4	1	2	3	1	3
TOU-A1-37	TOU-A1-37	1	1	3	3	1	2	1	1	4	2	2	3	4	3	1	2	2	4	2	4	1	1	3	3	2	2	1	3	4	2	3	3	2	1	1	1	3	1	3	2	4	2	2	2	2	2	3	3	3	3	1	2	1	4	1	4	4	3	3	3	3	1	2	1	1	2	2	4	3	4	1	4	2	4	4	1	4	3	1	4	2	1	2	2	1	2	1	4	0	2	2	1	1	4	3	4	1	3	3	1	3	3	2	2	3	1	3	3	1	2	3	4	3	1	1
TOU-A1-38	TOU-A1-38	1	1	3	3	1	2	1	1	4	0	0	3	4	3	1	2	2	4	2	4	1	1	3	3	0	2	1	3	4	2	3	3	2	1	1	1	3	1	3	2	4	2	2	2	0	2	3	3	3	3	1	2	1	4	1	4	4	3	3	3	3	1	2	1	1	2	2	4	3	4	1	4	2	4	4	1	4	3	1	4	2	1	2	2	1	2	1	4	0	2	2	1	1	4	3	4	1	3	3	1	3	0	2	2	3	1	3	3	1	2	3	4	3	1	1
TOU-A1-39	TOU-A1-39	3	1	1	4	3	4	1	1	4	2	2	1	4	3	1	3	2	2	2	4	1	1	1	3	2	4	4	3	2	3	3	1	4	3	1	3	3	6	3	9	9	2	9	2	2	2	3	1	3	3	4	2	1	1	1	4	4	3	1	3	3	3	2	1	1	2	5	9	4	4	1	4	2	4	4	1	4	3	1	4	2	4	1	2	4	2	1	4	3	2	4	3	1	4	3	4	1	3	1	3	3	1	2	2	1	1	3	3	3	2	1	2	1	1	3
TOU-A1-4	TOU-A1-4	3	1	1	4	3	4	1	4	4	0	2	1	4	3	1	2	4	2	2	4	3	2	1	3	4	4	1	3	4	3	1	1	2	3	1	1	3	3	3	2	4	2	4	2	2	2	3	1	1	1	1	2	1	1	1	2	4	3	3	4	3	1	2	1	1	2	2	4	4	4	1	2	4	4	2	3	4	3	3	4	2	1	2	2	4	2	1	2	4	2	4	1	1	3	3	3	1	3	1	3	3	3	1	2	3	3	3	2	3	2	3	4	3	4	3
TOU-A1-41	TOU-A1-41	3	1	3	4	3	2	3	4	4	2	2	1	4	3	1	3	2	2	2	4	1	1	1	3	2	4	4	3	2	3	3	1	4	3	1	3	3	1	3	4	2	2	2	2	2	2	3	1	3	3	4	2	1	1	1	4	4	3	1	4	1	3	2	1	1	2	1	2	3	4	1	2	2	4	4	3	2	3	1	2	3	1	1	2	4	2	1	2	0	2	4	3	1	4	3	4	1	3	1	0	3	1	1	2	3	1	3	2	3	4	1	2	1	1	3
TOU-A1-43	TOU-A1-43	1	1	1	3	3	2	1	1	4	2	2	3	4	4	1	3	4	2	2	4	3	2	1	3	2	4	4	3	2	2	1	1	2	3	1	1	3	1	3	2	4	2	2	2	2	4	3	3	3	3	1	2	1	1	1	4	4	3	3	3	3	1	2	1	1	2	2	4	3	4	1	4	2	4	4	1	4	3	1	4	2	1	1	2	4	2	1	4	3	2	2	1	1	4	3	4	1	3	3	1	3	3	2	2	3	1	3	3	3	2	3	4	3	1	1
TOU-A1-45	TOU-A1-45	3	2	1	3	3	2	1	1	4	2	4	3	4	4	2	2	2	2	4	4	1	1	3	4	2	2	1	3	2	2	3	1	2	1	3	3	1	3	3	4	4	2	4	2	2	2	4	1	3	3	1	2	1	4	1	2	4	1	3	3	3	1	4	3	1	2	2	4	4	3	3	2	2	4	2	1	2	3	3	4	2	4	1	0	4	1	1	2	0	2	2	1	1	4	3	4	1	3	1	3	2	3	2	2	1	1	3	3	3	2	1	4	1	1	3
TOU-A1-47	TOU-A1-47	1	1	1	3	3	2	1	1	4	2	2	3	4	4	1	3	2	2	2	4	1	1	1	3	0	4	1	3	2	2	3	3	2	1	1	3	3	3	3	2	4	2	2	2	2	9	3	1	3	3	1	2	1	1	1	2	4	3	3	4	3	1	4	1	1	2	2	4	4	4	3	2	2	4	2	3	4	3	1	4	2	1	1	2	4	2	1	2	4	4	2	1	1	4	3	4	3	1	3	3	3	3	1	2	3	1	3	3	1	2	3	4	3	1	1
TOU-A1-6	TOU-A1-6	3	1	1	4	3	4	1	4	4	0	2	1	4	3	1	2	4	2	2	4	3	2	1	3	4	4	1	3	4	3	1	1	2	3	1	1	3	3	3	2	4	2	4	2	2	2	3	1	1	1	1	2	1	1	1	2	4	3	3	4	3	1	2	1	1	2	2	4	4	4	1	2	4	4	2	3	4	3	3	4	2	1	2	2	4	2	1	2	4	2	4	1	1	3	3	3	1	3	1	3	3	3	1	2	3	3	3	2	3	2	3	4	3	4	3
TOU-A1-60	TOU-A1-60	1	1	1	3	3	2	1	1	2	2	2	1	1	3	2	2	2	2	2	4	1	1	1	4	4	4	1	3	2	2	3	3	4	1	3	1	3	1	3	2	2	2	4	1	2	4	3	0	3	3	1	2	1	4	1	2	4	1	3	3	3	3	2	1	3	2	1	4	3	4	1	4	2	4	4	1	4	3	3	4	2	1	2	2	1	2	1	4	4	2	2	1	3	4	3	4	3	3	1	6	2	1	2	2	3	1	4	3	1	2	1	4	1	1	3
TOU-A1-61	TOU-A1-61	1	1	3	3	0	2	1	1	4	0	0	3	4	4	1	3	4	2	2	4	1	1	0	3	0	4	1	3	2	2	1	3	4	3	3	1	1	3	3	4	2	2	2	2	0	2	3	1	3	3	1	2	1	1	1	4	1	3	1	3	1	1	2	1	1	2	2	4	4	4	3	2	2	4	4	3	4	3	3	4	3	1	2	2	4	2	1	4	4	2	4	1	1	4	3	4	1	3	1	3	3	0	2	2	3	1	4	3	1	2	1	4	3	1	1
TOU-A1-62	TOU-A1-62	1	1	3	3	1	2	1	1	4	2	2	1	1	3	2	3	2	2	2	4	1	1	1	3	2	2	4	3	4	3	3	3	4	1	3	1	3	1	3	2	2	2	4	1	2	4	3	1	3	3	1	2	2	4	1	4	4	1	1	4	1	1	2	1	1	2	1	4	3	4	3	2	4	1	4	1	2	3	1	2	3	1	1	2	1	2	1	4	4	2	4	1	1	4	3	4	1	3	1	6	3	3	1	2	3	1	4	3	1	2	3	2	1	4	1
TOU-A1-63	TOU-A1-63	1	1	1	3	3	2	1	1	2	2	2	3	1	3	2	3	2	2	2	4	1	1	1	3	2	4	4	3	4	2	3	3	2	1	3	3	3	3	3	4	2	2	2	2	2	4	3	0	3	3	1	2	1	4	1	4	4	1	1	4	1	1	2	3	1	1	2	4	3	3	3	4	4	4	2	3	4	3	3	4	3	1	1	2	4	2	1	4	3	2	2	1	3	4	3	4	3	1	3	3	3	3	1	2	3	1	3	3	1	2	1	2	1	1	3
TOU-A1-65	TOU-A1-65	1	1	1	3	3	2	1	1	4	2	2	3	4	4	1	3	2	2	2	4	1	1	1	4	4	4	1	3	2	2	3	3	2	1	1	3	3	3	3	4	2	2	2	2	2	4	3	0	3	3	1	2	2	4	1	4	4	1	3	3	3	1	2	1	3	2	2	4	3	4	3	2	4	1	4	1	2	3	1	2	3	1	1	2	4	2	1	4	0	2	2	1	3	4	3	4	3	1	3	3	3	3	1	2	3	1	3	3	1	2	3	2	1	4	1
TOU-A1-66	TOU-A1-66	3	1	3	3	1	2	3	4	2	2	0	3	4	3	1	0	2	4	4	4	1	1	1	3	2	4	1	3	2	2	1	1	2	1	1	1	3	3	3	2	2	1	2	0	4	2	3	1	3	3	1	2	2	1	1	2	4	3	3	4	1	1	2	1	1	2	1	4	3	4	1	4	2	4	4	1	4	3	3	4	2	1	1	0	4	1	1	2	3	0	4	1	1	4	3	4	1	3	3	1	3	3	2	2	3	1	3	3	1	2	1	2	1	1	3
TOU-A1-67	TOU-A1-67	1	1	1	3	3	2	1	1	2	2	2	3	1	3	2	3	2	2	2	4	1	1	1	3	2	4	4	3	4	2	3	3	2	1	3	3	3	3	3	4	2	2	2	2	2	4	3	1	3	3	1	2	1	4	1	4	4	1	1	4	1	1	2	3	1	1	2	4	3	3	3	4	4	4	2	3	4	3	3	4	3	1	1	2	4	2	1	4	0	2	2	1	3	4	3	4	3	1	3	3	3	3	1	2	3	1	3	3	1	2	1	2	1	1	3
TOU-A1-69	TOU-A1-69	3	1	1	4	3	4	3	4	2	2	0	3	4	3	1	3	2	2	2	4	1	1	1	3	2	4	4	3	4	3	3	1	2	1	1	1	3	3	3	4	4	2	2	2	2	2	3	1	3	3	1	2	1	4	1	4	4	1	1	3	3	3	2	1	3	2	2	4	3	3	1	4	4	4	4	1	4	3	3	4	3	1	1	2	4	2	1	2	0	2	2	1	1	4	3	4	1	1	1	3	2	3	1	2	3	1	3	3	1	2	1	4	1	1	3
TOU-A1-7	TOU-A1-7	3	1	1	4	3	4	1	4	4	2	2	1	4	3	1	2	4	2	2	4	3	2	1	3	4	4	1	3	4	3	1	1	2	3	1	1	3	3	3	2	4	2	4	2	2	2	0	0	1	1	1	2	1	1	1	2	4	3	3	4	3	1	2	1	1	2	2	4	4	4	1	2	4	4	2	3	4	3	3	4	2	1	2	2	4	2	1	2	4	2	4	1	1	3	3	3	1	3	1	3	3	3	1	2	3	3	3	2	3	2	3	4	3	4	3
TOU-A1-70	TOU-A1-70	3	1	1	4	1	4	1	4	4	0	2	3	1	4	2	2	4	4	4	4	1	1	1	4	4	4	1	3	4	2	3	1	4	3	3	1	3	3	3	4	2	1	4	1	4	4	3	1	3	3	1	4	1	4	3	2	1	1	3	3	1	3	2	3	1	2	2	4	4	3	1	4	4	4	4	1	4	3	1	2	2	4	1	4	4	2	1	4	4	4	2	1	1	4	1	4	3	1	3	3	2	3	2	2	1	1	3	3	1	2	1	4	1	1	1
TOU-A1-73	TOU-A1-73	3	1	1	4	3	2	1	4	4	0	0	1	1	3	2	2	4	2	2	4	1	1	1	4	4	4	1	3	2	2	3	3	4	1	3	1	3	1	3	2	2	2	4	1	2	4	3	0	3	3	1	2	1	4	1	2	4	1	3	3	3	3	4	1	1	2	1	4	3	4	3	2	4	1	4	1	2	3	1	2	3	1	1	2	4	2	1	2	4	2	4	1	3	4	1	4	3	3	1	3	2	1	1	2	1	1	4	2	1	2	3	2	1	4	1
TOU-A1-74	TOU-A1-74	1	1	3	3	1	2	1	1	4	2	2	3	4	4	1	3	2	2	2	4	6	1	1	3	2	4	4	3	2	2	3	1	2	3	1	3	3	3	3	2	2	5	9	5	9	2	4	1	3	3	1	2	1	1	1	2	4	3	3	3	3	3	2	1	1	2	5	4	10	10	1	4	2	4	9	6	4	3	1	2	3	1	1	2	4	5	1	2	0	2	2	1	1	4	6	10	6	3	3	1	8	0	5	2	3	1	3	3	1	2	3	2	1	7	1
TOU-A1-75	TOU-A1-75	3	1	1	4	3	4	3	4	2	2	2	3	4	3	1	2	2	4	4	4	1	1	1	3	4	4	1	3	4	2	1	1	2	1	1	1	3	3	3	4	4	1	2	1	2	2	0	0	3	3	1	2	2	1	1	2	4	3	3	3	1	1	2	3	1	2	2	4	4	3	1	4	2	4	4	1	4	3	1	4	3	1	2	4	4	1	1	2	0	2	4	1	1	4	3	4	1	3	3	1	3	3	2	2	3	1	3	3	1	2	1	2	1	1	3
TOU-A1-77	TOU-A1-77	3	1	3	10	1	2	1	1	4	2	2	3	4	3	0	8	9	2	9	4	3	2	1	3	4	2	1	3	4	2	3	3	2	1	1	1	3	3	3	9	2	0	2	2	2	2	3	1	1	1	1	2	1	4	1	4	4	3	3	3	3	3	2	1	1	2	2	4	4	3	3	2	4	4	2	3	4	3	1	4	2	1	1	2	4	2	1	2	4	2	4	3	1	3	1	3	3	6	6	3	2	0	2	2	1	3	3	3	1	2	3	4	3	1	1
TOU-A1-78	TOU-A1-78	3	1	1	4	3	4	3	4	2	2	0	3	4	3	1	2	2	4	4	4	1	1	1	3	4	4	1	3	4	2	1	1	2	1	1	1	3	3	3	4	4	1	2	1	2	2	3	0	3	3	1	2	2	1	1	2	4	3	3	3	1	1	2	3	1	2	2	4	4	3	1	4	2	4	4	1	4	3	1	4	3	1	2	4	4	1	1	2	3	2	4	1	1	4	3	4	1	3	3	1	3	3	2	2	3	1	3	3	1	2	1	2	1	1	3
TOU-A1-79	TOU-A1-79	3	1	1	4	3	2	1	4	4	0	2	1	1	3	2	2	4	2	2	4	1	1	1	4	4	4	1	3	2	2	1	1	2	3	1	1	3	3	3	2	4	0	2	2	2	4	3	3	3	3	1	2	1	4	1	2	4	1	3	3	3	1	2	1	1	2	1	4	3	4	3	2	4	1	4	1	2	3	1	4	3	4	1	2	4	2	1	2	4	2	4	1	3	4	1	4	3	1	3	3	3	3	2	2	1	1	3	3	3	2	1	2	1	1	3
TOU-A1-8	TOU-A1-8	3	1	1	4	3	4	1	4	4	0	0	1	4	3	1	2	4	2	2	4	3	2	1	3	4	4	1	3	4	3	1	1	2	3	1	1	3	3	3	2	4	2	4	2	2	2	3	1	1	1	1	2	1	1	1	2	4	3	3	4	3	1	2	1	1	2	2	4	4	4	1	2	4	4	2	3	4	3	3	4	2	1	2	2	4	2	1	2	4	2	4	1	1	3	3	3	1	3	1	3	3	3	1	2	3	3	3	2	3	2	3	4	3	4	3
TOU-A1-81	TOU-A1-81	3	1	3	3	3	4	1	4	4	0	2	1	1	4	2	3	4	2	2	4	3	2	1	3	2	4	4	3	2	2	3	3	2	3	1	1	3	3	3	2	4	2	2	2	2	2	3	1	3	3	1	2	1	4	1	4	4	1	3	4	3	1	2	1	1	2	2	4	3	4	1	4	2	4	4	1	4	3	1	4	2	1	1	0	1	1	1	2	0	2	2	3	1	4	3	3	1	3	1	3	3	3	1	2	3	1	4	3	3	2	3	4	3	1	1
TOU-A1-82	TOU-A1-82	3	1	1	4	3	4	1	1	2	2	2	1	1	4	1	2	4	4	2	4	1	1	1	4	4	4	4	3	2	3	3	3	2	3	1	3	3	3	3	4	2	1	4	2	4	2	4	1	3	3	4	2	1	1	1	4	4	1	3	4	1	1	2	1	1	2	1	4	3	4	1	2	4	1	4	1	2	3	3	4	2	1	1	2	4	2	1	2	4	2	2	1	1	4	3	3	1	1	1	3	2	1	1	2	3	3	4	3	1	2	1	2	1	1	3
TOU-A1-84	TOU-A1-84	3	1	3	3	3	2	3	1	4	2	2	1	4	3	2	3	4	4	4	4	1	1	1	3	2	0	1	3	0	2	3	1	4	1	3	1	3	3	3	4	4	1	2	1	2	2	3	0	1	3	1	2	1	1	1	2	4	3	1	3	1	3	2	3	1	2	1	4	4	4	3	4	2	4	4	1	2	3	1	4	2	4	1	2	1	2	1	4	4	2	2	1	1	4	3	3	3	3	3	1	3	3	2	2	3	1	4	3	1	9	3	9	3	1	6
TOU-A1-85	TOU-A1-85	1	2	1	4	3	4	3	4	4	2	2	3	4	4	1	2	2	2	4	4	3	2	1	3	2	4	1	3	2	2	3	1	4	1	1	1	3	3	3	4	4	2	2	2	2	4	3	1	3	3	1	2	1	1	1	4	4	1	1	4	1	3	2	1	3	2	2	4	4	4	3	2	2	4	4	1	4	3	3	4	2	1	2	2	4	2	1	4	4	2	2	3	1	4	3	3	1	3	3	3	3	3	2	2	3	1	4	3	1	2	1	2	1	1	3
TOU-A1-88	TOU-A1-88	3	1	3	4	1	4	3	1	4	0	0	3	4	3	2	2	2	4	2	4	3	2	1	4	2	2	1	3	4	2	3	1	2	3	3	3	3	3	3	4	2	1	2	1	4	2	4	3	3	3	4	2	1	4	3	4	1	3	3	4	3	1	2	1	1	2	1	4	4	3	3	4	4	4	4	1	2	4	3	4	3	1	2	4	4	2	3	4	0	4	2	1	1	4	3	4	3	3	1	3	3	3	2	4	1	1	3	2	1	2	3	2	3	1	3
TOU-A1-89	TOU-A1-89	3	1	3	4	1	4	3	1	4	0	0	3	4	3	2	2	2	4	2	4	3	2	1	4	2	2	1	3	4	2	3	1	2	3	3	3	6	3	3	4	2	1	2	1	4	2	4	3	3	3	4	2	1	4	3	4	1	3	3	4	3	1	2	1	1	2	1	4	4	3	3	4	4	4	4	1	2	4	3	4	3	1	2	4	4	2	3	4	3	4	2	1	1	4	3	4	3	3	1	3	3	3	2	4	1	1	3	2	1	2	3	2	3	1	3
TOU-A1-9	TOU-A1-9	3	1	1	4	3	4	1	4	4	0	2	1	4	3	1	2	4	2	2	4	3	2	1	3	4	4	1	3	4	3	1	1	2	3	1	1	3	3	3	2	4	2	4	2	2	2	3	0	1	1	1	2	1	1	1	2	4	3	3	4	3	1	2	1	1	2	2	4	4	4	1	2	4	4	2	3	4	3	3	4	2	1	2	2	4	2	1	2	4	2	4	1	1	3	3	3	1	3	1	3	3	3	1	2	3	3	3	2	3	2	3	4	3	4	3
TOU-A1-90	TOU-A1-90	3	1	1	4	3	4	3	1	4	2	0	3	4	3	1	3	4	2	2	4	1	1	1	3	2	2	4	3	2	3	3	1	2	3	1	1	3	3	3	4	2	2	2	1	2	2	4	1	3	3	4	2	1	1	1	4	1	3	1	3	3	3	2	3	1	2	2	4	3	4	1	2	4	4	4	3	4	3	1	4	3	4	1	2	4	2	3	4	4	2	2	1	1	4	3	3	1	3	3	1	3	3	2	2	3	1	4	3	1	2	1	4	3	1	3
TOU-A1-91	TOU-A1-91	3	1	1	4	3	4	3	1	4	2	2	3	4	3	1	3	4	2	2	4	1	1	1	3	2	2	4	3	2	3	3	1	2	3	1	1	3	3	3	4	2	2	2	1	2	2	4	0	3	3	4	2	1	1	1	4	1	3	1	3	3	3	2	3	1	2	2	4	3	4	1	2	4	4	4	3	4	3	1	4	3	4	1	2	4	2	3	4	4	2	2	1	1	4	3	3	1	3	3	1	3	3	2	2	3	1	4	3	1	2	1	4	3	1	3
TOU-A1-93	TOU-A1-93	3	1	1	4	3	4	3	1	4	2	2	3	4	3	1	3	4	2	2	4	1	1	1	3	2	2	4	3	2	3	3	1	2	3	1	1	3	3	3	4	2	0	2	1	2	2	4	0	3	3	4	2	1	1	1	4	1	3	1	3	3	3	2	3	1	2	2	4	3	4	1	2	4	4	4	3	4	3	1	4	3	4	1	2	4	2	3	4	4	2	2	1	1	4	3	3	1	3	3	1	3	3	2	2	3	1	4	3	1	2	1	4	3	1	3
TOU-A1-96	TOU-A1-96	1	1	3	3	3	2	1	4	4	0	2	3	4	3	1	2	4	2	2	4	3	2	1	4	2	2	4	3	4	3	1	3	2	1	1	1	1	3	3	2	4	2	4	1	2	2	4	0	1	3	1	2	1	1	1	4	4	3	3	3	1	3	2	3	1	2	2	2	4	3	3	4	2	4	4	1	2	3	1	2	3	1	1	2	1	2	1	2	4	2	2	1	1	4	3	4	1	3	3	1	3	3	2	2	3	1	4	3	1	2	1	4	3	1	1
TOU-A1-98	TOU-A1-98	1	1	3	3	1	2	1	1	4	3	2	3	4	3	1	2	4	2	2	4	3	2	1	4	2	2	4	3	4	3	1	3	2	1	1	1	1	3	3	2	4	2	4	1	2	2	4	1	1	3	1	2	1	1	1	4	4	3	3	3	1	3	2	3	1	2	2	2	4	3	3	4	2	4	4	1	2	3	1	2	3	1	1	2	1	2	1	2	0	2	2	1	1	4	3	4	1	3	3	1	3	3	2	2	3	1	4	3	1	2	1	4	0	1	1
TOU-C-1	TOU-C-1	1	1	3	4	1	4	1	1	4	2	0	3	4	3	1	2	4	2	2	4	1	2	1	3	2	4	1	3	2	3	3	1	2	3	1	1	1	3	3	2	4	1	2	1	2	2	3	0	6	1	1	2	1	4	1	4	4	1	3	3	3	1	2	1	1	2	2	4	3	4	3	4	4	1	2	1	4	3	1	4	2	1	2	2	4	2	1	4	4	2	2	1	1	3	3	4	1	3	1	3	2	3	1	2	3	1	3	3	1	2	3	2	1	1	3
TOU-C-2	TOU-C-2	1	1	3	4	1	4	1	1	4	2	2	3	4	0	1	0	4	2	2	4	1	2	1	3	2	4	1	3	2	3	3	1	2	3	1	1	1	3	3	2	4	1	2	1	2	2	0	0	3	3	1	2	1	4	1	4	0	1	3	3	3	1	2	1	1	2	2	4	3	4	3	4	4	1	2	1	4	3	1	4	2	1	2	2	4	2	1	4	4	0	0	1	1	3	3	4	1	3	1	3	2	3	1	2	3	1	3	3	1	2	3	2	1	1	3
TOU-C-3	TOU-C-3	1	1	3	3	3	4	3	1	2	2	4	3	4	4	1	3	2	2	4	4	1	1	3	4	2	4	1	3	4	2	3	1	2	3	1	3	3	1	3	2	4	2	4	1	2	2	3	0	1	3	1	2	1	4	1	4	1	1	1	3	1	1	2	3	1	1	0	4	3	3	1	4	2	4	2	3	4	3	1	4	2	4	1	2	4	1	1	2	3	2	2	1	1	3	3	4	1	1	3	1	3	3	2	2	3	3	3	3	3	2	1	2	1	1	1
TOU-D-1	TOU-D-1	1	1	3	3	1	4	1	1	2	0	0	3	4	3	5	8	4	2	4	4	6	1	1	10	4	4	4	3	4	2	1	3	4	3	6	1	1	3	3	4	2	2	4	1	0	4	3	1	1	3	1	4	1	4	1	4	4	1	1	4	3	1	2	1	1	2	2	4	3	10	6	9	2	4	9	1	9	3	3	4	3	4	1	2	4	2	1	2	4	2	4	1	1	10	6	4	1	1	1	3	3	3	1	2	3	3	3	3	3	2	1	2	1	1	1
TOU-D-5	TOU-D-5	1	1	3	3	3	2	1	1	4	3	2	3	1	4	5	8	2	2	4	4	3	2	1	4	2	4	1	3	4	2	1	3	2	6	6	1	3	3	3	2	4	1	4	1	2	2	3	0	3	3	1	2	1	1	1	4	1	1	1	3	3	3	4	3	1	2	5	4	4	4	1	4	2	1	2	1	4	4	1	2	2	1	1	2	4	2	1	4	3	2	2	1	1	10	3	3	1	3	3	1	3	3	2	2	3	1	3	3	1	2	1	2	1	1	1
TOU-D-9	TOU-D-9	3	2	1	3	1	2	1	4	4	2	2	1	4	3	1	2	4	2	4	4	1	0	1	4	2	4	1	3	2	2	3	1	4	1	1	1	1	3	3	2	4	1	4	1	4	4	4	1	1	3	1	2	1	4	1	4	1	1	3	3	1	1	4	1	1	2	2	4	4	4	3	2	4	4	4	3	4	4	3	4	2	1	2	2	4	1	1	4	4	2	2	1	1	3	3	4	3	1	3	1	2	3	2	2	3	1	4	3	1	2	1	2	1	1	3
TOU-E-11	TOU-E-11	3	1	1	4	3	2	1	1	2	2	2	1	4	3	1	2	4	2	2	4	1	1	3	3	2	2	1	3	2	2	3	1	2	1	1	1	1	3	3	2	4	1	2	1	2	4	3	1	1	3	1	2	1	1	1	2	1	3	3	4	3	1	2	3	1	2	2	4	3	4	3	2	2	4	2	1	4	3	1	4	2	1	1	0	4	2	1	2	3	4	2	3	1	4	3	4	3	3	1	1	2	3	2	2	1	3	3	3	1	2	3	2	1	1	1
TOU-E-2	TOU-E-2	6	5	3	3	1	9	1	1	9	2	2	6	7	3	5	8	4	2	9	4	1	1	6	4	9	4	1	3	2	8	1	1	2	6	6	6	1	3	3	9	9	5	9	1	9	9	3	1	1	3	1	2	1	7	1	9	1	1	0	3	6	3	2	1	1	1	2	4	10	4	6	9	2	4	4	1	4	3	6	4	8	1	2	2	7	5	1	2	4	2	2	1	1	3	6	10	6	6	6	3	3	0	5	2	1	1	3	3	1	2	1	9	1	1	3
TOU-E-7	TOU-E-7	1	1	1	3	1	2	1	1	4	0	2	3	4	3	1	2	2	2	4	4	1	1	1	4	9	2	1	3	2	3	6	6	9	6	6	1	6	3	3	4	2	2	4	1	2	4	10	0	3	3	1	2	1	4	1	4	1	3	1	3	3	1	2	1	1	1	2	4	3	4	3	2	2	4	4	1	4	3	3	4	3	4	2	2	4	2	1	2	3	2	2	3	1	3	3	3	1	1	1	3	3	1	1	2	1	1	3	2	1	2	3	4	3	1	1
TOU-F-1	TOU-F-1	3	2	3	3	3	4	1	1	2	0	4	1	1	3	1	2	2	2	2	4	1	2	3	4	4	2	1	3	2	3	3	1	4	3	1	1	3	3	4	4	4	1	2	2	2	4	3	1	1	3	1	2	1	1	1	4	4	3	3	3	1	3	2	1	1	2	1	2	3	3	1	4	2	4	2	1	4	3	3	4	3	4	2	4	4	1	1	2	4	2	2	3	3	4	1	3	3	3	1	1	2	1	1	2	3	1	3	3	1	2	1	2	1	1	1
TOU-G-1	TOU-G-1	1	1	3	3	1	2	1	1	4	2	2	1	4	3	2	3	4	2	2	4	1	2	1	3	2	4	1	3	4	3	1	1	2	3	1	1	3	1	3	2	4	2	4	2	2	4	3	1	3	3	1	2	1	4	1	2	4	1	1	3	3	3	4	3	1	2	1	2	3	3	1	4	2	4	4	1	4	3	1	4	3	1	1	2	4	1	1	2	3	2	4	1	1	4	3	3	1	1	1	3	3	3	1	2	3	1	3	3	1	2	1	2	3	1	3
TOU-H-10	TOU-H-10	3	1	3	3	1	2	1	1	4	8	2	3	4	3	1	3	4	2	2	4	1	1	3	4	4	4	4	3	4	2	3	1	4	3	6	1	3	3	3	4	2	2	2	1	2	4	3	0	1	3	4	2	1	1	1	2	1	1	1	4	1	3	2	1	1	2	2	4	3	3	1	4	4	1	4	1	2	3	6	4	2	1	2	2	1	2	1	2	3	2	2	3	1	4	3	3	1	3	3	1	3	1	1	2	3	1	3	3	1	2	1	2	1	1	3
TOU-H-12	TOU-H-12	3	1	3	4	1	4	1	4	4	0	2	1	1	4	2	3	4	4	2	4	1	1	1	3	4	4	1	3	2	2	1	1	2	3	3	1	3	1	3	2	4	2	4	2	2	2	3	0	3	3	1	2	1	1	1	4	4	1	1	4	1	1	2	1	1	2	1	4	3	3	3	2	2	4	2	3	4	3	1	2	3	1	1	2	4	2	1	2	4	2	4	1	1	3	1	4	1	1	1	3	2	1	1	2	3	3	4	3	1	2	1	2	1	1	1
TOU-H-3	TOU-H-3	1	1	3	4	1	2	1	4	4	2	2	3	4	3	1	2	4	2	2	4	3	1	1	4	4	4	4	3	4	2	1	3	2	1	1	1	3	1	3	4	2	2	2	1	2	2	3	1	1	3	1	9	1	4	1	4	4	1	1	4	3	1	2	1	1	1	2	4	3	4	1	4	2	4	4	1	4	3	3	4	2	1	2	0	1	1	1	2	0	2	2	1	1	3	3	4	1	3	1	3	3	3	2	2	3	1	3	2	1	2	3	4	3	1	3
TOU-H-8	TOU-H-8	3	2	3	4	3	4	3	1	4	0	0	3	4	3	1	3	4	2	2	4	1	1	0	3	0	4	4	3	2	2	3	3	2	1	1	1	1	3	3	2	4	2	4	1	0	2	3	1	3	3	4	2	1	1	1	4	4	3	3	3	3	1	2	3	1	2	2	4	4	4	3	4	2	4	4	1	4	3	1	4	2	1	2	0	1	1	1	2	4	2	2	1	1	3	1	3	1	1	3	3	3	0	2	2	1	1	4	3	3	2	1	4	1	1	3
TOU-I-1	TOU-I-1	1	2	3	4	3	4	1	1	2	2	2	1	4	3	1	3	2	2	2	4	1	1	1	3	2	2	1	3	2	2	3	3	2	1	1	1	3	3	3	4	4	2	2	0	2	4	4	0	3	3	1	2	1	4	1	4	4	1	1	4	1	1	2	3	3	2	2	4	3	4	1	2	4	1	4	1	2	3	1	4	2	1	2	2	4	2	1	2	4	2	2	1	1	4	3	4	3	3	1	1	3	3	1	2	3	1	3	3	1	2	1	2	1	1	3
TOU-I-17	TOU-I-17	3	2	3	3	3	4	1	4	4	2	0	1	4	3	1	3	4	4	4	4	1	1	3	4	2	4	1	3	2	3	3	3	4	1	1	3	3	3	3	4	4	1	2	2	2	4	3	1	3	3	1	2	1	1	1	2	4	3	1	3	1	1	2	1	1	2	1	2	4	3	3	2	2	4	4	3	4	3	1	4	3	4	1	2	4	2	3	2	4	2	2	1	1	4	1	3	1	3	3	3	3	3	2	2	3	1	3	3	3	2	1	2	1	1	3
TOU-I-2	TOU-I-2	1	1	1	4	3	4	3	4	2	2	2	3	4	3	2	3	4	4	2	4	1	2	3	4	2	4	4	3	2	2	3	3	2	1	1	1	3	3	3	4	4	1	2	1	2	4	3	1	3	3	1	2	5	1	1	4	1	1	3	4	1	3	2	3	1	2	2	4	10	4	3	2	2	4	2	1	2	3	1	4	2	1	1	2	4	1	1	2	3	2	4	1	1	4	3	4	1	3	1	3	3	3	2	2	3	1	4	3	1	2	1	2	3	1	3
TOU-I-6	TOU-I-6	1	1	3	4	3	2	1	4	4	2	2	1	4	4	2	3	2	2	2	4	1	1	1	3	2	4	1	3	2	3	3	1	4	3	1	1	3	3	3	4	2	2	2	2	2	2	4	1	3	3	0	2	1	1	1	2	4	1	1	4	3	1	2	3	3	2	2	4	3	4	1	2	4	1	4	1	2	3	1	4	3	1	2	2	4	2	6	9	3	2	4	1	1	4	1	3	3	3	1	3	3	1	2	2	3	1	3	2	3	2	1	2	1	1	3
TOU-J-18	TOU-J-18	3	1	3	3	1	4	1	4	4	2	2	3	4	3	1	3	2	2	2	4	3	1	1	4	4	4	4	3	4	2	1	3	2	1	1	1	3	1	3	2	4	1	2	1	2	2	3	1	1	1	1	2	1	4	1	4	4	1	1	4	3	3	2	1	3	2	2	2	3	4	3	2	2	4	4	1	4	3	3	4	3	4	2	2	4	2	3	2	4	2	2	1	1	3	3	4	1	3	1	3	3	3	2	2	3	1	3	3	1	2	3	4	3	1	3
TOU-J-3	TOU-J-3	3	1	3	3	1	4	1	4	4	2	2	3	4	3	1	3	2	2	2	4	3	1	1	4	4	4	4	3	4	2	1	3	2	1	1	1	3	1	3	2	4	1	2	1	2	2	3	0	1	1	1	2	1	4	1	4	4	1	1	4	3	3	2	1	3	2	2	2	3	4	3	2	2	4	4	1	4	3	3	4	3	4	2	2	4	2	3	2	4	2	2	1	1	3	3	4	1	3	1	3	3	3	2	2	3	1	3	3	1	2	3	4	3	1	3
TOU-K-1	TOU-K-1	3	1	1	4	3	4	1	4	4	0	2	1	4	3	1	2	4	2	2	4	3	2	1	3	4	4	1	3	4	3	1	1	2	3	1	1	3	3	3	2	4	2	4	2	2	2	3	1	1	1	1	2	1	1	1	2	4	3	3	4	3	1	2	1	1	2	2	4	4	4	1	2	4	4	2	3	4	3	3	4	2	1	2	2	4	2	1	2	0	2	4	1	1	3	3	3	1	3	1	3	3	3	1	2	3	3	3	2	3	2	3	4	3	4	3
TOU-K-2	TOU-K-2	3	2	3	3	3	2	1	4	4	0	0	3	4	3	1	2	4	2	4	4	1	1	1	4	2	2	1	3	4	3	3	3	2	3	1	1	3	1	3	4	2	2	2	1	2	2	3	0	3	3	1	2	1	1	1	4	4	1	1	3	1	1	2	3	1	2	2	4	3	3	1	4	4	4	2	3	4	3	1	4	2	1	2	2	4	2	1	2	4	4	4	3	1	3	3	3	3	3	3	1	3	3	2	2	3	1	3	2	1	2	3	4	3	1	1
TOU-K-3	TOU-K-3	1	1	3	3	3	2	3	1	4	2	0	3	4	3	1	3	4	4	2	4	1	1	1	3	0	4	1	3	4	2	3	1	2	1	1	3	1	3	3	2	4	2	2	2	2	2	3	0	1	3	1	2	1	1	1	4	4	3	3	3	3	1	2	3	3	2	2	4	3	4	1	4	4	4	2	3	4	3	1	4	3	1	1	2	4	2	1	4	3	2	2	1	3	4	1	3	3	3	3	3	3	3	2	2	3	1	3	3	1	2	3	2	1	1	3
TOU-L-10	TOU-L-10	6	5	1	10	3	9	1	1	4	2	2	1	4	3	1	3	2	2	2	4	6	1	1	10	2	9	7	3	2	8	6	1	2	6	1	6	1	3	3	4	2	0	9	1	2	2	4	1	3	3	1	2	1	1	1	4	4	3	3	3	3	3	2	6	1	2	1	4	4	4	3	4	2	7	4	6	9	3	6	4	8	1	2	9	7	2	1	2	4	2	2	1	3	4	3	4	1	3	1	3	8	3	5	2	3	6	3	0	1	2	1	2	1	1	3
TOU-L-17	TOU-L-17	3	1	1	4	3	2	1	4	4	0	2	1	1	3	2	2	4	2	2	4	1	1	1	10	4	4	1	3	0	2	3	3	4	1	3	1	3	3	3	4	4	1	2	2	4	4	3	1	3	3	1	2	1	4	1	2	4	1	3	3	3	3	4	1	6	2	2	4	3	4	3	2	2	4	2	3	4	3	1	9	8	1	1	0	4	1	1	2	4	2	4	1	3	4	1	4	3	3	1	6	3	1	1	2	3	3	4	3	1	2	3	2	1	4	1
TOU-L-5	TOU-L-5	3	1	1	4	3	4	3	1	2	3	0	3	4	3	2	3	4	9	9	4	1	1	1	3	2	4	1	3	4	2	3	3	4	1	3	1	3	1	3	2	2	2	2	1	2	2	4	1	3	3	1	2	1	1	1	4	1	1	3	3	3	3	4	1	1	2	2	4	3	4	1	4	4	1	4	1	2	3	1	2	3	4	1	4	4	2	1	2	0	2	4	3	1	4	3	4	1	1	1	1	2	1	2	2	3	1	3	3	1	2	1	2	1	1	3
