2 2 2 2 2 2 2 2 2 2
 2 2 2 2 2 2 2 0 0 0
 0 0 0 0 0 0 0 0 0 0
 0 0 0 0 0 0 0 0 0 0
 0 0 0 0 0 0 0 0 0 0
 0 2 2 2 2 2 2 2 0 0
 0 0 0 0 0 0 0 0 0 0
 2 2 2 2 2 2 2 2 2 2
 2 2 2 2 2 2 2 2 2 2
 2 2 2 2 2 2 2 2 2 2
 2 2 2 2 2 0 0 0 0 0
 0 0 0 0 0 0 0 0 0 0
 2 2 2 2 2 2 2 2 2 2
 2 2 0 0 0 0 0 2 2 2
 2 2 2 2 2 2 2 2 2 2
 0 0 0 0 0 0 0 0 0 0
 0 0 0 0 0 0 0 0 0 2
 0 2 2 2 2 2 2 2 2 2
 2 2 2 2 2 2 2 2 2 2
 0 0 2 2 2 2 2 2 2 2
 2 2 2 2 2 2 2 2 2 2
 2 0 0 0 0 0 2 2 2 2
 0 2 2 0 0 2 0 0 0 2
 0 0 0 0 0 0 0 0 0 0
 0 0 2 2 2 2 0 0 0 0
 2 2 2 2 2 2 2 0 0 0
 2 2 0 0 0 0 0 0 2 2
 2 2 2 2 2 2 2 0 0 0
 2 2 2 2 2 2 2 2 2 2
 2 2 2 2 2 2 2 2 2 2
 2 2 2 2 2 0 2 2 2 2
 2 2 2 2 0 0 0 0 0 0
 0 0 0 0 0 2 2 2 2 2
 0 0 0 0 0 0 0 0 0 0
 0 0 0 0 0 0 2 2 2 2
 0 0 0 0 0 0 0 0 0 0
 2 2 2 0 0 0 0 0 0 0
 0 0 0 0 0 0 0 0 2 0
 0 0 0 0 0 0 0 0 0 0
 2 2 2 2 2 2 2 2 2 2
 2 2 2 2 2 2 2 2 2 2
 0 0 0 0 0 2 2 2 2 2
 2 0 0 0 0 0 0 0 0 0
 0 0 0 0 0 0 0 0 0 0
 0 0 0 0 0 0 0 0 0 0
 0 0 0 2 0 0 0 0 0 0
 0 0 0 0 0 0 0 0 0 0
 0 2 2 2 2 2 2 2 2 2
 0 0 0 0 0 0 0 0 0 0
 0 0 0 0 0 0 0 0 0 0
 0 0 0 0 0 0 0 0 0 0
 0 2 2 0 0 0 0 0 0 0
 0 0 0 0 0 0 2 2 2 2
 0 0 0 0 0 0 0 0 0 0
 0 0 0 0 0 0 0 0 0 0
 2 2 2 2 2 0 0 0 0 0
 2 2 0 0 0 2 2 2 2 2
 2 2 0 0 0 0 0 0 0 0
 0 0 0 0 0 2 2 2 2 2
 0 0 0 0 0 0 0 2 2 2
 2 2 2 2 0 0 0 0 0 0
 2 2 2 2 2 2 2 2 2 2
 0 0 2 0 0 2 2 2 2 2
 2 2 2 2 2 0 0 2 2 2
 0 0 0 0 0 0 0 0 0 0
 0 0 0 0 0 0 2 2 2 2
 2 2 2 2 2 2 2 2 2 2
 2 2 2 2 2 2 2 2 2 2
 0 0 2 2 2 2 2 2 2 2
 2 2 2 0 0 0 0 0 0 0
 0 0 0 0 0 0 0 0 0 0
 2 2 2 2 2 0 0 0 0 2
 0 0 0 0 0 0 2 2 2 2
 2 2 2 2 2 2 2 2 2 2
 0 0 0 0 0 0 0 0 0 0
 2 2 2 2 2 2 2 2 2 2
 0 0 0 0 0 0 0 0 0 0
 0 0 0 0 0 0 0 0 0 0
 2 2 2 2 2 0 2 2 0 2
 0 0 0 0 0 0 0 0 0 0
 0 0 0 0 0 0 0 2 2 2
 0 0 0 0 2 2 2 2 2 2
 0 0 0 0 0 0 0 0 0 0
 0 2 2 2 2 2 2 0 0 0
 0 0 0 0 0 0 0 0 0 0
 2 2 2 2 2 2 2 2 2 2
 0 0 0 0 0 2 2 2 2 2
 0 0 0 0 2 0 0 0 0 0
 2 2 2 2 2 2 2 2 2 2
 2 2 2 2 2 2 2 2 2 2
 2 0 0 0 0 0 0 0 0 0
 0 0 0 0 0 0 0 0 0 0
 0 0 0 0 0 2 2 2 2 2
 0 0 2 2 2 2 2 2 2 2
 0 0 0 0 0 0 0 0 2 2
 2 0 0 0 0 0 0 0 0 0
 2 0 0 0 2 2 2 2 2 0
 2 2 2 2 2 2 2 2 2 2
 2 2 2 2 2 2 2 2 2 2
 0 0 0 0 0 0 0 0 0 0
 0 0 0 0 0 0 0 0 0 0
 2 2 2 2 0 0 0 0 2 2
 0 0 0 0 0 0 0 0 0 0
 0 0 0 0 0 2 2 2 2 0
 2 2 2 2 2 2 2 2 2 2
 2 2 2 2 2 2 2 2 2 2
 0 0 0 0 0 0 0 0 0 0
 0 0 0 0 0 0 0 0 0 0
 0 0 0 0 0 2 2 2 2 2
 2 2 2 2 2 2 0 0 0 0
 2 2 2 2 2 2 2 2 2 2
 2 2 2 2 2 0 0 0 0 0
 0 0 0 0 0 0 0 0 0 0
 0 0 0 0 0 0 0 0 0 0
 2 2 2 2 2 2 2 2 2 2
 2 2 0 0 0 0 0 2 2 2
 2 2 2 2 0 0 0 0 0 0
 0 0 0 0 0 0 0 0 0 0
 0 0 0 0 0 2 2 2 2 2
 0 0 0 0 0 0 0 0 0 0
 0 0 0 0 0 0 0 0 0 0
 2 2 2 2 2 2 2 2 0 2
 2 2 2 2 2 2 2 2 2 2
 0 0 0 0 0 0 0 0 0 0
 0 0 2 2 2 2 0 0 0 0
 2 2 2 2 2 2 2 2 2 2
 2 2 0 0 0 0 0 2 0 2
 0 0 2 2 2 2 2 2 2 2
 2 2 2 2 2 2 2 0 0 0
 0 0 0 0 0 0 0 0 0 0
 0 0 0 0 0 2 2 2 2 2
 2 2 2 2 2 2 2 2 2 2
 0 0 0 0 0 0 0 0 0 0
 2 0 0 0 0 0 0 0 0 2
 0 0 2 0 0 2 2 2 2 2
 0 0 2 2 2 2 2 2 2 2
 2 2 2 2 2 2 2 2 0 0
 0 2 0 0 0 0 0 0 0 0
 2 2 2 2 0 0 0 0 0 0
 2 2 2 2 2 2 2 2 2 2
 0 0 0 0 0 0 0 0 0 0
 0 0 0 0 0 0 0 0 0 0
 0 0 0 0 0 0 0 0 0 0
 2 2 2 2 2 2 2 2 2 2
 0 0 0 2 2 2 2 2 2 2
 0 0 0 0 2 2 2 2 2 2
 0 0 2 0 0 0 0 0 0 0
 0 0 0 0 0 0 0 0 0 0
 0 0 0 0 0 0 0 0 0 0
 2 2 2 2 2 2 2 2 2 2
 0 0 0 0 0 0 0 0 0 0
 0 0 0 0 0 2 0 0 0 0
 2 2 2 2 2 2 2 2 2 2
 2 2 2 2 2 2 2 2 2 2
 2 2 2 2 0 0 2 2 0 0
 2 0 0 0 0 2 2 2 2 2
 2 2 2 2 2 2 2 2 2 2
 0 2 2 0 0 0 0 0 0 0
 0 0 0 0 0 0 2 0 0 0
 2 0 0 0 0 0 0 0 0 0
 2 2 2 2 2 2 2 2 2 0
 0 0 0 0 0 0 0 0 0 2
 2 2 2 2 2 2 2 0 0 0
 2 2 2 2 2 2 2 0 0 0
 0 0 0 0 0 0 0 0 2 2
 0 0 0 0 0 0 0 0 0 0
 2 2 2 2 2 2 0 0 0 0
 0 0 0 0 2 2 2 2 2 2
 2 2 2 2 0 0 0 0 0 0
 0 0 0 0 0 0 0 0 0 0
 2 2 2 2 2 2 2 2 2 2
 0 0 0 0 0 0 0 0 0 0
 0 0 0 0 0 0 0 0 0 0
 0 0 0 0 0 0 0 0 0 0
 0 0 0 0 0 0 0 0 0 0
 0 0 0 0 0 0 2 2 2 2
 0 0 0 0 0 0 0 2 2 2
 0 0 0 0 0 2 2 2 0 0
 0 0 0 0 0 0 0 0 0 0
 2 2 2 2 2 2 2 2 2 2
 2 2 2 0 0 0 0 0 0 0
 0 0 0 0 0 2 2 2 2 2
 2 0 0 0 0 0 0 0 0 0
 0 0 0 0 0 0 0 0 0 0
 0 0 0 0 0 0 0 0 0 0
 0 0 0 0 0 0 0 0 0 0
 0 0 0 0 0 0 0 0 0 0
 2 2 2 2 2 2 2 2 2 2
 2 0 0 0 0 0 0 0 0 0
 0 2 2 2 2 2 2 2 2 2
 2 2 0 0 0 0 0 0 0 0
 2 2 2 2 2 2 2 2 2 2
 0 0 0 0 2 2 2 2 2 2
 2 2 2 2 2 2 2 2 0 0
 2 2 2 2 2 2 2 2 2 2
 2 2 2 2 2 2 2 2 2 2
 0 0 0 0 0 0 0 0 0 0
 0 2 2 2 2 2 2 2 2 2
 2 2 2 0 0 0 0 0 0 0
 2 2 2 2 2 2 2 2 2 2


0.1 0.1 0.1 0.7
0.1 0.1 0.1 0.7
0.26 0.25 0.25 0.24
0.1 0.1 0.1 0.7
0.1 0.1 0.1 0.7
0.7 0.1 0.1 0.1
0.7 0.1 0.1 0.1
0.7 0.1 0.1 0.1
0.7 0.1 0.1 0.1
0.7 0.1 0.1 0.1

0.1 0.2 0.3 0.4 0.5 0.6 0.7 0.8 0.9 0.95
